Run on a MSNT machine on 12/05/22 22:28:57.
Optimal solution found within time limit:,Yes

interval length (hours),         1.00
operating period length (hours),      8760.00
additional look-ahead (hours),         0.00
output capacity (MW),         0.00
input capacity (MW),      1000.00
storage capacity (MWh),         0.00
storage capacity (h),         0.00
input efficiency (%),         0.61
output efficiency (%),         1.00
input heat rate (MMBtu/MWh),         0.00
ouptut heat rate (MMBtu/MWh),         0.00
variable O&M cost,         0.00
regulation cost,         0.00
hydrogen use,         1.00

input
LSL limit fraction,         0.00
reg up limit fraction,         0.00
reg down limit fraction,         0.00
spining reserve limit fraction,         0.00
startup cost ($/MW-start), 0.0000000000
minimum run intervals,         0.00

output
LSL limit fraction,         0.00
reg up limit fraction,         0.00
reg down limit fraction,         0.00
spining reserve limit fraction,         0.00
startup cost ($/MW-start), 0.0000000000
minimum run intervals,         0.00

Int,Elec Purchase ($/MWh),Elec Sale ($/MWh),Reg Up ($/MW),Reg Dn ($/MW),Spin Res ($/MW),Nonspin Res ($/MW),Nat Gas ($/MMBTU),Product ($/product unit),Renewable In (MW),Load Profile (MW),Input Cap, Output Cap,Meter ($/mth)
        1.00,       64.52,       36.42,        0.00,        0.00,        0.00,        0.00,        1.00,        4.25,        0.00,        0.00,        1.00,        1.00,        0.00
        2.00,       64.52,       34.12,        0.00,        0.00,        0.00,        0.00,        1.00,        4.25,        0.00,        0.00,        1.00,        1.00,        0.00
        3.00,       64.52,       32.83,        0.00,        0.00,        0.00,        0.00,        1.00,        4.25,        0.00,        0.00,        1.00,        1.00,        0.00
        4.00,       64.52,       31.19,        0.00,        0.00,        0.00,        0.00,        1.00,        4.25,        0.00,        0.00,        1.00,        1.00,        0.00
        5.00,       64.52,       33.12,        0.00,        0.00,        0.00,        0.00,        1.00,        4.25,        0.00,        0.00,        1.00,        1.00,        0.00
        6.00,       64.52,       35.97,        0.00,        0.00,        0.00,        0.00,        1.00,        4.25,        0.00,        0.00,        1.00,        1.00,        0.00
        7.00,       64.52,       37.93,        0.00,        0.00,        0.00,        0.00,        1.00,        4.25,        0.00,        0.00,        1.00,        1.00,        0.00
        8.00,       64.52,       39.31,        0.00,        0.00,        0.00,        0.00,        1.00,        4.25,        0.00,        0.00,        1.00,        1.00,        0.00
        9.00,       64.52,       35.72,        0.00,        0.00,        0.00,        0.00,        1.00,        4.25,        0.00,        0.00,        1.00,        1.00,        0.00
       10.00,       64.52,       30.69,        0.00,        0.00,        0.00,        0.00,        1.00,        4.25,        0.00,        0.00,        1.00,        1.00,        0.00
       11.00,       64.52,       28.08,        0.00,        0.00,        0.00,        0.00,        1.00,        4.25,        0.00,        0.00,        1.00,        1.00,        0.00
       12.00,       64.52,       26.55,        0.00,        0.00,        0.00,        0.00,        1.00,        4.25,        0.00,        0.00,        1.00,        1.00,        0.00
       13.00,       64.52,       25.05,        0.00,        0.00,        0.00,        0.00,        1.00,        4.25,        0.00,        0.00,        1.00,        1.00,        0.00
       14.00,       64.52,       24.52,        0.00,        0.00,        0.00,        0.00,        1.00,        4.25,        0.00,        0.00,        1.00,        1.00,        0.00
       15.00,       64.52,       26.00,        0.00,        0.00,        0.00,        0.00,        1.00,        4.25,        0.00,        0.00,        1.00,        1.00,        0.00
       16.00,       64.52,       31.26,        0.00,        0.00,        0.00,        0.00,        1.00,        4.25,        0.00,        0.00,        1.00,        1.00,        0.00
       17.00,       64.52,       45.37,        0.00,        0.00,        0.00,        0.00,        1.00,        4.25,        0.00,        0.00,        1.00,        1.00,        0.00
       18.00,       64.52,       50.93,        0.00,        0.00,        0.00,        0.00,        1.00,        4.25,        0.00,        0.00,        1.00,        1.00,        0.00
       19.00,       64.52,       59.46,        0.00,        0.00,        0.00,        0.00,        1.00,        4.25,        0.00,        0.00,        1.00,        1.00,        0.00
       20.00,       64.52,       52.32,        0.00,        0.00,        0.00,        0.00,        1.00,        4.25,        0.00,        0.00,        1.00,        1.00,        0.00
       21.00,       64.52,       52.78,        0.00,        0.00,        0.00,        0.00,        1.00,        4.25,        0.00,        0.00,        1.00,        1.00,        0.00
       22.00,       64.52,       48.01,        0.00,        0.00,        0.00,        0.00,        1.00,        4.25,        0.00,        0.00,        1.00,        1.00,        0.00
       23.00,       64.52,       45.68,        0.00,        0.00,        0.00,        0.00,        1.00,        4.25,        0.00,        0.00,        1.00,        1.00,        0.00
       24.00,       64.52,       37.83,        0.00,        0.00,        0.00,        0.00,        1.00,        4.25,        0.00,        0.00,        1.00,        1.00,        0.00
       25.00,       64.52,       36.81,        0.00,        0.00,        0.00,        0.00,        1.00,        4.25,        0.00,        0.00,        1.00,        1.00,        0.00
       26.00,       64.52,       34.16,        0.00,        0.00,        0.00,        0.00,        1.00,        4.25,        0.00,        0.00,        1.00,        1.00,        0.00
       27.00,       64.52,       34.12,        0.00,        0.00,        0.00,        0.00,        1.00,        4.25,        0.00,        0.00,        1.00,        1.00,        0.00
       28.00,       64.52,       32.49,        0.00,        0.00,        0.00,        0.00,        1.00,        4.25,        0.00,        0.00,        1.00,        1.00,        0.00
       29.00,       64.52,       34.71,        0.00,        0.00,        0.00,        0.00,        1.00,        4.25,        0.00,        0.00,        1.00,        1.00,        0.00
       30.00,       64.52,       42.78,        0.00,        0.00,        0.00,        0.00,        1.00,        4.25,        0.00,        0.00,        1.00,        1.00,        0.00
       31.00,       64.52,       38.60,        0.00,        0.00,        0.00,        0.00,        1.00,        4.25,        0.00,        0.00,        1.00,        1.00,        0.00
       32.00,       64.52,       41.42,        0.00,        0.00,        0.00,        0.00,        1.00,        4.25,        0.00,        0.00,        1.00,        1.00,        0.00
       33.00,       64.52,       37.44,        0.00,        0.00,        0.00,        0.00,        1.00,        4.25,        0.00,        0.00,        1.00,        1.00,        0.00
       34.00,       64.52,       32.59,        0.00,        0.00,        0.00,        0.00,        1.00,        4.25,        0.00,        0.00,        1.00,        1.00,        0.00
       35.00,       64.52,       31.04,        0.00,        0.00,        0.00,        0.00,        1.00,        4.25,        0.00,        0.00,        1.00,        1.00,        0.00
       36.00,       64.52,       28.42,        0.00,        0.00,        0.00,        0.00,        1.00,        4.25,        0.00,        0.00,        1.00,        1.00,        0.00
       37.00,       64.52,       27.21,        0.00,        0.00,        0.00,        0.00,        1.00,        4.25,        0.00,        0.00,        1.00,        1.00,        0.00
       38.00,       64.52,       26.13,        0.00,        0.00,        0.00,        0.00,        1.00,        4.25,        0.00,        0.00,        1.00,        1.00,        0.00
       39.00,       64.52,       27.60,        0.00,        0.00,        0.00,        0.00,        1.00,        4.25,        0.00,        0.00,        1.00,        1.00,        0.00
       40.00,       64.52,       31.54,        0.00,        0.00,        0.00,        0.00,        1.00,        4.25,        0.00,        0.00,        1.00,        1.00,        0.00
       41.00,       64.52,       45.82,        0.00,        0.00,        0.00,        0.00,        1.00,        4.25,        0.00,        0.00,        1.00,        1.00,        0.00
       42.00,       64.52,       53.79,        0.00,        0.00,        0.00,        0.00,        1.00,        4.25,        0.00,        0.00,        1.00,        1.00,        0.00
       43.00,       64.52,       53.45,        0.00,        0.00,        0.00,        0.00,        1.00,        4.25,        0.00,        0.00,        1.00,        1.00,        0.00
       44.00,       64.52,       48.03,        0.00,        0.00,        0.00,        0.00,        1.00,        4.25,        0.00,        0.00,        1.00,        1.00,        0.00
       45.00,       64.52,       45.73,        0.00,        0.00,        0.00,        0.00,        1.00,        4.25,        0.00,        0.00,        1.00,        1.00,        0.00
       46.00,       64.52,       43.08,        0.00,        0.00,        0.00,        0.00,        1.00,        4.25,        0.00,        0.00,        1.00,        1.00,        0.00
       47.00,       64.52,       45.85,        0.00,        0.00,        0.00,        0.00,        1.00,        4.25,        0.00,        0.00,        1.00,        1.00,        0.00
       48.00,       64.52,       36.54,        0.00,        0.00,        0.00,        0.00,        1.00,        4.25,        0.00,        0.00,        1.00,        1.00,        0.00
       49.00,       64.52,       34.39,        0.00,        0.00,        0.00,        0.00,        1.00,        4.25,        0.00,        0.00,        1.00,        1.00,        0.00
       50.00,       64.52,       32.04,        0.00,        0.00,        0.00,        0.00,        1.00,        4.25,        0.00,        0.00,        1.00,        1.00,        0.00
       51.00,       64.52,       31.70,        0.00,        0.00,        0.00,        0.00,        1.00,        4.25,        0.00,        0.00,        1.00,        1.00,        0.00
       52.00,       64.52,       30.91,        0.00,        0.00,        0.00,        0.00,        1.00,        4.25,        0.00,        0.00,        1.00,        1.00,        0.00
       53.00,       64.52,       31.82,        0.00,        0.00,        0.00,        0.00,        1.00,        4.25,        0.00,        0.00,        1.00,        1.00,        0.00
       54.00,       64.52,       35.17,        0.00,        0.00,        0.00,        0.00,        1.00,        4.25,        0.00,        0.00,        1.00,        1.00,        0.00
       55.00,       64.52,       32.34,        0.00,        0.00,        0.00,        0.00,        1.00,        4.25,        0.00,        0.00,        1.00,        1.00,        0.00
       56.00,       64.52,       32.97,        0.00,        0.00,        0.00,        0.00,        1.00,        4.25,        0.00,        0.00,        1.00,        1.00,        0.00
       57.00,       64.52,       32.90,        0.00,        0.00,        0.00,        0.00,        1.00,        4.25,        0.00,        0.00,        1.00,        1.00,        0.00
       58.00,       64.52,       30.01,        0.00,        0.00,        0.00,        0.00,        1.00,        4.25,        0.00,        0.00,        1.00,        1.00,        0.00
       59.00,       64.52,       28.69,        0.00,        0.00,        0.00,        0.00,        1.00,        4.25,        0.00,        0.00,        1.00,        1.00,        0.00
       60.00,       64.52,       27.84,        0.00,        0.00,        0.00,        0.00,        1.00,        4.25,        0.00,        0.00,        1.00,        1.00,        0.00
       61.00,       64.52,       26.89,        0.00,        0.00,        0.00,        0.00,        1.00,        4.25,        0.00,        0.00,        1.00,        1.00,        0.00
       62.00,       64.52,       24.77,        0.00,        0.00,        0.00,        0.00,        1.00,        4.25,        0.00,        0.00,        1.00,        1.00,        0.00
       63.00,       64.52,       26.21,        0.00,        0.00,        0.00,        0.00,        1.00,        4.25,        0.00,        0.00,        1.00,        1.00,        0.00
       64.00,       64.52,       29.52,        0.00,        0.00,        0.00,        0.00,        1.00,        4.25,        0.00,        0.00,        1.00,        1.00,        0.00
       65.00,       64.52,       42.73,        0.00,        0.00,        0.00,        0.00,        1.00,        4.25,        0.00,        0.00,        1.00,        1.00,        0.00
       66.00,       64.52,       51.69,        0.00,        0.00,        0.00,        0.00,        1.00,        4.25,        0.00,        0.00,        1.00,        1.00,        0.00
       67.00,       64.52,       52.70,        0.00,        0.00,        0.00,        0.00,        1.00,        4.25,        0.00,        0.00,        1.00,        1.00,        0.00
       68.00,       64.52,       47.72,        0.00,        0.00,        0.00,        0.00,        1.00,        4.25,        0.00,        0.00,        1.00,        1.00,        0.00
       69.00,       64.52,       48.13,        0.00,        0.00,        0.00,        0.00,        1.00,        4.25,        0.00,        0.00,        1.00,        1.00,        0.00
       70.00,       64.52,       43.04,        0.00,        0.00,        0.00,        0.00,        1.00,        4.25,        0.00,        0.00,        1.00,        1.00,        0.00
       71.00,       64.52,       39.93,        0.00,        0.00,        0.00,        0.00,        1.00,        4.25,        0.00,        0.00,        1.00,        1.00,        0.00
       72.00,       64.52,       34.14,        0.00,        0.00,        0.00,        0.00,        1.00,        4.25,        0.00,        0.00,        1.00,        1.00,        0.00
       73.00,       64.52,       32.86,        0.00,        0.00,        0.00,        0.00,        1.00,        4.25,        0.00,        0.00,        1.00,        1.00,        0.00
       74.00,       64.52,       30.67,        0.00,        0.00,        0.00,        0.00,        1.00,        4.25,        0.00,        0.00,        1.00,        1.00,        0.00
       75.00,       64.52,       30.60,        0.00,        0.00,        0.00,        0.00,        1.00,        4.25,        0.00,        0.00,        1.00,        1.00,        0.00
       76.00,       64.52,       30.34,        0.00,        0.00,        0.00,        0.00,        1.00,        4.25,        0.00,        0.00,        1.00,        1.00,        0.00
       77.00,       64.52,       30.84,        0.00,        0.00,        0.00,        0.00,        1.00,        4.25,        0.00,        0.00,        1.00,        1.00,        0.00
       78.00,       64.52,       32.05,        0.00,        0.00,        0.00,        0.00,        1.00,        4.25,        0.00,        0.00,        1.00,        1.00,        0.00
       79.00,       64.52,       31.39,        0.00,        0.00,        0.00,        0.00,        1.00,        4.25,        0.00,        0.00,        1.00,        1.00,        0.00
       80.00,       64.52,       31.82,        0.00,        0.00,        0.00,        0.00,        1.00,        4.25,        0.00,        0.00,        1.00,        1.00,        0.00
       81.00,       64.52,       31.24,        0.00,        0.00,        0.00,        0.00,        1.00,        4.25,        0.00,        0.00,        1.00,        1.00,        0.00
       82.00,       64.52,       29.32,        0.00,        0.00,        0.00,        0.00,        1.00,        4.25,        0.00,        0.00,        1.00,        1.00,        0.00
       83.00,       64.52,       27.79,        0.00,        0.00,        0.00,        0.00,        1.00,        4.25,        0.00,        0.00,        1.00,        1.00,        0.00
       84.00,       64.52,       26.55,        0.00,        0.00,        0.00,        0.00,        1.00,        4.25,        0.00,        0.00,        1.00,        1.00,        0.00
       85.00,       64.52,       25.22,        0.00,        0.00,        0.00,        0.00,        1.00,        4.25,        0.00,        0.00,        1.00,        1.00,        0.00
       86.00,       64.52,       23.44,        0.00,        0.00,        0.00,        0.00,        1.00,        4.25,        0.00,        0.00,        1.00,        1.00,        0.00
       87.00,       64.52,       25.70,        0.00,        0.00,        0.00,        0.00,        1.00,        4.25,        0.00,        0.00,        1.00,        1.00,        0.00
       88.00,       64.52,       28.51,        0.00,        0.00,        0.00,        0.00,        1.00,        4.25,        0.00,        0.00,        1.00,        1.00,        0.00
       89.00,       64.52,       41.13,        0.00,        0.00,        0.00,        0.00,        1.00,        4.25,        0.00,        0.00,        1.00,        1.00,        0.00
       90.00,       64.52,       49.41,        0.00,        0.00,        0.00,        0.00,        1.00,        4.25,        0.00,        0.00,        1.00,        1.00,        0.00
       91.00,       64.52,       50.10,        0.00,        0.00,        0.00,        0.00,        1.00,        4.25,        0.00,        0.00,        1.00,        1.00,        0.00
       92.00,       64.52,       47.42,        0.00,        0.00,        0.00,        0.00,        1.00,        4.25,        0.00,        0.00,        1.00,        1.00,        0.00
       93.00,       64.52,       46.65,        0.00,        0.00,        0.00,        0.00,        1.00,        4.25,        0.00,        0.00,        1.00,        1.00,        0.00
       94.00,       64.52,       43.72,        0.00,        0.00,        0.00,        0.00,        1.00,        4.25,        0.00,        0.00,        1.00,        1.00,        0.00
       95.00,       64.52,       38.41,        0.00,        0.00,        0.00,        0.00,        1.00,        4.25,        0.00,        0.00,        1.00,        1.00,        0.00
       96.00,       64.52,       33.24,        0.00,        0.00,        0.00,        0.00,        1.00,        4.25,        0.00,        0.00,        1.00,        1.00,        0.00
       97.00,       64.52,       31.03,        0.00,        0.00,        0.00,        0.00,        1.00,        4.25,        0.00,        0.00,        1.00,        1.00,        0.00
       98.00,       64.52,       28.21,        0.00,        0.00,        0.00,        0.00,        1.00,        4.25,        0.00,        0.00,        1.00,        1.00,        0.00
       99.00,       64.52,       28.13,        0.00,        0.00,        0.00,        0.00,        1.00,        4.25,        0.00,        0.00,        1.00,        1.00,        0.00
      100.00,       64.52,       27.77,        0.00,        0.00,        0.00,        0.00,        1.00,        4.25,        0.00,        0.00,        1.00,        1.00,        0.00
      101.00,       64.52,       31.10,        0.00,        0.00,        0.00,        0.00,        1.00,        4.25,        0.00,        0.00,        1.00,        1.00,        0.00
      102.00,       64.52,       34.80,        0.00,        0.00,        0.00,        0.00,        1.00,        4.25,        0.00,        0.00,        1.00,        1.00,        0.00
      103.00,       64.52,       46.50,        0.00,        0.00,        0.00,        0.00,        1.00,        4.25,        0.00,        0.00,        1.00,        1.00,        0.00
      104.00,       64.52,       54.38,        0.00,        0.00,        0.00,        0.00,        1.00,        4.25,        0.00,        0.00,        1.00,        1.00,        0.00
      105.00,       64.52,       47.21,        0.00,        0.00,        0.00,        0.00,        1.00,        4.25,        0.00,        0.00,        1.00,        1.00,        0.00
      106.00,       64.52,       38.03,        0.00,        0.00,        0.00,        0.00,        1.00,        4.25,        0.00,        0.00,        1.00,        1.00,        0.00
      107.00,       64.52,       33.49,        0.00,        0.00,        0.00,        0.00,        1.00,        4.25,        0.00,        0.00,        1.00,        1.00,        0.00
      108.00,       64.52,       31.66,        0.00,        0.00,        0.00,        0.00,        1.00,        4.25,        0.00,        0.00,        1.00,        1.00,        0.00
      109.00,       64.52,       30.88,        0.00,        0.00,        0.00,        0.00,        1.00,        4.25,        0.00,        0.00,        1.00,        1.00,        0.00
      110.00,       64.52,       29.66,        0.00,        0.00,        0.00,        0.00,        1.00,        4.25,        0.00,        0.00,        1.00,        1.00,        0.00
      111.00,       64.52,       31.28,        0.00,        0.00,        0.00,        0.00,        1.00,        4.25,        0.00,        0.00,        1.00,        1.00,        0.00
      112.00,       64.52,       33.64,        0.00,        0.00,        0.00,        0.00,        1.00,        4.25,        0.00,        0.00,        1.00,        1.00,        0.00
      113.00,       64.52,       48.86,        0.00,        0.00,        0.00,        0.00,        1.00,        4.25,        0.00,        0.00,        1.00,        1.00,        0.00
      114.00,       64.52,       57.15,        0.00,        0.00,        0.00,        0.00,        1.00,        4.25,        0.00,        0.00,        1.00,        1.00,        0.00
      115.00,       64.52,       59.45,        0.00,        0.00,        0.00,        0.00,        1.00,        4.25,        0.00,        0.00,        1.00,        1.00,        0.00
      116.00,       64.52,       51.73,        0.00,        0.00,        0.00,        0.00,        1.00,        4.25,        0.00,        0.00,        1.00,        1.00,        0.00
      117.00,       64.52,       51.06,        0.00,        0.00,        0.00,        0.00,        1.00,        4.25,        0.00,        0.00,        1.00,        1.00,        0.00
      118.00,       64.52,       47.55,        0.00,        0.00,        0.00,        0.00,        1.00,        4.25,        0.00,        0.00,        1.00,        1.00,        0.00
      119.00,       64.52,       44.21,        0.00,        0.00,        0.00,        0.00,        1.00,        4.25,        0.00,        0.00,        1.00,        1.00,        0.00
      120.00,       64.52,       35.35,        0.00,        0.00,        0.00,        0.00,        1.00,        4.25,        0.00,        0.00,        1.00,        1.00,        0.00
      121.00,       64.52,       30.99,        0.00,        0.00,        0.00,        0.00,        1.00,        4.25,        0.00,        0.00,        1.00,        1.00,        0.00
      122.00,       64.52,       29.37,        0.00,        0.00,        0.00,        0.00,        1.00,        4.25,        0.00,        0.00,        1.00,        1.00,        0.00
      123.00,       64.52,       28.15,        0.00,        0.00,        0.00,        0.00,        1.00,        4.25,        0.00,        0.00,        1.00,        1.00,        0.00
      124.00,       64.52,       28.45,        0.00,        0.00,        0.00,        0.00,        1.00,        4.25,        0.00,        0.00,        1.00,        1.00,        0.00
      125.00,       64.52,       30.83,        0.00,        0.00,        0.00,        0.00,        1.00,        4.25,        0.00,        0.00,        1.00,        1.00,        0.00
      126.00,       64.52,       37.90,        0.00,        0.00,        0.00,        0.00,        1.00,        4.25,        0.00,        0.00,        1.00,        1.00,        0.00
      127.00,       64.52,       43.79,        0.00,        0.00,        0.00,        0.00,        1.00,        4.25,        0.00,        0.00,        1.00,        1.00,        0.00
      128.00,       64.52,       45.58,        0.00,        0.00,        0.00,        0.00,        1.00,        4.25,        0.00,        0.00,        1.00,        1.00,        0.00
      129.00,       64.52,       39.79,        0.00,        0.00,        0.00,        0.00,        1.00,        4.25,        0.00,        0.00,        1.00,        1.00,        0.00
      130.00,       64.52,       32.38,        0.00,        0.00,        0.00,        0.00,        1.00,        4.25,        0.00,        0.00,        1.00,        1.00,        0.00
      131.00,       64.52,       27.03,        0.00,        0.00,        0.00,        0.00,        1.00,        4.25,        0.00,        0.00,        1.00,        1.00,        0.00
      132.00,       64.52,       25.27,        0.00,        0.00,        0.00,        0.00,        1.00,        4.25,        0.00,        0.00,        1.00,        1.00,        0.00
      133.00,       64.52,       30.52,        0.00,        0.00,        0.00,        0.00,        1.00,        4.25,        0.00,        0.00,        1.00,        1.00,        0.00
      134.00,       64.52,       23.72,        0.00,        0.00,        0.00,        0.00,        1.00,        4.25,        0.00,        0.00,        1.00,        1.00,        0.00
      135.00,       64.52,       27.90,        0.00,        0.00,        0.00,        0.00,        1.00,        4.25,        0.00,        0.00,        1.00,        1.00,        0.00
      136.00,       64.52,       33.74,        0.00,        0.00,        0.00,        0.00,        1.00,        4.25,        0.00,        0.00,        1.00,        1.00,        0.00
      137.00,       64.52,       44.56,        0.00,        0.00,        0.00,        0.00,        1.00,        4.25,        0.00,        0.00,        1.00,        1.00,        0.00
      138.00,       64.52,       56.91,        0.00,        0.00,        0.00,        0.00,        1.00,        4.25,        0.00,        0.00,        1.00,        1.00,        0.00
      139.00,       64.52,       55.77,        0.00,        0.00,        0.00,        0.00,        1.00,        4.25,        0.00,        0.00,        1.00,        1.00,        0.00
      140.00,       64.52,       51.18,        0.00,        0.00,        0.00,        0.00,        1.00,        4.25,        0.00,        0.00,        1.00,        1.00,        0.00
      141.00,       64.52,       49.79,        0.00,        0.00,        0.00,        0.00,        1.00,        4.25,        0.00,        0.00,        1.00,        1.00,        0.00
      142.00,       64.52,       43.81,        0.00,        0.00,        0.00,        0.00,        1.00,        4.25,        0.00,        0.00,        1.00,        1.00,        0.00
      143.00,       64.52,       41.62,        0.00,        0.00,        0.00,        0.00,        1.00,        4.25,        0.00,        0.00,        1.00,        1.00,        0.00
      144.00,       64.52,       35.50,        0.00,        0.00,        0.00,        0.00,        1.00,        4.25,        0.00,        0.00,        1.00,        1.00,        0.00
      145.00,       64.52,       27.05,        0.00,        0.00,        0.00,        0.00,        1.00,        4.25,        0.00,        0.00,        1.00,        1.00,        0.00
      146.00,       64.52,       27.00,        0.00,        0.00,        0.00,        0.00,        1.00,        4.25,        0.00,        0.00,        1.00,        1.00,        0.00
      147.00,       64.52,       26.81,        0.00,        0.00,        0.00,        0.00,        1.00,        4.25,        0.00,        0.00,        1.00,        1.00,        0.00
      148.00,       64.52,       26.64,        0.00,        0.00,        0.00,        0.00,        1.00,        4.25,        0.00,        0.00,        1.00,        1.00,        0.00
      149.00,       64.52,       27.98,        0.00,        0.00,        0.00,        0.00,        1.00,        4.25,        0.00,        0.00,        1.00,        1.00,        0.00
      150.00,       64.52,       32.01,        0.00,        0.00,        0.00,        0.00,        1.00,        4.25,        0.00,        0.00,        1.00,        1.00,        0.00
      151.00,       64.52,       39.63,        0.00,        0.00,        0.00,        0.00,        1.00,        4.25,        0.00,        0.00,        1.00,        1.00,        0.00
      152.00,       64.52,       42.85,        0.00,        0.00,        0.00,        0.00,        1.00,        4.25,        0.00,        0.00,        1.00,        1.00,        0.00
      153.00,       64.52,       36.37,        0.00,        0.00,        0.00,        0.00,        1.00,        4.25,        0.00,        0.00,        1.00,        1.00,        0.00
      154.00,       64.52,       27.95,        0.00,        0.00,        0.00,        0.00,        1.00,        4.25,        0.00,        0.00,        1.00,        1.00,        0.00
      155.00,       64.52,       25.09,        0.00,        0.00,        0.00,        0.00,        1.00,        4.25,        0.00,        0.00,        1.00,        1.00,        0.00
      156.00,       64.52,       23.36,        0.00,        0.00,        0.00,        0.00,        1.00,        4.25,        0.00,        0.00,        1.00,        1.00,        0.00
      157.00,       64.52,       22.62,        0.00,        0.00,        0.00,        0.00,        1.00,        4.25,        0.00,        0.00,        1.00,        1.00,        0.00
      158.00,       64.52,       22.73,        0.00,        0.00,        0.00,        0.00,        1.00,        4.25,        0.00,        0.00,        1.00,        1.00,        0.00
      159.00,       64.52,       25.70,        0.00,        0.00,        0.00,        0.00,        1.00,        4.25,        0.00,        0.00,        1.00,        1.00,        0.00
      160.00,       64.52,       29.99,        0.00,        0.00,        0.00,        0.00,        1.00,        4.25,        0.00,        0.00,        1.00,        1.00,        0.00
      161.00,       64.52,       41.18,        0.00,        0.00,        0.00,        0.00,        1.00,        4.25,        0.00,        0.00,        1.00,        1.00,        0.00
      162.00,       64.52,       55.16,        0.00,        0.00,        0.00,        0.00,        1.00,        4.25,        0.00,        0.00,        1.00,        1.00,        0.00
      163.00,       64.52,       49.70,        0.00,        0.00,        0.00,        0.00,        1.00,        4.25,        0.00,        0.00,        1.00,        1.00,        0.00
      164.00,       64.52,       46.39,        0.00,        0.00,        0.00,        0.00,        1.00,        4.25,        0.00,        0.00,        1.00,        1.00,        0.00
      165.00,       64.52,       44.24,        0.00,        0.00,        0.00,        0.00,        1.00,        4.25,        0.00,        0.00,        1.00,        1.00,        0.00
      166.00,       64.52,       40.27,        0.00,        0.00,        0.00,        0.00,        1.00,        4.25,        0.00,        0.00,        1.00,        1.00,        0.00
      167.00,       64.52,       38.32,        0.00,        0.00,        0.00,        0.00,        1.00,        4.25,        0.00,        0.00,        1.00,        1.00,        0.00
      168.00,       64.52,       32.22,        0.00,        0.00,        0.00,        0.00,        1.00,        4.25,        0.00,        0.00,        1.00,        1.00,        0.00
      169.00,       64.52,       28.10,        0.00,        0.00,        0.00,        0.00,        1.00,        4.25,        0.00,        0.00,        1.00,        1.00,        0.00
      170.00,       64.52,       27.68,        0.00,        0.00,        0.00,        0.00,        1.00,        4.25,        0.00,        0.00,        1.00,        1.00,        0.00
      171.00,       64.52,       27.28,        0.00,        0.00,        0.00,        0.00,        1.00,        4.25,        0.00,        0.00,        1.00,        1.00,        0.00
      172.00,       64.52,       26.65,        0.00,        0.00,        0.00,        0.00,        1.00,        4.25,        0.00,        0.00,        1.00,        1.00,        0.00
      173.00,       64.52,       28.10,        0.00,        0.00,        0.00,        0.00,        1.00,        4.25,        0.00,        0.00,        1.00,        1.00,        0.00
      174.00,       64.52,       31.64,        0.00,        0.00,        0.00,        0.00,        1.00,        4.25,        0.00,        0.00,        1.00,        1.00,        0.00
      175.00,       64.52,       38.83,        0.00,        0.00,        0.00,        0.00,        1.00,        4.25,        0.00,        0.00,        1.00,        1.00,        0.00
      176.00,       64.52,       41.26,        0.00,        0.00,        0.00,        0.00,        1.00,        4.25,        0.00,        0.00,        1.00,        1.00,        0.00
      177.00,       64.52,       37.08,        0.00,        0.00,        0.00,        0.00,        1.00,        4.25,        0.00,        0.00,        1.00,        1.00,        0.00
      178.00,       64.52,       29.52,        0.00,        0.00,        0.00,        0.00,        1.00,        4.25,        0.00,        0.00,        1.00,        1.00,        0.00
      179.00,       64.52,       27.81,        0.00,        0.00,        0.00,        0.00,        1.00,        4.25,        0.00,        0.00,        1.00,        1.00,        0.00
      180.00,       64.52,       23.64,        0.00,        0.00,        0.00,        0.00,        1.00,        4.25,        0.00,        0.00,        1.00,        1.00,        0.00
      181.00,       64.52,       22.80,        0.00,        0.00,        0.00,        0.00,        1.00,        4.25,        0.00,        0.00,        1.00,        1.00,        0.00
      182.00,       64.52,       23.34,        0.00,        0.00,        0.00,        0.00,        1.00,        4.25,        0.00,        0.00,        1.00,        1.00,        0.00
      183.00,       64.52,       25.57,        0.00,        0.00,        0.00,        0.00,        1.00,        4.25,        0.00,        0.00,        1.00,        1.00,        0.00
      184.00,       64.52,       29.27,        0.00,        0.00,        0.00,        0.00,        1.00,        4.25,        0.00,        0.00,        1.00,        1.00,        0.00
      185.00,       64.52,       37.62,        0.00,        0.00,        0.00,        0.00,        1.00,        4.25,        0.00,        0.00,        1.00,        1.00,        0.00
      186.00,       64.52,       46.93,        0.00,        0.00,        0.00,        0.00,        1.00,        4.25,        0.00,        0.00,        1.00,        1.00,        0.00
      187.00,       64.52,       48.39,        0.00,        0.00,        0.00,        0.00,        1.00,        4.25,        0.00,        0.00,        1.00,        1.00,        0.00
      188.00,       64.52,       43.55,        0.00,        0.00,        0.00,        0.00,        1.00,        4.25,        0.00,        0.00,        1.00,        1.00,        0.00
      189.00,       64.52,       43.65,        0.00,        0.00,        0.00,        0.00,        1.00,        4.25,        0.00,        0.00,        1.00,        1.00,        0.00
      190.00,       64.52,       39.93,        0.00,        0.00,        0.00,        0.00,        1.00,        4.25,        0.00,        0.00,        1.00,        1.00,        0.00
      191.00,       64.52,       37.61,        0.00,        0.00,        0.00,        0.00,        1.00,        4.25,        0.00,        0.00,        1.00,        1.00,        0.00
      192.00,       64.52,       31.83,        0.00,        0.00,        0.00,        0.00,        1.00,        4.25,        0.00,        0.00,        1.00,        1.00,        0.00
      193.00,       64.52,       28.66,        0.00,        0.00,        0.00,        0.00,        1.00,        4.25,        0.00,        0.00,        1.00,        1.00,        0.00
      194.00,       64.52,       27.02,        0.00,        0.00,        0.00,        0.00,        1.00,        4.25,        0.00,        0.00,        1.00,        1.00,        0.00
      195.00,       64.52,       25.48,        0.00,        0.00,        0.00,        0.00,        1.00,        4.25,        0.00,        0.00,        1.00,        1.00,        0.00
      196.00,       64.52,       25.45,        0.00,        0.00,        0.00,        0.00,        1.00,        4.25,        0.00,        0.00,        1.00,        1.00,        0.00
      197.00,       64.52,       26.98,        0.00,        0.00,        0.00,        0.00,        1.00,        4.25,        0.00,        0.00,        1.00,        1.00,        0.00
      198.00,       64.52,       32.23,        0.00,        0.00,        0.00,        0.00,        1.00,        4.25,        0.00,        0.00,        1.00,        1.00,        0.00
      199.00,       64.52,       39.06,        0.00,        0.00,        0.00,        0.00,        1.00,        4.25,        0.00,        0.00,        1.00,        1.00,        0.00
      200.00,       64.52,       44.62,        0.00,        0.00,        0.00,        0.00,        1.00,        4.25,        0.00,        0.00,        1.00,        1.00,        0.00
      201.00,       64.52,       38.83,        0.00,        0.00,        0.00,        0.00,        1.00,        4.25,        0.00,        0.00,        1.00,        1.00,        0.00
      202.00,       64.52,       32.54,        0.00,        0.00,        0.00,        0.00,        1.00,        4.25,        0.00,        0.00,        1.00,        1.00,        0.00
      203.00,       64.52,       28.82,        0.00,        0.00,        0.00,        0.00,        1.00,        4.25,        0.00,        0.00,        1.00,        1.00,        0.00
      204.00,       64.52,       26.62,        0.00,        0.00,        0.00,        0.00,        1.00,        4.25,        0.00,        0.00,        1.00,        1.00,        0.00
      205.00,       64.52,       25.39,        0.00,        0.00,        0.00,        0.00,        1.00,        4.25,        0.00,        0.00,        1.00,        1.00,        0.00
      206.00,       64.52,       22.66,        0.00,        0.00,        0.00,        0.00,        1.00,        4.25,        0.00,        0.00,        1.00,        1.00,        0.00
      207.00,       64.52,       25.17,        0.00,        0.00,        0.00,        0.00,        1.00,        4.25,        0.00,        0.00,        1.00,        1.00,        0.00
      208.00,       64.52,       29.81,        0.00,        0.00,        0.00,        0.00,        1.00,        4.25,        0.00,        0.00,        1.00,        1.00,        0.00
      209.00,       64.52,       38.25,        0.00,        0.00,        0.00,        0.00,        1.00,        4.25,        0.00,        0.00,        1.00,        1.00,        0.00
      210.00,       64.52,       47.09,        0.00,        0.00,        0.00,        0.00,        1.00,        4.25,        0.00,        0.00,        1.00,        1.00,        0.00
      211.00,       64.52,       46.37,        0.00,        0.00,        0.00,        0.00,        1.00,        4.25,        0.00,        0.00,        1.00,        1.00,        0.00
      212.00,       64.52,       41.94,        0.00,        0.00,        0.00,        0.00,        1.00,        4.25,        0.00,        0.00,        1.00,        1.00,        0.00
      213.00,       64.52,       39.88,        0.00,        0.00,        0.00,        0.00,        1.00,        4.25,        0.00,        0.00,        1.00,        1.00,        0.00
      214.00,       64.52,       37.90,        0.00,        0.00,        0.00,        0.00,        1.00,        4.25,        0.00,        0.00,        1.00,        1.00,        0.00
      215.00,       64.52,       37.09,        0.00,        0.00,        0.00,        0.00,        1.00,        4.25,        0.00,        0.00,        1.00,        1.00,        0.00
      216.00,       64.52,       31.43,        0.00,        0.00,        0.00,        0.00,        1.00,        4.25,        0.00,        0.00,        1.00,        1.00,        0.00
      217.00,       64.52,       30.11,        0.00,        0.00,        0.00,        0.00,        1.00,        4.25,        0.00,        0.00,        1.00,        1.00,        0.00
      218.00,       64.52,       29.81,        0.00,        0.00,        0.00,        0.00,        1.00,        4.25,        0.00,        0.00,        1.00,        1.00,        0.00
      219.00,       64.52,       28.08,        0.00,        0.00,        0.00,        0.00,        1.00,        4.25,        0.00,        0.00,        1.00,        1.00,        0.00
      220.00,       64.52,       27.65,        0.00,        0.00,        0.00,        0.00,        1.00,        4.25,        0.00,        0.00,        1.00,        1.00,        0.00
      221.00,       64.52,       28.01,        0.00,        0.00,        0.00,        0.00,        1.00,        4.25,        0.00,        0.00,        1.00,        1.00,        0.00
      222.00,       64.52,       30.84,        0.00,        0.00,        0.00,        0.00,        1.00,        4.25,        0.00,        0.00,        1.00,        1.00,        0.00
      223.00,       64.52,       31.47,        0.00,        0.00,        0.00,        0.00,        1.00,        4.25,        0.00,        0.00,        1.00,        1.00,        0.00
      224.00,       64.52,       32.28,        0.00,        0.00,        0.00,        0.00,        1.00,        4.25,        0.00,        0.00,        1.00,        1.00,        0.00
      225.00,       64.52,       33.27,        0.00,        0.00,        0.00,        0.00,        1.00,        4.25,        0.00,        0.00,        1.00,        1.00,        0.00
      226.00,       64.52,       31.13,        0.00,        0.00,        0.00,        0.00,        1.00,        4.25,        0.00,        0.00,        1.00,        1.00,        0.00
      227.00,       64.52,       29.34,        0.00,        0.00,        0.00,        0.00,        1.00,        4.25,        0.00,        0.00,        1.00,        1.00,        0.00
      228.00,       64.52,       28.22,        0.00,        0.00,        0.00,        0.00,        1.00,        4.25,        0.00,        0.00,        1.00,        1.00,        0.00
      229.00,       64.52,       26.07,        0.00,        0.00,        0.00,        0.00,        1.00,        4.25,        0.00,        0.00,        1.00,        1.00,        0.00
      230.00,       64.52,       27.19,        0.00,        0.00,        0.00,        0.00,        1.00,        4.25,        0.00,        0.00,        1.00,        1.00,        0.00
      231.00,       64.52,       27.87,        0.00,        0.00,        0.00,        0.00,        1.00,        4.25,        0.00,        0.00,        1.00,        1.00,        0.00
      232.00,       64.52,       29.90,        0.00,        0.00,        0.00,        0.00,        1.00,        4.25,        0.00,        0.00,        1.00,        1.00,        0.00
      233.00,       64.52,       39.81,        0.00,        0.00,        0.00,        0.00,        1.00,        4.25,        0.00,        0.00,        1.00,        1.00,        0.00
      234.00,       64.52,       46.85,        0.00,        0.00,        0.00,        0.00,        1.00,        4.25,        0.00,        0.00,        1.00,        1.00,        0.00
      235.00,       64.52,       45.93,        0.00,        0.00,        0.00,        0.00,        1.00,        4.25,        0.00,        0.00,        1.00,        1.00,        0.00
      236.00,       64.52,       44.13,        0.00,        0.00,        0.00,        0.00,        1.00,        4.25,        0.00,        0.00,        1.00,        1.00,        0.00
      237.00,       64.52,       41.52,        0.00,        0.00,        0.00,        0.00,        1.00,        4.25,        0.00,        0.00,        1.00,        1.00,        0.00
      238.00,       64.52,       39.53,        0.00,        0.00,        0.00,        0.00,        1.00,        4.25,        0.00,        0.00,        1.00,        1.00,        0.00
      239.00,       64.52,       34.91,        0.00,        0.00,        0.00,        0.00,        1.00,        4.25,        0.00,        0.00,        1.00,        1.00,        0.00
      240.00,       64.52,       30.94,        0.00,        0.00,        0.00,        0.00,        1.00,        4.25,        0.00,        0.00,        1.00,        1.00,        0.00
      241.00,       64.52,       29.47,        0.00,        0.00,        0.00,        0.00,        1.00,        4.25,        0.00,        0.00,        1.00,        1.00,        0.00
      242.00,       64.52,       27.84,        0.00,        0.00,        0.00,        0.00,        1.00,        4.25,        0.00,        0.00,        1.00,        1.00,        0.00
      243.00,       64.52,       27.28,        0.00,        0.00,        0.00,        0.00,        1.00,        4.25,        0.00,        0.00,        1.00,        1.00,        0.00
      244.00,       64.52,       27.24,        0.00,        0.00,        0.00,        0.00,        1.00,        4.25,        0.00,        0.00,        1.00,        1.00,        0.00
      245.00,       64.52,       27.83,        0.00,        0.00,        0.00,        0.00,        1.00,        4.25,        0.00,        0.00,        1.00,        1.00,        0.00
      246.00,       64.52,       29.86,        0.00,        0.00,        0.00,        0.00,        1.00,        4.25,        0.00,        0.00,        1.00,        1.00,        0.00
      247.00,       64.52,       28.77,        0.00,        0.00,        0.00,        0.00,        1.00,        4.25,        0.00,        0.00,        1.00,        1.00,        0.00
      248.00,       64.52,       30.96,        0.00,        0.00,        0.00,        0.00,        1.00,        4.25,        0.00,        0.00,        1.00,        1.00,        0.00
      249.00,       64.52,       30.43,        0.00,        0.00,        0.00,        0.00,        1.00,        4.25,        0.00,        0.00,        1.00,        1.00,        0.00
      250.00,       64.52,       30.98,        0.00,        0.00,        0.00,        0.00,        1.00,        4.25,        0.00,        0.00,        1.00,        1.00,        0.00
      251.00,       64.52,       30.99,        0.00,        0.00,        0.00,        0.00,        1.00,        4.25,        0.00,        0.00,        1.00,        1.00,        0.00
      252.00,       64.52,       30.60,        0.00,        0.00,        0.00,        0.00,        1.00,        4.25,        0.00,        0.00,        1.00,        1.00,        0.00
      253.00,       64.52,       29.99,        0.00,        0.00,        0.00,        0.00,        1.00,        4.25,        0.00,        0.00,        1.00,        1.00,        0.00
      254.00,       64.52,       29.69,        0.00,        0.00,        0.00,        0.00,        1.00,        4.25,        0.00,        0.00,        1.00,        1.00,        0.00
      255.00,       64.52,       30.34,        0.00,        0.00,        0.00,        0.00,        1.00,        4.25,        0.00,        0.00,        1.00,        1.00,        0.00
      256.00,       64.52,       32.34,        0.00,        0.00,        0.00,        0.00,        1.00,        4.25,        0.00,        0.00,        1.00,        1.00,        0.00
      257.00,       64.52,       37.52,        0.00,        0.00,        0.00,        0.00,        1.00,        4.25,        0.00,        0.00,        1.00,        1.00,        0.00
      258.00,       64.52,       46.35,        0.00,        0.00,        0.00,        0.00,        1.00,        4.25,        0.00,        0.00,        1.00,        1.00,        0.00
      259.00,       64.52,       48.64,        0.00,        0.00,        0.00,        0.00,        1.00,        4.25,        0.00,        0.00,        1.00,        1.00,        0.00
      260.00,       64.52,       46.14,        0.00,        0.00,        0.00,        0.00,        1.00,        4.25,        0.00,        0.00,        1.00,        1.00,        0.00
      261.00,       64.52,       43.38,        0.00,        0.00,        0.00,        0.00,        1.00,        4.25,        0.00,        0.00,        1.00,        1.00,        0.00
      262.00,       64.52,       38.55,        0.00,        0.00,        0.00,        0.00,        1.00,        4.25,        0.00,        0.00,        1.00,        1.00,        0.00
      263.00,       64.52,       36.66,        0.00,        0.00,        0.00,        0.00,        1.00,        4.25,        0.00,        0.00,        1.00,        1.00,        0.00
      264.00,       64.52,       30.47,        0.00,        0.00,        0.00,        0.00,        1.00,        4.25,        0.00,        0.00,        1.00,        1.00,        0.00
      265.00,       64.52,       28.01,        0.00,        0.00,        0.00,        0.00,        1.00,        4.25,        0.00,        0.00,        1.00,        1.00,        0.00
      266.00,       64.52,       27.25,        0.00,        0.00,        0.00,        0.00,        1.00,        4.25,        0.00,        0.00,        1.00,        1.00,        0.00
      267.00,       64.52,       27.25,        0.00,        0.00,        0.00,        0.00,        1.00,        4.25,        0.00,        0.00,        1.00,        1.00,        0.00
      268.00,       64.52,       26.56,        0.00,        0.00,        0.00,        0.00,        1.00,        4.25,        0.00,        0.00,        1.00,        1.00,        0.00
      269.00,       64.52,       27.87,        0.00,        0.00,        0.00,        0.00,        1.00,        4.25,        0.00,        0.00,        1.00,        1.00,        0.00
      270.00,       64.52,       31.32,        0.00,        0.00,        0.00,        0.00,        1.00,        4.25,        0.00,        0.00,        1.00,        1.00,        0.00
      271.00,       64.52,       37.43,        0.00,        0.00,        0.00,        0.00,        1.00,        4.25,        0.00,        0.00,        1.00,        1.00,        0.00
      272.00,       64.52,       43.55,        0.00,        0.00,        0.00,        0.00,        1.00,        4.25,        0.00,        0.00,        1.00,        1.00,        0.00
      273.00,       64.52,       35.26,        0.00,        0.00,        0.00,        0.00,        1.00,        4.25,        0.00,        0.00,        1.00,        1.00,        0.00
      274.00,       64.52,       30.93,        0.00,        0.00,        0.00,        0.00,        1.00,        4.25,        0.00,        0.00,        1.00,        1.00,        0.00
      275.00,       64.52,       26.36,        0.00,        0.00,        0.00,        0.00,        1.00,        4.25,        0.00,        0.00,        1.00,        1.00,        0.00
      276.00,       64.52,       25.27,        0.00,        0.00,        0.00,        0.00,        1.00,        4.25,        0.00,        0.00,        1.00,        1.00,        0.00
      277.00,       64.52,       24.74,        0.00,        0.00,        0.00,        0.00,        1.00,        4.25,        0.00,        0.00,        1.00,        1.00,        0.00
      278.00,       64.52,       23.23,        0.00,        0.00,        0.00,        0.00,        1.00,        4.25,        0.00,        0.00,        1.00,        1.00,        0.00
      279.00,       64.52,       24.41,        0.00,        0.00,        0.00,        0.00,        1.00,        4.25,        0.00,        0.00,        1.00,        1.00,        0.00
      280.00,       64.52,       29.45,        0.00,        0.00,        0.00,        0.00,        1.00,        4.25,        0.00,        0.00,        1.00,        1.00,        0.00
      281.00,       64.52,       36.99,        0.00,        0.00,        0.00,        0.00,        1.00,        4.25,        0.00,        0.00,        1.00,        1.00,        0.00
      282.00,       64.52,       40.69,        0.00,        0.00,        0.00,        0.00,        1.00,        4.25,        0.00,        0.00,        1.00,        1.00,        0.00
      283.00,       64.52,       41.57,        0.00,        0.00,        0.00,        0.00,        1.00,        4.25,        0.00,        0.00,        1.00,        1.00,        0.00
      284.00,       64.52,       42.36,        0.00,        0.00,        0.00,        0.00,        1.00,        4.25,        0.00,        0.00,        1.00,        1.00,        0.00
      285.00,       64.52,       42.36,        0.00,        0.00,        0.00,        0.00,        1.00,        4.25,        0.00,        0.00,        1.00,        1.00,        0.00
      286.00,       64.52,       39.07,        0.00,        0.00,        0.00,        0.00,        1.00,        4.25,        0.00,        0.00,        1.00,        1.00,        0.00
      287.00,       64.52,       35.95,        0.00,        0.00,        0.00,        0.00,        1.00,        4.25,        0.00,        0.00,        1.00,        1.00,        0.00
      288.00,       64.52,       31.80,        0.00,        0.00,        0.00,        0.00,        1.00,        4.25,        0.00,        0.00,        1.00,        1.00,        0.00
      289.00,       64.52,       26.50,        0.00,        0.00,        0.00,        0.00,        1.00,        4.25,        0.00,        0.00,        1.00,        1.00,        0.00
      290.00,       64.52,       26.00,        0.00,        0.00,        0.00,        0.00,        1.00,        4.25,        0.00,        0.00,        1.00,        1.00,        0.00
      291.00,       64.52,       25.78,        0.00,        0.00,        0.00,        0.00,        1.00,        4.25,        0.00,        0.00,        1.00,        1.00,        0.00
      292.00,       64.52,       25.88,        0.00,        0.00,        0.00,        0.00,        1.00,        4.25,        0.00,        0.00,        1.00,        1.00,        0.00
      293.00,       64.52,       26.79,        0.00,        0.00,        0.00,        0.00,        1.00,        4.25,        0.00,        0.00,        1.00,        1.00,        0.00
      294.00,       64.52,       29.99,        0.00,        0.00,        0.00,        0.00,        1.00,        4.25,        0.00,        0.00,        1.00,        1.00,        0.00
      295.00,       64.52,       36.14,        0.00,        0.00,        0.00,        0.00,        1.00,        4.25,        0.00,        0.00,        1.00,        1.00,        0.00
      296.00,       64.52,       42.18,        0.00,        0.00,        0.00,        0.00,        1.00,        4.25,        0.00,        0.00,        1.00,        1.00,        0.00
      297.00,       64.52,       30.64,        0.00,        0.00,        0.00,        0.00,        1.00,        4.25,        0.00,        0.00,        1.00,        1.00,        0.00
      298.00,       64.52,       28.42,        0.00,        0.00,        0.00,        0.00,        1.00,        4.25,        0.00,        0.00,        1.00,        1.00,        0.00
      299.00,       64.52,       24.21,        0.00,        0.00,        0.00,        0.00,        1.00,        4.25,        0.00,        0.00,        1.00,        1.00,        0.00
      300.00,       64.52,       23.39,        0.00,        0.00,        0.00,        0.00,        1.00,        4.25,        0.00,        0.00,        1.00,        1.00,        0.00
      301.00,       64.52,       22.81,        0.00,        0.00,        0.00,        0.00,        1.00,        4.25,        0.00,        0.00,        1.00,        1.00,        0.00
      302.00,       64.52,       22.42,        0.00,        0.00,        0.00,        0.00,        1.00,        4.25,        0.00,        0.00,        1.00,        1.00,        0.00
      303.00,       64.52,       23.80,        0.00,        0.00,        0.00,        0.00,        1.00,        4.25,        0.00,        0.00,        1.00,        1.00,        0.00
      304.00,       64.52,       27.52,        0.00,        0.00,        0.00,        0.00,        1.00,        4.25,        0.00,        0.00,        1.00,        1.00,        0.00
      305.00,       64.52,       37.32,        0.00,        0.00,        0.00,        0.00,        1.00,        4.25,        0.00,        0.00,        1.00,        1.00,        0.00
      306.00,       64.52,       42.53,        0.00,        0.00,        0.00,        0.00,        1.00,        4.25,        0.00,        0.00,        1.00,        1.00,        0.00
      307.00,       64.52,       44.83,        0.00,        0.00,        0.00,        0.00,        1.00,        4.25,        0.00,        0.00,        1.00,        1.00,        0.00
      308.00,       64.52,       43.81,        0.00,        0.00,        0.00,        0.00,        1.00,        4.25,        0.00,        0.00,        1.00,        1.00,        0.00
      309.00,       64.52,       42.21,        0.00,        0.00,        0.00,        0.00,        1.00,        4.25,        0.00,        0.00,        1.00,        1.00,        0.00
      310.00,       64.52,       38.51,        0.00,        0.00,        0.00,        0.00,        1.00,        4.25,        0.00,        0.00,        1.00,        1.00,        0.00
      311.00,       64.52,       35.33,        0.00,        0.00,        0.00,        0.00,        1.00,        4.25,        0.00,        0.00,        1.00,        1.00,        0.00
      312.00,       64.52,       30.41,        0.00,        0.00,        0.00,        0.00,        1.00,        4.25,        0.00,        0.00,        1.00,        1.00,        0.00
      313.00,       64.52,       28.60,        0.00,        0.00,        0.00,        0.00,        1.00,        4.25,        0.00,        0.00,        1.00,        1.00,        0.00
      314.00,       64.52,       27.54,        0.00,        0.00,        0.00,        0.00,        1.00,        4.25,        0.00,        0.00,        1.00,        1.00,        0.00
      315.00,       64.52,       27.10,        0.00,        0.00,        0.00,        0.00,        1.00,        4.25,        0.00,        0.00,        1.00,        1.00,        0.00
      316.00,       64.52,       26.92,        0.00,        0.00,        0.00,        0.00,        1.00,        4.25,        0.00,        0.00,        1.00,        1.00,        0.00
      317.00,       64.52,       29.35,        0.00,        0.00,        0.00,        0.00,        1.00,        4.25,        0.00,        0.00,        1.00,        1.00,        0.00
      318.00,       64.52,       36.10,        0.00,        0.00,        0.00,        0.00,        1.00,        4.25,        0.00,        0.00,        1.00,        1.00,        0.00
      319.00,       64.52,       42.64,        0.00,        0.00,        0.00,        0.00,        1.00,        4.25,        0.00,        0.00,        1.00,        1.00,        0.00
      320.00,       64.52,       44.81,        0.00,        0.00,        0.00,        0.00,        1.00,        4.25,        0.00,        0.00,        1.00,        1.00,        0.00
      321.00,       64.52,       34.63,        0.00,        0.00,        0.00,        0.00,        1.00,        4.25,        0.00,        0.00,        1.00,        1.00,        0.00
      322.00,       64.52,       31.01,        0.00,        0.00,        0.00,        0.00,        1.00,        4.25,        0.00,        0.00,        1.00,        1.00,        0.00
      323.00,       64.52,       26.98,        0.00,        0.00,        0.00,        0.00,        1.00,        4.25,        0.00,        0.00,        1.00,        1.00,        0.00
      324.00,       64.52,       24.76,        0.00,        0.00,        0.00,        0.00,        1.00,        4.25,        0.00,        0.00,        1.00,        1.00,        0.00
      325.00,       64.52,       22.90,        0.00,        0.00,        0.00,        0.00,        1.00,        4.25,        0.00,        0.00,        1.00,        1.00,        0.00
      326.00,       64.52,       22.67,        0.00,        0.00,        0.00,        0.00,        1.00,        4.25,        0.00,        0.00,        1.00,        1.00,        0.00
      327.00,       64.52,       24.51,        0.00,        0.00,        0.00,        0.00,        1.00,        4.25,        0.00,        0.00,        1.00,        1.00,        0.00
      328.00,       64.52,       27.60,        0.00,        0.00,        0.00,        0.00,        1.00,        4.25,        0.00,        0.00,        1.00,        1.00,        0.00
      329.00,       64.52,       37.46,        0.00,        0.00,        0.00,        0.00,        1.00,        4.25,        0.00,        0.00,        1.00,        1.00,        0.00
      330.00,       64.52,       44.05,        0.00,        0.00,        0.00,        0.00,        1.00,        4.25,        0.00,        0.00,        1.00,        1.00,        0.00
      331.00,       64.52,       43.74,        0.00,        0.00,        0.00,        0.00,        1.00,        4.25,        0.00,        0.00,        1.00,        1.00,        0.00
      332.00,       64.52,       41.64,        0.00,        0.00,        0.00,        0.00,        1.00,        4.25,        0.00,        0.00,        1.00,        1.00,        0.00
      333.00,       64.52,       40.48,        0.00,        0.00,        0.00,        0.00,        1.00,        4.25,        0.00,        0.00,        1.00,        1.00,        0.00
      334.00,       64.52,       39.50,        0.00,        0.00,        0.00,        0.00,        1.00,        4.25,        0.00,        0.00,        1.00,        1.00,        0.00
      335.00,       64.52,       36.49,        0.00,        0.00,        0.00,        0.00,        1.00,        4.25,        0.00,        0.00,        1.00,        1.00,        0.00
      336.00,       64.52,       30.53,        0.00,        0.00,        0.00,        0.00,        1.00,        4.25,        0.00,        0.00,        1.00,        1.00,        0.00
      337.00,       64.52,       27.51,        0.00,        0.00,        0.00,        0.00,        1.00,        4.25,        0.00,        0.00,        1.00,        1.00,        0.00
      338.00,       64.52,       27.02,        0.00,        0.00,        0.00,        0.00,        1.00,        4.25,        0.00,        0.00,        1.00,        1.00,        0.00
      339.00,       64.52,       26.24,        0.00,        0.00,        0.00,        0.00,        1.00,        4.25,        0.00,        0.00,        1.00,        1.00,        0.00
      340.00,       64.52,       26.10,        0.00,        0.00,        0.00,        0.00,        1.00,        4.25,        0.00,        0.00,        1.00,        1.00,        0.00
      341.00,       64.52,       27.10,        0.00,        0.00,        0.00,        0.00,        1.00,        4.25,        0.00,        0.00,        1.00,        1.00,        0.00
      342.00,       64.52,       34.65,        0.00,        0.00,        0.00,        0.00,        1.00,        4.25,        0.00,        0.00,        1.00,        1.00,        0.00
      343.00,       64.52,       42.25,        0.00,        0.00,        0.00,        0.00,        1.00,        4.25,        0.00,        0.00,        1.00,        1.00,        0.00
      344.00,       64.52,       41.39,        0.00,        0.00,        0.00,        0.00,        1.00,        4.25,        0.00,        0.00,        1.00,        1.00,        0.00
      345.00,       64.52,       34.38,        0.00,        0.00,        0.00,        0.00,        1.00,        4.25,        0.00,        0.00,        1.00,        1.00,        0.00
      346.00,       64.52,       29.70,        0.00,        0.00,        0.00,        0.00,        1.00,        4.25,        0.00,        0.00,        1.00,        1.00,        0.00
      347.00,       64.52,       26.11,        0.00,        0.00,        0.00,        0.00,        1.00,        4.25,        0.00,        0.00,        1.00,        1.00,        0.00
      348.00,       64.52,       24.04,        0.00,        0.00,        0.00,        0.00,        1.00,        4.25,        0.00,        0.00,        1.00,        1.00,        0.00
      349.00,       64.52,       24.14,        0.00,        0.00,        0.00,        0.00,        1.00,        4.25,        0.00,        0.00,        1.00,        1.00,        0.00
      350.00,       64.52,       23.13,        0.00,        0.00,        0.00,        0.00,        1.00,        4.25,        0.00,        0.00,        1.00,        1.00,        0.00
      351.00,       64.52,       24.36,        0.00,        0.00,        0.00,        0.00,        1.00,        4.25,        0.00,        0.00,        1.00,        1.00,        0.00
      352.00,       64.52,       28.72,        0.00,        0.00,        0.00,        0.00,        1.00,        4.25,        0.00,        0.00,        1.00,        1.00,        0.00
      353.00,       64.52,       37.21,        0.00,        0.00,        0.00,        0.00,        1.00,        4.25,        0.00,        0.00,        1.00,        1.00,        0.00
      354.00,       64.52,       40.54,        0.00,        0.00,        0.00,        0.00,        1.00,        4.25,        0.00,        0.00,        1.00,        1.00,        0.00
      355.00,       64.52,       42.35,        0.00,        0.00,        0.00,        0.00,        1.00,        4.25,        0.00,        0.00,        1.00,        1.00,        0.00
      356.00,       64.52,       43.53,        0.00,        0.00,        0.00,        0.00,        1.00,        4.25,        0.00,        0.00,        1.00,        1.00,        0.00
      357.00,       64.52,       42.80,        0.00,        0.00,        0.00,        0.00,        1.00,        4.25,        0.00,        0.00,        1.00,        1.00,        0.00
      358.00,       64.52,       38.27,        0.00,        0.00,        0.00,        0.00,        1.00,        4.25,        0.00,        0.00,        1.00,        1.00,        0.00
      359.00,       64.52,       37.43,        0.00,        0.00,        0.00,        0.00,        1.00,        4.25,        0.00,        0.00,        1.00,        1.00,        0.00
      360.00,       64.52,       32.02,        0.00,        0.00,        0.00,        0.00,        1.00,        4.25,        0.00,        0.00,        1.00,        1.00,        0.00
      361.00,       64.52,       30.59,        0.00,        0.00,        0.00,        0.00,        1.00,        4.25,        0.00,        0.00,        1.00,        1.00,        0.00
      362.00,       64.52,       28.79,        0.00,        0.00,        0.00,        0.00,        1.00,        4.25,        0.00,        0.00,        1.00,        1.00,        0.00
      363.00,       64.52,       27.93,        0.00,        0.00,        0.00,        0.00,        1.00,        4.25,        0.00,        0.00,        1.00,        1.00,        0.00
      364.00,       64.52,       27.83,        0.00,        0.00,        0.00,        0.00,        1.00,        4.25,        0.00,        0.00,        1.00,        1.00,        0.00
      365.00,       64.52,       29.42,        0.00,        0.00,        0.00,        0.00,        1.00,        4.25,        0.00,        0.00,        1.00,        1.00,        0.00
      366.00,       64.52,       35.69,        0.00,        0.00,        0.00,        0.00,        1.00,        4.25,        0.00,        0.00,        1.00,        1.00,        0.00
      367.00,       64.52,       42.68,        0.00,        0.00,        0.00,        0.00,        1.00,        4.25,        0.00,        0.00,        1.00,        1.00,        0.00
      368.00,       64.52,       43.26,        0.00,        0.00,        0.00,        0.00,        1.00,        4.25,        0.00,        0.00,        1.00,        1.00,        0.00
      369.00,       64.52,       43.27,        0.00,        0.00,        0.00,        0.00,        1.00,        4.25,        0.00,        0.00,        1.00,        1.00,        0.00
      370.00,       64.52,       49.99,        0.00,        0.00,        0.00,        0.00,        1.00,        4.25,        0.00,        0.00,        1.00,        1.00,        0.00
      371.00,       64.52,       38.22,        0.00,        0.00,        0.00,        0.00,        1.00,        4.25,        0.00,        0.00,        1.00,        1.00,        0.00
      372.00,       64.52,       32.60,        0.00,        0.00,        0.00,        0.00,        1.00,        4.25,        0.00,        0.00,        1.00,        1.00,        0.00
      373.00,       64.52,       31.28,        0.00,        0.00,        0.00,        0.00,        1.00,        4.25,        0.00,        0.00,        1.00,        1.00,        0.00
      374.00,       64.52,       31.14,        0.00,        0.00,        0.00,        0.00,        1.00,        4.25,        0.00,        0.00,        1.00,        1.00,        0.00
      375.00,       64.52,       29.85,        0.00,        0.00,        0.00,        0.00,        1.00,        4.25,        0.00,        0.00,        1.00,        1.00,        0.00
      376.00,       64.52,       30.47,        0.00,        0.00,        0.00,        0.00,        1.00,        4.25,        0.00,        0.00,        1.00,        1.00,        0.00
      377.00,       64.52,       39.04,        0.00,        0.00,        0.00,        0.00,        1.00,        4.25,        0.00,        0.00,        1.00,        1.00,        0.00
      378.00,       64.52,       43.69,        0.00,        0.00,        0.00,        0.00,        1.00,        4.25,        0.00,        0.00,        1.00,        1.00,        0.00
      379.00,       64.52,       46.34,        0.00,        0.00,        0.00,        0.00,        1.00,        4.25,        0.00,        0.00,        1.00,        1.00,        0.00
      380.00,       64.52,       44.47,        0.00,        0.00,        0.00,        0.00,        1.00,        4.25,        0.00,        0.00,        1.00,        1.00,        0.00
      381.00,       64.52,       42.41,        0.00,        0.00,        0.00,        0.00,        1.00,        4.25,        0.00,        0.00,        1.00,        1.00,        0.00
      382.00,       64.52,       40.31,        0.00,        0.00,        0.00,        0.00,        1.00,        4.25,        0.00,        0.00,        1.00,        1.00,        0.00
      383.00,       64.52,       37.24,        0.00,        0.00,        0.00,        0.00,        1.00,        4.25,        0.00,        0.00,        1.00,        1.00,        0.00
      384.00,       64.52,       33.44,        0.00,        0.00,        0.00,        0.00,        1.00,        4.25,        0.00,        0.00,        1.00,        1.00,        0.00
      385.00,       64.52,       30.24,        0.00,        0.00,        0.00,        0.00,        1.00,        4.25,        0.00,        0.00,        1.00,        1.00,        0.00
      386.00,       64.52,       29.92,        0.00,        0.00,        0.00,        0.00,        1.00,        4.25,        0.00,        0.00,        1.00,        1.00,        0.00
      387.00,       64.52,       27.78,        0.00,        0.00,        0.00,        0.00,        1.00,        4.25,        0.00,        0.00,        1.00,        1.00,        0.00
      388.00,       64.52,       28.97,        0.00,        0.00,        0.00,        0.00,        1.00,        4.25,        0.00,        0.00,        1.00,        1.00,        0.00
      389.00,       64.52,       29.55,        0.00,        0.00,        0.00,        0.00,        1.00,        4.25,        0.00,        0.00,        1.00,        1.00,        0.00
      390.00,       64.52,       30.51,        0.00,        0.00,        0.00,        0.00,        1.00,        4.25,        0.00,        0.00,        1.00,        1.00,        0.00
      391.00,       64.52,       32.89,        0.00,        0.00,        0.00,        0.00,        1.00,        4.25,        0.00,        0.00,        1.00,        1.00,        0.00
      392.00,       64.52,       34.56,        0.00,        0.00,        0.00,        0.00,        1.00,        4.25,        0.00,        0.00,        1.00,        1.00,        0.00
      393.00,       64.52,       30.03,        0.00,        0.00,        0.00,        0.00,        1.00,        4.25,        0.00,        0.00,        1.00,        1.00,        0.00
      394.00,       64.52,       29.88,        0.00,        0.00,        0.00,        0.00,        1.00,        4.25,        0.00,        0.00,        1.00,        1.00,        0.00
      395.00,       64.52,       27.35,        0.00,        0.00,        0.00,        0.00,        1.00,        4.25,        0.00,        0.00,        1.00,        1.00,        0.00
      396.00,       64.52,       25.87,        0.00,        0.00,        0.00,        0.00,        1.00,        4.25,        0.00,        0.00,        1.00,        1.00,        0.00
      397.00,       64.52,       24.75,        0.00,        0.00,        0.00,        0.00,        1.00,        4.25,        0.00,        0.00,        1.00,        1.00,        0.00
      398.00,       64.52,       26.20,        0.00,        0.00,        0.00,        0.00,        1.00,        4.25,        0.00,        0.00,        1.00,        1.00,        0.00
      399.00,       64.52,       27.00,        0.00,        0.00,        0.00,        0.00,        1.00,        4.25,        0.00,        0.00,        1.00,        1.00,        0.00
      400.00,       64.52,       29.56,        0.00,        0.00,        0.00,        0.00,        1.00,        4.25,        0.00,        0.00,        1.00,        1.00,        0.00
      401.00,       64.52,       38.60,        0.00,        0.00,        0.00,        0.00,        1.00,        4.25,        0.00,        0.00,        1.00,        1.00,        0.00
      402.00,       64.52,       43.66,        0.00,        0.00,        0.00,        0.00,        1.00,        4.25,        0.00,        0.00,        1.00,        1.00,        0.00
      403.00,       64.52,       47.24,        0.00,        0.00,        0.00,        0.00,        1.00,        4.25,        0.00,        0.00,        1.00,        1.00,        0.00
      404.00,       64.52,       42.43,        0.00,        0.00,        0.00,        0.00,        1.00,        4.25,        0.00,        0.00,        1.00,        1.00,        0.00
      405.00,       64.52,       40.99,        0.00,        0.00,        0.00,        0.00,        1.00,        4.25,        0.00,        0.00,        1.00,        1.00,        0.00
      406.00,       64.52,       38.93,        0.00,        0.00,        0.00,        0.00,        1.00,        4.25,        0.00,        0.00,        1.00,        1.00,        0.00
      407.00,       64.52,       33.80,        0.00,        0.00,        0.00,        0.00,        1.00,        4.25,        0.00,        0.00,        1.00,        1.00,        0.00
      408.00,       64.52,       31.01,        0.00,        0.00,        0.00,        0.00,        1.00,        4.25,        0.00,        0.00,        1.00,        1.00,        0.00
      409.00,       64.52,       27.71,        0.00,        0.00,        0.00,        0.00,        1.00,        4.25,        0.00,        0.00,        1.00,        1.00,        0.00
      410.00,       64.52,       27.89,        0.00,        0.00,        0.00,        0.00,        1.00,        4.25,        0.00,        0.00,        1.00,        1.00,        0.00
      411.00,       64.52,       28.16,        0.00,        0.00,        0.00,        0.00,        1.00,        4.25,        0.00,        0.00,        1.00,        1.00,        0.00
      412.00,       64.52,       28.30,        0.00,        0.00,        0.00,        0.00,        1.00,        4.25,        0.00,        0.00,        1.00,        1.00,        0.00
      413.00,       64.52,       29.34,        0.00,        0.00,        0.00,        0.00,        1.00,        4.25,        0.00,        0.00,        1.00,        1.00,        0.00
      414.00,       64.52,       30.21,        0.00,        0.00,        0.00,        0.00,        1.00,        4.25,        0.00,        0.00,        1.00,        1.00,        0.00
      415.00,       64.52,       29.87,        0.00,        0.00,        0.00,        0.00,        1.00,        4.25,        0.00,        0.00,        1.00,        1.00,        0.00
      416.00,       64.52,       30.55,        0.00,        0.00,        0.00,        0.00,        1.00,        4.25,        0.00,        0.00,        1.00,        1.00,        0.00
      417.00,       64.52,       30.29,        0.00,        0.00,        0.00,        0.00,        1.00,        4.25,        0.00,        0.00,        1.00,        1.00,        0.00
      418.00,       64.52,       27.70,        0.00,        0.00,        0.00,        0.00,        1.00,        4.25,        0.00,        0.00,        1.00,        1.00,        0.00
      419.00,       64.52,       27.03,        0.00,        0.00,        0.00,        0.00,        1.00,        4.25,        0.00,        0.00,        1.00,        1.00,        0.00
      420.00,       64.52,       25.43,        0.00,        0.00,        0.00,        0.00,        1.00,        4.25,        0.00,        0.00,        1.00,        1.00,        0.00
      421.00,       64.52,       25.50,        0.00,        0.00,        0.00,        0.00,        1.00,        4.25,        0.00,        0.00,        1.00,        1.00,        0.00
      422.00,       64.52,       22.45,        0.00,        0.00,        0.00,        0.00,        1.00,        4.25,        0.00,        0.00,        1.00,        1.00,        0.00
      423.00,       64.52,       22.00,        0.00,        0.00,        0.00,        0.00,        1.00,        4.25,        0.00,        0.00,        1.00,        1.00,        0.00
      424.00,       64.52,       25.85,        0.00,        0.00,        0.00,        0.00,        1.00,        4.25,        0.00,        0.00,        1.00,        1.00,        0.00
      425.00,       64.52,       30.41,        0.00,        0.00,        0.00,        0.00,        1.00,        4.25,        0.00,        0.00,        1.00,        1.00,        0.00
      426.00,       64.52,       41.05,        0.00,        0.00,        0.00,        0.00,        1.00,        4.25,        0.00,        0.00,        1.00,        1.00,        0.00
      427.00,       64.52,       44.43,        0.00,        0.00,        0.00,        0.00,        1.00,        4.25,        0.00,        0.00,        1.00,        1.00,        0.00
      428.00,       64.52,       41.67,        0.00,        0.00,        0.00,        0.00,        1.00,        4.25,        0.00,        0.00,        1.00,        1.00,        0.00
      429.00,       64.52,       39.50,        0.00,        0.00,        0.00,        0.00,        1.00,        4.25,        0.00,        0.00,        1.00,        1.00,        0.00
      430.00,       64.52,       36.25,        0.00,        0.00,        0.00,        0.00,        1.00,        4.25,        0.00,        0.00,        1.00,        1.00,        0.00
      431.00,       64.52,       31.72,        0.00,        0.00,        0.00,        0.00,        1.00,        4.25,        0.00,        0.00,        1.00,        1.00,        0.00
      432.00,       64.52,       29.72,        0.00,        0.00,        0.00,        0.00,        1.00,        4.25,        0.00,        0.00,        1.00,        1.00,        0.00
      433.00,       64.52,       26.43,        0.00,        0.00,        0.00,        0.00,        1.00,        4.25,        0.00,        0.00,        1.00,        1.00,        0.00
      434.00,       64.52,       25.78,        0.00,        0.00,        0.00,        0.00,        1.00,        4.25,        0.00,        0.00,        1.00,        1.00,        0.00
      435.00,       64.52,       25.93,        0.00,        0.00,        0.00,        0.00,        1.00,        4.25,        0.00,        0.00,        1.00,        1.00,        0.00
      436.00,       64.52,       25.53,        0.00,        0.00,        0.00,        0.00,        1.00,        4.25,        0.00,        0.00,        1.00,        1.00,        0.00
      437.00,       64.52,       26.47,        0.00,        0.00,        0.00,        0.00,        1.00,        4.25,        0.00,        0.00,        1.00,        1.00,        0.00
      438.00,       64.52,       30.04,        0.00,        0.00,        0.00,        0.00,        1.00,        4.25,        0.00,        0.00,        1.00,        1.00,        0.00
      439.00,       64.52,       35.04,        0.00,        0.00,        0.00,        0.00,        1.00,        4.25,        0.00,        0.00,        1.00,        1.00,        0.00
      440.00,       64.52,       39.43,        0.00,        0.00,        0.00,        0.00,        1.00,        4.25,        0.00,        0.00,        1.00,        1.00,        0.00
      441.00,       64.52,       37.10,        0.00,        0.00,        0.00,        0.00,        1.00,        4.25,        0.00,        0.00,        1.00,        1.00,        0.00
      442.00,       64.52,       33.42,        0.00,        0.00,        0.00,        0.00,        1.00,        4.25,        0.00,        0.00,        1.00,        1.00,        0.00
      443.00,       64.52,       29.50,        0.00,        0.00,        0.00,        0.00,        1.00,        4.25,        0.00,        0.00,        1.00,        1.00,        0.00
      444.00,       64.52,       28.49,        0.00,        0.00,        0.00,        0.00,        1.00,        4.25,        0.00,        0.00,        1.00,        1.00,        0.00
      445.00,       64.52,       27.15,        0.00,        0.00,        0.00,        0.00,        1.00,        4.25,        0.00,        0.00,        1.00,        1.00,        0.00
      446.00,       64.52,       26.56,        0.00,        0.00,        0.00,        0.00,        1.00,        4.25,        0.00,        0.00,        1.00,        1.00,        0.00
      447.00,       64.52,       27.73,        0.00,        0.00,        0.00,        0.00,        1.00,        4.25,        0.00,        0.00,        1.00,        1.00,        0.00
      448.00,       64.52,       30.72,        0.00,        0.00,        0.00,        0.00,        1.00,        4.25,        0.00,        0.00,        1.00,        1.00,        0.00
      449.00,       64.52,       37.65,        0.00,        0.00,        0.00,        0.00,        1.00,        4.25,        0.00,        0.00,        1.00,        1.00,        0.00
      450.00,       64.52,       41.45,        0.00,        0.00,        0.00,        0.00,        1.00,        4.25,        0.00,        0.00,        1.00,        1.00,        0.00
      451.00,       64.52,       44.92,        0.00,        0.00,        0.00,        0.00,        1.00,        4.25,        0.00,        0.00,        1.00,        1.00,        0.00
      452.00,       64.52,       43.12,        0.00,        0.00,        0.00,        0.00,        1.00,        4.25,        0.00,        0.00,        1.00,        1.00,        0.00
      453.00,       64.52,       40.10,        0.00,        0.00,        0.00,        0.00,        1.00,        4.25,        0.00,        0.00,        1.00,        1.00,        0.00
      454.00,       64.52,       38.34,        0.00,        0.00,        0.00,        0.00,        1.00,        4.25,        0.00,        0.00,        1.00,        1.00,        0.00
      455.00,       64.52,       35.72,        0.00,        0.00,        0.00,        0.00,        1.00,        4.25,        0.00,        0.00,        1.00,        1.00,        0.00
      456.00,       64.52,       30.73,        0.00,        0.00,        0.00,        0.00,        1.00,        4.25,        0.00,        0.00,        1.00,        1.00,        0.00
      457.00,       64.52,       28.23,        0.00,        0.00,        0.00,        0.00,        1.00,        4.25,        0.00,        0.00,        1.00,        1.00,        0.00
      458.00,       64.52,       27.73,        0.00,        0.00,        0.00,        0.00,        1.00,        4.25,        0.00,        0.00,        1.00,        1.00,        0.00
      459.00,       64.52,       27.16,        0.00,        0.00,        0.00,        0.00,        1.00,        4.25,        0.00,        0.00,        1.00,        1.00,        0.00
      460.00,       64.52,       27.21,        0.00,        0.00,        0.00,        0.00,        1.00,        4.25,        0.00,        0.00,        1.00,        1.00,        0.00
      461.00,       64.52,       29.14,        0.00,        0.00,        0.00,        0.00,        1.00,        4.25,        0.00,        0.00,        1.00,        1.00,        0.00
      462.00,       64.52,       34.08,        0.00,        0.00,        0.00,        0.00,        1.00,        4.25,        0.00,        0.00,        1.00,        1.00,        0.00
      463.00,       64.52,       41.87,        0.00,        0.00,        0.00,        0.00,        1.00,        4.25,        0.00,        0.00,        1.00,        1.00,        0.00
      464.00,       64.52,       45.23,        0.00,        0.00,        0.00,        0.00,        1.00,        4.25,        0.00,        0.00,        1.00,        1.00,        0.00
      465.00,       64.52,       42.67,        0.00,        0.00,        0.00,        0.00,        1.00,        4.25,        0.00,        0.00,        1.00,        1.00,        0.00
      466.00,       64.52,       40.33,        0.00,        0.00,        0.00,        0.00,        1.00,        4.25,        0.00,        0.00,        1.00,        1.00,        0.00
      467.00,       64.52,       39.05,        0.00,        0.00,        0.00,        0.00,        1.00,        4.25,        0.00,        0.00,        1.00,        1.00,        0.00
      468.00,       64.52,       35.93,        0.00,        0.00,        0.00,        0.00,        1.00,        4.25,        0.00,        0.00,        1.00,        1.00,        0.00
      469.00,       64.52,       33.54,        0.00,        0.00,        0.00,        0.00,        1.00,        4.25,        0.00,        0.00,        1.00,        1.00,        0.00
      470.00,       64.52,       29.70,        0.00,        0.00,        0.00,        0.00,        1.00,        4.25,        0.00,        0.00,        1.00,        1.00,        0.00
      471.00,       64.52,       28.97,        0.00,        0.00,        0.00,        0.00,        1.00,        4.25,        0.00,        0.00,        1.00,        1.00,        0.00
      472.00,       64.52,       30.13,        0.00,        0.00,        0.00,        0.00,        1.00,        4.25,        0.00,        0.00,        1.00,        1.00,        0.00
      473.00,       64.52,       40.00,        0.00,        0.00,        0.00,        0.00,        1.00,        4.25,        0.00,        0.00,        1.00,        1.00,        0.00
      474.00,       64.52,       47.90,        0.00,        0.00,        0.00,        0.00,        1.00,        4.25,        0.00,        0.00,        1.00,        1.00,        0.00
      475.00,       64.52,       52.50,        0.00,        0.00,        0.00,        0.00,        1.00,        4.25,        0.00,        0.00,        1.00,        1.00,        0.00
      476.00,       64.52,       45.26,        0.00,        0.00,        0.00,        0.00,        1.00,        4.25,        0.00,        0.00,        1.00,        1.00,        0.00
      477.00,       64.52,       45.78,        0.00,        0.00,        0.00,        0.00,        1.00,        4.25,        0.00,        0.00,        1.00,        1.00,        0.00
      478.00,       64.52,       39.72,        0.00,        0.00,        0.00,        0.00,        1.00,        4.25,        0.00,        0.00,        1.00,        1.00,        0.00
      479.00,       64.52,       36.78,        0.00,        0.00,        0.00,        0.00,        1.00,        4.25,        0.00,        0.00,        1.00,        1.00,        0.00
      480.00,       64.52,       30.93,        0.00,        0.00,        0.00,        0.00,        1.00,        4.25,        0.00,        0.00,        1.00,        1.00,        0.00
      481.00,       64.52,       28.51,        0.00,        0.00,        0.00,        0.00,        1.00,        4.25,        0.00,        0.00,        1.00,        1.00,        0.00
      482.00,       64.52,       27.33,        0.00,        0.00,        0.00,        0.00,        1.00,        4.25,        0.00,        0.00,        1.00,        1.00,        0.00
      483.00,       64.52,       27.64,        0.00,        0.00,        0.00,        0.00,        1.00,        4.25,        0.00,        0.00,        1.00,        1.00,        0.00
      484.00,       64.52,       26.75,        0.00,        0.00,        0.00,        0.00,        1.00,        4.25,        0.00,        0.00,        1.00,        1.00,        0.00
      485.00,       64.52,       28.20,        0.00,        0.00,        0.00,        0.00,        1.00,        4.25,        0.00,        0.00,        1.00,        1.00,        0.00
      486.00,       64.52,       32.96,        0.00,        0.00,        0.00,        0.00,        1.00,        4.25,        0.00,        0.00,        1.00,        1.00,        0.00
      487.00,       64.52,       40.10,        0.00,        0.00,        0.00,        0.00,        1.00,        4.25,        0.00,        0.00,        1.00,        1.00,        0.00
      488.00,       64.52,       45.75,        0.00,        0.00,        0.00,        0.00,        1.00,        4.25,        0.00,        0.00,        1.00,        1.00,        0.00
      489.00,       64.52,       38.75,        0.00,        0.00,        0.00,        0.00,        1.00,        4.25,        0.00,        0.00,        1.00,        1.00,        0.00
      490.00,       64.52,       36.66,        0.00,        0.00,        0.00,        0.00,        1.00,        4.25,        0.00,        0.00,        1.00,        1.00,        0.00
      491.00,       64.52,       34.84,        0.00,        0.00,        0.00,        0.00,        1.00,        4.25,        0.00,        0.00,        1.00,        1.00,        0.00
      492.00,       64.52,       29.89,        0.00,        0.00,        0.00,        0.00,        1.00,        4.25,        0.00,        0.00,        1.00,        1.00,        0.00
      493.00,       64.52,       27.31,        0.00,        0.00,        0.00,        0.00,        1.00,        4.25,        0.00,        0.00,        1.00,        1.00,        0.00
      494.00,       64.52,       26.69,        0.00,        0.00,        0.00,        0.00,        1.00,        4.25,        0.00,        0.00,        1.00,        1.00,        0.00
      495.00,       64.52,       27.30,        0.00,        0.00,        0.00,        0.00,        1.00,        4.25,        0.00,        0.00,        1.00,        1.00,        0.00
      496.00,       64.52,       29.74,        0.00,        0.00,        0.00,        0.00,        1.00,        4.25,        0.00,        0.00,        1.00,        1.00,        0.00
      497.00,       64.52,       38.79,        0.00,        0.00,        0.00,        0.00,        1.00,        4.25,        0.00,        0.00,        1.00,        1.00,        0.00
      498.00,       64.52,       44.68,        0.00,        0.00,        0.00,        0.00,        1.00,        4.25,        0.00,        0.00,        1.00,        1.00,        0.00
      499.00,       64.52,       50.24,        0.00,        0.00,        0.00,        0.00,        1.00,        4.25,        0.00,        0.00,        1.00,        1.00,        0.00
      500.00,       64.52,       45.75,        0.00,        0.00,        0.00,        0.00,        1.00,        4.25,        0.00,        0.00,        1.00,        1.00,        0.00
      501.00,       64.52,       43.28,        0.00,        0.00,        0.00,        0.00,        1.00,        4.25,        0.00,        0.00,        1.00,        1.00,        0.00
      502.00,       64.52,       38.94,        0.00,        0.00,        0.00,        0.00,        1.00,        4.25,        0.00,        0.00,        1.00,        1.00,        0.00
      503.00,       64.52,       36.38,        0.00,        0.00,        0.00,        0.00,        1.00,        4.25,        0.00,        0.00,        1.00,        1.00,        0.00
      504.00,       64.52,       32.01,        0.00,        0.00,        0.00,        0.00,        1.00,        4.25,        0.00,        0.00,        1.00,        1.00,        0.00
      505.00,       64.52,       30.01,        0.00,        0.00,        0.00,        0.00,        1.00,        4.25,        0.00,        0.00,        1.00,        1.00,        0.00
      506.00,       64.52,       28.22,        0.00,        0.00,        0.00,        0.00,        1.00,        4.25,        0.00,        0.00,        1.00,        1.00,        0.00
      507.00,       64.52,       27.22,        0.00,        0.00,        0.00,        0.00,        1.00,        4.25,        0.00,        0.00,        1.00,        1.00,        0.00
      508.00,       64.52,       27.15,        0.00,        0.00,        0.00,        0.00,        1.00,        4.25,        0.00,        0.00,        1.00,        1.00,        0.00
      509.00,       64.52,       29.87,        0.00,        0.00,        0.00,        0.00,        1.00,        4.25,        0.00,        0.00,        1.00,        1.00,        0.00
      510.00,       64.52,       35.99,        0.00,        0.00,        0.00,        0.00,        1.00,        4.25,        0.00,        0.00,        1.00,        1.00,        0.00
      511.00,       64.52,       42.79,        0.00,        0.00,        0.00,        0.00,        1.00,        4.25,        0.00,        0.00,        1.00,        1.00,        0.00
      512.00,       64.52,       49.09,        0.00,        0.00,        0.00,        0.00,        1.00,        4.25,        0.00,        0.00,        1.00,        1.00,        0.00
      513.00,       64.52,       42.51,        0.00,        0.00,        0.00,        0.00,        1.00,        4.25,        0.00,        0.00,        1.00,        1.00,        0.00
      514.00,       64.52,       38.30,        0.00,        0.00,        0.00,        0.00,        1.00,        4.25,        0.00,        0.00,        1.00,        1.00,        0.00
      515.00,       64.52,       35.13,        0.00,        0.00,        0.00,        0.00,        1.00,        4.25,        0.00,        0.00,        1.00,        1.00,        0.00
      516.00,       64.52,       33.11,        0.00,        0.00,        0.00,        0.00,        1.00,        4.25,        0.00,        0.00,        1.00,        1.00,        0.00
      517.00,       64.52,       30.00,        0.00,        0.00,        0.00,        0.00,        1.00,        4.25,        0.00,        0.00,        1.00,        1.00,        0.00
      518.00,       64.52,       29.60,        0.00,        0.00,        0.00,        0.00,        1.00,        4.25,        0.00,        0.00,        1.00,        1.00,        0.00
      519.00,       64.52,       30.43,        0.00,        0.00,        0.00,        0.00,        1.00,        4.25,        0.00,        0.00,        1.00,        1.00,        0.00
      520.00,       64.52,       36.21,        0.00,        0.00,        0.00,        0.00,        1.00,        4.25,        0.00,        0.00,        1.00,        1.00,        0.00
      521.00,       64.52,       42.76,        0.00,        0.00,        0.00,        0.00,        1.00,        4.25,        0.00,        0.00,        1.00,        1.00,        0.00
      522.00,       64.52,       48.59,        0.00,        0.00,        0.00,        0.00,        1.00,        4.25,        0.00,        0.00,        1.00,        1.00,        0.00
      523.00,       64.52,       50.96,        0.00,        0.00,        0.00,        0.00,        1.00,        4.25,        0.00,        0.00,        1.00,        1.00,        0.00
      524.00,       64.52,       45.74,        0.00,        0.00,        0.00,        0.00,        1.00,        4.25,        0.00,        0.00,        1.00,        1.00,        0.00
      525.00,       64.52,       43.25,        0.00,        0.00,        0.00,        0.00,        1.00,        4.25,        0.00,        0.00,        1.00,        1.00,        0.00
      526.00,       64.52,       38.95,        0.00,        0.00,        0.00,        0.00,        1.00,        4.25,        0.00,        0.00,        1.00,        1.00,        0.00
      527.00,       64.52,       35.72,        0.00,        0.00,        0.00,        0.00,        1.00,        4.25,        0.00,        0.00,        1.00,        1.00,        0.00
      528.00,       64.52,       30.97,        0.00,        0.00,        0.00,        0.00,        1.00,        4.25,        0.00,        0.00,        1.00,        1.00,        0.00
      529.00,       64.52,       29.38,        0.00,        0.00,        0.00,        0.00,        1.00,        4.25,        0.00,        0.00,        1.00,        1.00,        0.00
      530.00,       64.52,       28.00,        0.00,        0.00,        0.00,        0.00,        1.00,        4.25,        0.00,        0.00,        1.00,        1.00,        0.00
      531.00,       64.52,       27.28,        0.00,        0.00,        0.00,        0.00,        1.00,        4.25,        0.00,        0.00,        1.00,        1.00,        0.00
      532.00,       64.52,       27.19,        0.00,        0.00,        0.00,        0.00,        1.00,        4.25,        0.00,        0.00,        1.00,        1.00,        0.00
      533.00,       64.52,       29.32,        0.00,        0.00,        0.00,        0.00,        1.00,        4.25,        0.00,        0.00,        1.00,        1.00,        0.00
      534.00,       64.52,       34.80,        0.00,        0.00,        0.00,        0.00,        1.00,        4.25,        0.00,        0.00,        1.00,        1.00,        0.00
      535.00,       64.52,       41.24,        0.00,        0.00,        0.00,        0.00,        1.00,        4.25,        0.00,        0.00,        1.00,        1.00,        0.00
      536.00,       64.52,       44.90,        0.00,        0.00,        0.00,        0.00,        1.00,        4.25,        0.00,        0.00,        1.00,        1.00,        0.00
      537.00,       64.52,       38.69,        0.00,        0.00,        0.00,        0.00,        1.00,        4.25,        0.00,        0.00,        1.00,        1.00,        0.00
      538.00,       64.52,       37.07,        0.00,        0.00,        0.00,        0.00,        1.00,        4.25,        0.00,        0.00,        1.00,        1.00,        0.00
      539.00,       64.52,       34.10,        0.00,        0.00,        0.00,        0.00,        1.00,        4.25,        0.00,        0.00,        1.00,        1.00,        0.00
      540.00,       64.52,       30.85,        0.00,        0.00,        0.00,        0.00,        1.00,        4.25,        0.00,        0.00,        1.00,        1.00,        0.00
      541.00,       64.52,       28.23,        0.00,        0.00,        0.00,        0.00,        1.00,        4.25,        0.00,        0.00,        1.00,        1.00,        0.00
      542.00,       64.52,       28.26,        0.00,        0.00,        0.00,        0.00,        1.00,        4.25,        0.00,        0.00,        1.00,        1.00,        0.00
      543.00,       64.52,       28.22,        0.00,        0.00,        0.00,        0.00,        1.00,        4.25,        0.00,        0.00,        1.00,        1.00,        0.00
      544.00,       64.52,       33.87,        0.00,        0.00,        0.00,        0.00,        1.00,        4.25,        0.00,        0.00,        1.00,        1.00,        0.00
      545.00,       64.52,       38.58,        0.00,        0.00,        0.00,        0.00,        1.00,        4.25,        0.00,        0.00,        1.00,        1.00,        0.00
      546.00,       64.52,       42.04,        0.00,        0.00,        0.00,        0.00,        1.00,        4.25,        0.00,        0.00,        1.00,        1.00,        0.00
      547.00,       64.52,       44.43,        0.00,        0.00,        0.00,        0.00,        1.00,        4.25,        0.00,        0.00,        1.00,        1.00,        0.00
      548.00,       64.52,       41.31,        0.00,        0.00,        0.00,        0.00,        1.00,        4.25,        0.00,        0.00,        1.00,        1.00,        0.00
      549.00,       64.52,       39.72,        0.00,        0.00,        0.00,        0.00,        1.00,        4.25,        0.00,        0.00,        1.00,        1.00,        0.00
      550.00,       64.52,       37.85,        0.00,        0.00,        0.00,        0.00,        1.00,        4.25,        0.00,        0.00,        1.00,        1.00,        0.00
      551.00,       64.52,       34.39,        0.00,        0.00,        0.00,        0.00,        1.00,        4.25,        0.00,        0.00,        1.00,        1.00,        0.00
      552.00,       64.52,       30.97,        0.00,        0.00,        0.00,        0.00,        1.00,        4.25,        0.00,        0.00,        1.00,        1.00,        0.00
      553.00,       64.52,       27.87,        0.00,        0.00,        0.00,        0.00,        1.00,        4.25,        0.00,        0.00,        1.00,        1.00,        0.00
      554.00,       64.52,       28.88,        0.00,        0.00,        0.00,        0.00,        1.00,        4.25,        0.00,        0.00,        1.00,        1.00,        0.00
      555.00,       64.52,       28.73,        0.00,        0.00,        0.00,        0.00,        1.00,        4.25,        0.00,        0.00,        1.00,        1.00,        0.00
      556.00,       64.52,       27.82,        0.00,        0.00,        0.00,        0.00,        1.00,        4.25,        0.00,        0.00,        1.00,        1.00,        0.00
      557.00,       64.52,       28.69,        0.00,        0.00,        0.00,        0.00,        1.00,        4.25,        0.00,        0.00,        1.00,        1.00,        0.00
      558.00,       64.52,       31.22,        0.00,        0.00,        0.00,        0.00,        1.00,        4.25,        0.00,        0.00,        1.00,        1.00,        0.00
      559.00,       64.52,       31.74,        0.00,        0.00,        0.00,        0.00,        1.00,        4.25,        0.00,        0.00,        1.00,        1.00,        0.00
      560.00,       64.52,       33.14,        0.00,        0.00,        0.00,        0.00,        1.00,        4.25,        0.00,        0.00,        1.00,        1.00,        0.00
      561.00,       64.52,       33.24,        0.00,        0.00,        0.00,        0.00,        1.00,        4.25,        0.00,        0.00,        1.00,        1.00,        0.00
      562.00,       64.52,       30.87,        0.00,        0.00,        0.00,        0.00,        1.00,        4.25,        0.00,        0.00,        1.00,        1.00,        0.00
      563.00,       64.52,       29.30,        0.00,        0.00,        0.00,        0.00,        1.00,        4.25,        0.00,        0.00,        1.00,        1.00,        0.00
      564.00,       64.52,       26.23,        0.00,        0.00,        0.00,        0.00,        1.00,        4.25,        0.00,        0.00,        1.00,        1.00,        0.00
      565.00,       64.52,       26.23,        0.00,        0.00,        0.00,        0.00,        1.00,        4.25,        0.00,        0.00,        1.00,        1.00,        0.00
      566.00,       64.52,       25.82,        0.00,        0.00,        0.00,        0.00,        1.00,        4.25,        0.00,        0.00,        1.00,        1.00,        0.00
      567.00,       64.52,       26.65,        0.00,        0.00,        0.00,        0.00,        1.00,        4.25,        0.00,        0.00,        1.00,        1.00,        0.00
      568.00,       64.52,       28.41,        0.00,        0.00,        0.00,        0.00,        1.00,        4.25,        0.00,        0.00,        1.00,        1.00,        0.00
      569.00,       64.52,       34.18,        0.00,        0.00,        0.00,        0.00,        1.00,        4.25,        0.00,        0.00,        1.00,        1.00,        0.00
      570.00,       64.52,       38.73,        0.00,        0.00,        0.00,        0.00,        1.00,        4.25,        0.00,        0.00,        1.00,        1.00,        0.00
      571.00,       64.52,       44.80,        0.00,        0.00,        0.00,        0.00,        1.00,        4.25,        0.00,        0.00,        1.00,        1.00,        0.00
      572.00,       64.52,       40.52,        0.00,        0.00,        0.00,        0.00,        1.00,        4.25,        0.00,        0.00,        1.00,        1.00,        0.00
      573.00,       64.52,       40.30,        0.00,        0.00,        0.00,        0.00,        1.00,        4.25,        0.00,        0.00,        1.00,        1.00,        0.00
      574.00,       64.52,       36.79,        0.00,        0.00,        0.00,        0.00,        1.00,        4.25,        0.00,        0.00,        1.00,        1.00,        0.00
      575.00,       64.52,       34.47,        0.00,        0.00,        0.00,        0.00,        1.00,        4.25,        0.00,        0.00,        1.00,        1.00,        0.00
      576.00,       64.52,       30.38,        0.00,        0.00,        0.00,        0.00,        1.00,        4.25,        0.00,        0.00,        1.00,        1.00,        0.00
      577.00,       64.52,       27.99,        0.00,        0.00,        0.00,        0.00,        1.00,        4.25,        0.00,        0.00,        1.00,        1.00,        0.00
      578.00,       64.52,       28.43,        0.00,        0.00,        0.00,        0.00,        1.00,        4.25,        0.00,        0.00,        1.00,        1.00,        0.00
      579.00,       64.52,       26.84,        0.00,        0.00,        0.00,        0.00,        1.00,        4.25,        0.00,        0.00,        1.00,        1.00,        0.00
      580.00,       64.52,       26.72,        0.00,        0.00,        0.00,        0.00,        1.00,        4.25,        0.00,        0.00,        1.00,        1.00,        0.00
      581.00,       64.52,       27.31,        0.00,        0.00,        0.00,        0.00,        1.00,        4.25,        0.00,        0.00,        1.00,        1.00,        0.00
      582.00,       64.52,       29.68,        0.00,        0.00,        0.00,        0.00,        1.00,        4.25,        0.00,        0.00,        1.00,        1.00,        0.00
      583.00,       64.52,       31.25,        0.00,        0.00,        0.00,        0.00,        1.00,        4.25,        0.00,        0.00,        1.00,        1.00,        0.00
      584.00,       64.52,       31.21,        0.00,        0.00,        0.00,        0.00,        1.00,        4.25,        0.00,        0.00,        1.00,        1.00,        0.00
      585.00,       64.52,       30.44,        0.00,        0.00,        0.00,        0.00,        1.00,        4.25,        0.00,        0.00,        1.00,        1.00,        0.00
      586.00,       64.52,       27.47,        0.00,        0.00,        0.00,        0.00,        1.00,        4.25,        0.00,        0.00,        1.00,        1.00,        0.00
      587.00,       64.52,       27.07,        0.00,        0.00,        0.00,        0.00,        1.00,        4.25,        0.00,        0.00,        1.00,        1.00,        0.00
      588.00,       64.52,       26.61,        0.00,        0.00,        0.00,        0.00,        1.00,        4.25,        0.00,        0.00,        1.00,        1.00,        0.00
      589.00,       64.52,       26.56,        0.00,        0.00,        0.00,        0.00,        1.00,        4.25,        0.00,        0.00,        1.00,        1.00,        0.00
      590.00,       64.52,       24.98,        0.00,        0.00,        0.00,        0.00,        1.00,        4.25,        0.00,        0.00,        1.00,        1.00,        0.00
      591.00,       64.52,       25.51,        0.00,        0.00,        0.00,        0.00,        1.00,        4.25,        0.00,        0.00,        1.00,        1.00,        0.00
      592.00,       64.52,       26.50,        0.00,        0.00,        0.00,        0.00,        1.00,        4.25,        0.00,        0.00,        1.00,        1.00,        0.00
      593.00,       64.52,       34.90,        0.00,        0.00,        0.00,        0.00,        1.00,        4.25,        0.00,        0.00,        1.00,        1.00,        0.00
      594.00,       64.52,       46.74,        0.00,        0.00,        0.00,        0.00,        1.00,        4.25,        0.00,        0.00,        1.00,        1.00,        0.00
      595.00,       64.52,       53.12,        0.00,        0.00,        0.00,        0.00,        1.00,        4.25,        0.00,        0.00,        1.00,        1.00,        0.00
      596.00,       64.52,       45.13,        0.00,        0.00,        0.00,        0.00,        1.00,        4.25,        0.00,        0.00,        1.00,        1.00,        0.00
      597.00,       64.52,       41.60,        0.00,        0.00,        0.00,        0.00,        1.00,        4.25,        0.00,        0.00,        1.00,        1.00,        0.00
      598.00,       64.52,       38.38,        0.00,        0.00,        0.00,        0.00,        1.00,        4.25,        0.00,        0.00,        1.00,        1.00,        0.00
      599.00,       64.52,       33.38,        0.00,        0.00,        0.00,        0.00,        1.00,        4.25,        0.00,        0.00,        1.00,        1.00,        0.00
      600.00,       64.52,       29.91,        0.00,        0.00,        0.00,        0.00,        1.00,        4.25,        0.00,        0.00,        1.00,        1.00,        0.00
      601.00,       64.52,       26.63,        0.00,        0.00,        0.00,        0.00,        1.00,        4.25,        0.00,        0.00,        1.00,        1.00,        0.00
      602.00,       64.52,       26.22,        0.00,        0.00,        0.00,        0.00,        1.00,        4.25,        0.00,        0.00,        1.00,        1.00,        0.00
      603.00,       64.52,       25.89,        0.00,        0.00,        0.00,        0.00,        1.00,        4.25,        0.00,        0.00,        1.00,        1.00,        0.00
      604.00,       64.52,       26.52,        0.00,        0.00,        0.00,        0.00,        1.00,        4.25,        0.00,        0.00,        1.00,        1.00,        0.00
      605.00,       64.52,       26.94,        0.00,        0.00,        0.00,        0.00,        1.00,        4.25,        0.00,        0.00,        1.00,        1.00,        0.00
      606.00,       64.52,       31.37,        0.00,        0.00,        0.00,        0.00,        1.00,        4.25,        0.00,        0.00,        1.00,        1.00,        0.00
      607.00,       64.52,       37.09,        0.00,        0.00,        0.00,        0.00,        1.00,        4.25,        0.00,        0.00,        1.00,        1.00,        0.00
      608.00,       64.52,       41.59,        0.00,        0.00,        0.00,        0.00,        1.00,        4.25,        0.00,        0.00,        1.00,        1.00,        0.00
      609.00,       64.52,       38.71,        0.00,        0.00,        0.00,        0.00,        1.00,        4.25,        0.00,        0.00,        1.00,        1.00,        0.00
      610.00,       64.52,       35.50,        0.00,        0.00,        0.00,        0.00,        1.00,        4.25,        0.00,        0.00,        1.00,        1.00,        0.00
      611.00,       64.52,       33.03,        0.00,        0.00,        0.00,        0.00,        1.00,        4.25,        0.00,        0.00,        1.00,        1.00,        0.00
      612.00,       64.52,       31.45,        0.00,        0.00,        0.00,        0.00,        1.00,        4.25,        0.00,        0.00,        1.00,        1.00,        0.00
      613.00,       64.52,       28.28,        0.00,        0.00,        0.00,        0.00,        1.00,        4.25,        0.00,        0.00,        1.00,        1.00,        0.00
      614.00,       64.52,       28.43,        0.00,        0.00,        0.00,        0.00,        1.00,        4.25,        0.00,        0.00,        1.00,        1.00,        0.00
      615.00,       64.52,       29.64,        0.00,        0.00,        0.00,        0.00,        1.00,        4.25,        0.00,        0.00,        1.00,        1.00,        0.00
      616.00,       64.52,       33.80,        0.00,        0.00,        0.00,        0.00,        1.00,        4.25,        0.00,        0.00,        1.00,        1.00,        0.00
      617.00,       64.52,       39.22,        0.00,        0.00,        0.00,        0.00,        1.00,        4.25,        0.00,        0.00,        1.00,        1.00,        0.00
      618.00,       64.52,       43.89,        0.00,        0.00,        0.00,        0.00,        1.00,        4.25,        0.00,        0.00,        1.00,        1.00,        0.00
      619.00,       64.52,       50.26,        0.00,        0.00,        0.00,        0.00,        1.00,        4.25,        0.00,        0.00,        1.00,        1.00,        0.00
      620.00,       64.52,       43.10,        0.00,        0.00,        0.00,        0.00,        1.00,        4.25,        0.00,        0.00,        1.00,        1.00,        0.00
      621.00,       64.52,       42.29,        0.00,        0.00,        0.00,        0.00,        1.00,        4.25,        0.00,        0.00,        1.00,        1.00,        0.00
      622.00,       64.52,       40.66,        0.00,        0.00,        0.00,        0.00,        1.00,        4.25,        0.00,        0.00,        1.00,        1.00,        0.00
      623.00,       64.52,       37.26,        0.00,        0.00,        0.00,        0.00,        1.00,        4.25,        0.00,        0.00,        1.00,        1.00,        0.00
      624.00,       64.52,       31.46,        0.00,        0.00,        0.00,        0.00,        1.00,        4.25,        0.00,        0.00,        1.00,        1.00,        0.00
      625.00,       64.52,       27.67,        0.00,        0.00,        0.00,        0.00,        1.00,        4.25,        0.00,        0.00,        1.00,        1.00,        0.00
      626.00,       64.52,       26.87,        0.00,        0.00,        0.00,        0.00,        1.00,        4.25,        0.00,        0.00,        1.00,        1.00,        0.00
      627.00,       64.52,       26.40,        0.00,        0.00,        0.00,        0.00,        1.00,        4.25,        0.00,        0.00,        1.00,        1.00,        0.00
      628.00,       64.52,       26.44,        0.00,        0.00,        0.00,        0.00,        1.00,        4.25,        0.00,        0.00,        1.00,        1.00,        0.00
      629.00,       64.52,       26.96,        0.00,        0.00,        0.00,        0.00,        1.00,        4.25,        0.00,        0.00,        1.00,        1.00,        0.00
      630.00,       64.52,       31.40,        0.00,        0.00,        0.00,        0.00,        1.00,        4.25,        0.00,        0.00,        1.00,        1.00,        0.00
      631.00,       64.52,       38.55,        0.00,        0.00,        0.00,        0.00,        1.00,        4.25,        0.00,        0.00,        1.00,        1.00,        0.00
      632.00,       64.52,       42.43,        0.00,        0.00,        0.00,        0.00,        1.00,        4.25,        0.00,        0.00,        1.00,        1.00,        0.00
      633.00,       64.52,       40.88,        0.00,        0.00,        0.00,        0.00,        1.00,        4.25,        0.00,        0.00,        1.00,        1.00,        0.00
      634.00,       64.52,       35.30,        0.00,        0.00,        0.00,        0.00,        1.00,        4.25,        0.00,        0.00,        1.00,        1.00,        0.00
      635.00,       64.52,       33.38,        0.00,        0.00,        0.00,        0.00,        1.00,        4.25,        0.00,        0.00,        1.00,        1.00,        0.00
      636.00,       64.52,       29.85,        0.00,        0.00,        0.00,        0.00,        1.00,        4.25,        0.00,        0.00,        1.00,        1.00,        0.00
      637.00,       64.52,       27.00,        0.00,        0.00,        0.00,        0.00,        1.00,        4.25,        0.00,        0.00,        1.00,        1.00,        0.00
      638.00,       64.52,       26.64,        0.00,        0.00,        0.00,        0.00,        1.00,        4.25,        0.00,        0.00,        1.00,        1.00,        0.00
      639.00,       64.52,       28.36,        0.00,        0.00,        0.00,        0.00,        1.00,        4.25,        0.00,        0.00,        1.00,        1.00,        0.00
      640.00,       64.52,       31.72,        0.00,        0.00,        0.00,        0.00,        1.00,        4.25,        0.00,        0.00,        1.00,        1.00,        0.00
      641.00,       64.52,       34.47,        0.00,        0.00,        0.00,        0.00,        1.00,        4.25,        0.00,        0.00,        1.00,        1.00,        0.00
      642.00,       64.52,       42.68,        0.00,        0.00,        0.00,        0.00,        1.00,        4.25,        0.00,        0.00,        1.00,        1.00,        0.00
      643.00,       64.52,       46.77,        0.00,        0.00,        0.00,        0.00,        1.00,        4.25,        0.00,        0.00,        1.00,        1.00,        0.00
      644.00,       64.52,       40.10,        0.00,        0.00,        0.00,        0.00,        1.00,        4.25,        0.00,        0.00,        1.00,        1.00,        0.00
      645.00,       64.52,       40.37,        0.00,        0.00,        0.00,        0.00,        1.00,        4.25,        0.00,        0.00,        1.00,        1.00,        0.00
      646.00,       64.52,       38.52,        0.00,        0.00,        0.00,        0.00,        1.00,        4.25,        0.00,        0.00,        1.00,        1.00,        0.00
      647.00,       64.52,       35.99,        0.00,        0.00,        0.00,        0.00,        1.00,        4.25,        0.00,        0.00,        1.00,        1.00,        0.00
      648.00,       64.52,       30.75,        0.00,        0.00,        0.00,        0.00,        1.00,        4.25,        0.00,        0.00,        1.00,        1.00,        0.00
      649.00,       64.52,       26.45,        0.00,        0.00,        0.00,        0.00,        1.00,        4.25,        0.00,        0.00,        1.00,        1.00,        0.00
      650.00,       64.52,       26.37,        0.00,        0.00,        0.00,        0.00,        1.00,        4.25,        0.00,        0.00,        1.00,        1.00,        0.00
      651.00,       64.52,       25.94,        0.00,        0.00,        0.00,        0.00,        1.00,        4.25,        0.00,        0.00,        1.00,        1.00,        0.00
      652.00,       64.52,       26.22,        0.00,        0.00,        0.00,        0.00,        1.00,        4.25,        0.00,        0.00,        1.00,        1.00,        0.00
      653.00,       64.52,       26.38,        0.00,        0.00,        0.00,        0.00,        1.00,        4.25,        0.00,        0.00,        1.00,        1.00,        0.00
      654.00,       64.52,       31.20,        0.00,        0.00,        0.00,        0.00,        1.00,        4.25,        0.00,        0.00,        1.00,        1.00,        0.00
      655.00,       64.52,       39.65,        0.00,        0.00,        0.00,        0.00,        1.00,        4.25,        0.00,        0.00,        1.00,        1.00,        0.00
      656.00,       64.52,       42.54,        0.00,        0.00,        0.00,        0.00,        1.00,        4.25,        0.00,        0.00,        1.00,        1.00,        0.00
      657.00,       64.52,       40.91,        0.00,        0.00,        0.00,        0.00,        1.00,        4.25,        0.00,        0.00,        1.00,        1.00,        0.00
      658.00,       64.52,       34.76,        0.00,        0.00,        0.00,        0.00,        1.00,        4.25,        0.00,        0.00,        1.00,        1.00,        0.00
      659.00,       64.52,       31.56,        0.00,        0.00,        0.00,        0.00,        1.00,        4.25,        0.00,        0.00,        1.00,        1.00,        0.00
      660.00,       64.52,       27.54,        0.00,        0.00,        0.00,        0.00,        1.00,        4.25,        0.00,        0.00,        1.00,        1.00,        0.00
      661.00,       64.52,       25.58,        0.00,        0.00,        0.00,        0.00,        1.00,        4.25,        0.00,        0.00,        1.00,        1.00,        0.00
      662.00,       64.52,       25.07,        0.00,        0.00,        0.00,        0.00,        1.00,        4.25,        0.00,        0.00,        1.00,        1.00,        0.00
      663.00,       64.52,       26.99,        0.00,        0.00,        0.00,        0.00,        1.00,        4.25,        0.00,        0.00,        1.00,        1.00,        0.00
      664.00,       64.52,       31.88,        0.00,        0.00,        0.00,        0.00,        1.00,        4.25,        0.00,        0.00,        1.00,        1.00,        0.00
      665.00,       64.52,       35.61,        0.00,        0.00,        0.00,        0.00,        1.00,        4.25,        0.00,        0.00,        1.00,        1.00,        0.00
      666.00,       64.52,       41.79,        0.00,        0.00,        0.00,        0.00,        1.00,        4.25,        0.00,        0.00,        1.00,        1.00,        0.00
      667.00,       64.52,       45.36,        0.00,        0.00,        0.00,        0.00,        1.00,        4.25,        0.00,        0.00,        1.00,        1.00,        0.00
      668.00,       64.52,       43.95,        0.00,        0.00,        0.00,        0.00,        1.00,        4.25,        0.00,        0.00,        1.00,        1.00,        0.00
      669.00,       64.52,       40.66,        0.00,        0.00,        0.00,        0.00,        1.00,        4.25,        0.00,        0.00,        1.00,        1.00,        0.00
      670.00,       64.52,       38.17,        0.00,        0.00,        0.00,        0.00,        1.00,        4.25,        0.00,        0.00,        1.00,        1.00,        0.00
      671.00,       64.52,       36.14,        0.00,        0.00,        0.00,        0.00,        1.00,        4.25,        0.00,        0.00,        1.00,        1.00,        0.00
      672.00,       64.52,       31.60,        0.00,        0.00,        0.00,        0.00,        1.00,        4.25,        0.00,        0.00,        1.00,        1.00,        0.00
      673.00,       64.52,       26.09,        0.00,        0.00,        0.00,        0.00,        1.00,        4.25,        0.00,        0.00,        1.00,        1.00,        0.00
      674.00,       64.52,       25.83,        0.00,        0.00,        0.00,        0.00,        1.00,        4.25,        0.00,        0.00,        1.00,        1.00,        0.00
      675.00,       64.52,       25.53,        0.00,        0.00,        0.00,        0.00,        1.00,        4.25,        0.00,        0.00,        1.00,        1.00,        0.00
      676.00,       64.52,       25.57,        0.00,        0.00,        0.00,        0.00,        1.00,        4.25,        0.00,        0.00,        1.00,        1.00,        0.00
      677.00,       64.52,       26.01,        0.00,        0.00,        0.00,        0.00,        1.00,        4.25,        0.00,        0.00,        1.00,        1.00,        0.00
      678.00,       64.52,       31.66,        0.00,        0.00,        0.00,        0.00,        1.00,        4.25,        0.00,        0.00,        1.00,        1.00,        0.00
      679.00,       64.52,       38.04,        0.00,        0.00,        0.00,        0.00,        1.00,        4.25,        0.00,        0.00,        1.00,        1.00,        0.00
      680.00,       64.52,       42.63,        0.00,        0.00,        0.00,        0.00,        1.00,        4.25,        0.00,        0.00,        1.00,        1.00,        0.00
      681.00,       64.52,       40.35,        0.00,        0.00,        0.00,        0.00,        1.00,        4.25,        0.00,        0.00,        1.00,        1.00,        0.00
      682.00,       64.52,       36.57,        0.00,        0.00,        0.00,        0.00,        1.00,        4.25,        0.00,        0.00,        1.00,        1.00,        0.00
      683.00,       64.52,       35.57,        0.00,        0.00,        0.00,        0.00,        1.00,        4.25,        0.00,        0.00,        1.00,        1.00,        0.00
      684.00,       64.52,       31.65,        0.00,        0.00,        0.00,        0.00,        1.00,        4.25,        0.00,        0.00,        1.00,        1.00,        0.00
      685.00,       64.52,       29.02,        0.00,        0.00,        0.00,        0.00,        1.00,        4.25,        0.00,        0.00,        1.00,        1.00,        0.00
      686.00,       64.52,       26.67,        0.00,        0.00,        0.00,        0.00,        1.00,        4.25,        0.00,        0.00,        1.00,        1.00,        0.00
      687.00,       64.52,       30.48,        0.00,        0.00,        0.00,        0.00,        1.00,        4.25,        0.00,        0.00,        1.00,        1.00,        0.00
      688.00,       64.52,       34.08,        0.00,        0.00,        0.00,        0.00,        1.00,        4.25,        0.00,        0.00,        1.00,        1.00,        0.00
      689.00,       64.52,       37.29,        0.00,        0.00,        0.00,        0.00,        1.00,        4.25,        0.00,        0.00,        1.00,        1.00,        0.00
      690.00,       64.52,       40.58,        0.00,        0.00,        0.00,        0.00,        1.00,        4.25,        0.00,        0.00,        1.00,        1.00,        0.00
      691.00,       64.52,       44.11,        0.00,        0.00,        0.00,        0.00,        1.00,        4.25,        0.00,        0.00,        1.00,        1.00,        0.00
      692.00,       64.52,       42.55,        0.00,        0.00,        0.00,        0.00,        1.00,        4.25,        0.00,        0.00,        1.00,        1.00,        0.00
      693.00,       64.52,       40.78,        0.00,        0.00,        0.00,        0.00,        1.00,        4.25,        0.00,        0.00,        1.00,        1.00,        0.00
      694.00,       64.52,       38.66,        0.00,        0.00,        0.00,        0.00,        1.00,        4.25,        0.00,        0.00,        1.00,        1.00,        0.00
      695.00,       64.52,       33.90,        0.00,        0.00,        0.00,        0.00,        1.00,        4.25,        0.00,        0.00,        1.00,        1.00,        0.00
      696.00,       64.52,       30.21,        0.00,        0.00,        0.00,        0.00,        1.00,        4.25,        0.00,        0.00,        1.00,        1.00,        0.00
      697.00,       64.52,       27.42,        0.00,        0.00,        0.00,        0.00,        1.00,        4.25,        0.00,        0.00,        1.00,        1.00,        0.00
      698.00,       64.52,       26.05,        0.00,        0.00,        0.00,        0.00,        1.00,        4.25,        0.00,        0.00,        1.00,        1.00,        0.00
      699.00,       64.52,       26.04,        0.00,        0.00,        0.00,        0.00,        1.00,        4.25,        0.00,        0.00,        1.00,        1.00,        0.00
      700.00,       64.52,       26.12,        0.00,        0.00,        0.00,        0.00,        1.00,        4.25,        0.00,        0.00,        1.00,        1.00,        0.00
      701.00,       64.52,       27.55,        0.00,        0.00,        0.00,        0.00,        1.00,        4.25,        0.00,        0.00,        1.00,        1.00,        0.00
      702.00,       64.52,       32.04,        0.00,        0.00,        0.00,        0.00,        1.00,        4.25,        0.00,        0.00,        1.00,        1.00,        0.00
      703.00,       64.52,       37.93,        0.00,        0.00,        0.00,        0.00,        1.00,        4.25,        0.00,        0.00,        1.00,        1.00,        0.00
      704.00,       64.52,       41.65,        0.00,        0.00,        0.00,        0.00,        1.00,        4.25,        0.00,        0.00,        1.00,        1.00,        0.00
      705.00,       64.52,       40.17,        0.00,        0.00,        0.00,        0.00,        1.00,        4.25,        0.00,        0.00,        1.00,        1.00,        0.00
      706.00,       64.52,       35.48,        0.00,        0.00,        0.00,        0.00,        1.00,        4.25,        0.00,        0.00,        1.00,        1.00,        0.00
      707.00,       64.52,       34.94,        0.00,        0.00,        0.00,        0.00,        1.00,        4.25,        0.00,        0.00,        1.00,        1.00,        0.00
      708.00,       64.52,       27.60,        0.00,        0.00,        0.00,        0.00,        1.00,        4.25,        0.00,        0.00,        1.00,        1.00,        0.00
      709.00,       64.52,       31.13,        0.00,        0.00,        0.00,        0.00,        1.00,        4.25,        0.00,        0.00,        1.00,        1.00,        0.00
      710.00,       64.52,       29.72,        0.00,        0.00,        0.00,        0.00,        1.00,        4.25,        0.00,        0.00,        1.00,        1.00,        0.00
      711.00,       64.52,       31.27,        0.00,        0.00,        0.00,        0.00,        1.00,        4.25,        0.00,        0.00,        1.00,        1.00,        0.00
      712.00,       64.52,       34.00,        0.00,        0.00,        0.00,        0.00,        1.00,        4.25,        0.00,        0.00,        1.00,        1.00,        0.00
      713.00,       64.52,       41.15,        0.00,        0.00,        0.00,        0.00,        1.00,        4.25,        0.00,        0.00,        1.00,        1.00,        0.00
      714.00,       64.52,       42.81,        0.00,        0.00,        0.00,        0.00,        1.00,        4.25,        0.00,        0.00,        1.00,        1.00,        0.00
      715.00,       64.52,       43.97,        0.00,        0.00,        0.00,        0.00,        1.00,        4.25,        0.00,        0.00,        1.00,        1.00,        0.00
      716.00,       64.52,       40.36,        0.00,        0.00,        0.00,        0.00,        1.00,        4.25,        0.00,        0.00,        1.00,        1.00,        0.00
      717.00,       64.52,       38.12,        0.00,        0.00,        0.00,        0.00,        1.00,        4.25,        0.00,        0.00,        1.00,        1.00,        0.00
      718.00,       64.52,       38.20,        0.00,        0.00,        0.00,        0.00,        1.00,        4.25,        0.00,        0.00,        1.00,        1.00,        0.00
      719.00,       64.52,       34.34,        0.00,        0.00,        0.00,        0.00,        1.00,        4.25,        0.00,        0.00,        1.00,        1.00,        0.00
      720.00,       64.52,       30.60,        0.00,        0.00,        0.00,        0.00,        1.00,        4.25,        0.00,        0.00,        1.00,        1.00,        0.00
      721.00,       64.52,       28.19,        0.00,        0.00,        0.00,        0.00,        1.00,        4.25,        0.00,        0.00,        1.00,        1.00,        0.00
      722.00,       64.52,       27.11,        0.00,        0.00,        0.00,        0.00,        1.00,        4.25,        0.00,        0.00,        1.00,        1.00,        0.00
      723.00,       64.52,       26.13,        0.00,        0.00,        0.00,        0.00,        1.00,        4.25,        0.00,        0.00,        1.00,        1.00,        0.00
      724.00,       64.52,       25.99,        0.00,        0.00,        0.00,        0.00,        1.00,        4.25,        0.00,        0.00,        1.00,        1.00,        0.00
      725.00,       64.52,       25.98,        0.00,        0.00,        0.00,        0.00,        1.00,        4.25,        0.00,        0.00,        1.00,        1.00,        0.00
      726.00,       64.52,       28.39,        0.00,        0.00,        0.00,        0.00,        1.00,        4.25,        0.00,        0.00,        1.00,        1.00,        0.00
      727.00,       64.52,       28.39,        0.00,        0.00,        0.00,        0.00,        1.00,        4.25,        0.00,        0.00,        1.00,        1.00,        0.00
      728.00,       64.52,       30.05,        0.00,        0.00,        0.00,        0.00,        1.00,        4.25,        0.00,        0.00,        1.00,        1.00,        0.00
      729.00,       64.52,       31.14,        0.00,        0.00,        0.00,        0.00,        1.00,        4.25,        0.00,        0.00,        1.00,        1.00,        0.00
      730.00,       64.52,       29.62,        0.00,        0.00,        0.00,        0.00,        1.00,        4.25,        0.00,        0.00,        1.00,        1.00,        0.00
      731.00,       64.52,       27.46,        0.00,        0.00,        0.00,        0.00,        1.00,        4.25,        0.00,        0.00,        1.00,        1.00,        0.00
      732.00,       64.52,       25.74,        0.00,        0.00,        0.00,        0.00,        1.00,        4.25,        0.00,        0.00,        1.00,        1.00,        0.00
      733.00,       64.52,       23.82,        0.00,        0.00,        0.00,        0.00,        1.00,        4.25,        0.00,        0.00,        1.00,        1.00,        0.00
      734.00,       64.52,       25.52,        0.00,        0.00,        0.00,        0.00,        1.00,        4.25,        0.00,        0.00,        1.00,        1.00,        0.00
      735.00,       64.52,       24.48,        0.00,        0.00,        0.00,        0.00,        1.00,        4.25,        0.00,        0.00,        1.00,        1.00,        0.00
      736.00,       64.52,       27.83,        0.00,        0.00,        0.00,        0.00,        1.00,        4.25,        0.00,        0.00,        1.00,        1.00,        0.00
      737.00,       64.52,       31.22,        0.00,        0.00,        0.00,        0.00,        1.00,        4.25,        0.00,        0.00,        1.00,        1.00,        0.00
      738.00,       64.52,       39.18,        0.00,        0.00,        0.00,        0.00,        1.00,        4.25,        0.00,        0.00,        1.00,        1.00,        0.00
      739.00,       64.52,       43.90,        0.00,        0.00,        0.00,        0.00,        1.00,        4.25,        0.00,        0.00,        1.00,        1.00,        0.00
      740.00,       64.52,       41.29,        0.00,        0.00,        0.00,        0.00,        1.00,        4.25,        0.00,        0.00,        1.00,        1.00,        0.00
      741.00,       64.52,       39.77,        0.00,        0.00,        0.00,        0.00,        1.00,        4.25,        0.00,        0.00,        1.00,        1.00,        0.00
      742.00,       64.52,       37.34,        0.00,        0.00,        0.00,        0.00,        1.00,        4.25,        0.00,        0.00,        1.00,        1.00,        0.00
      743.00,       64.52,       33.44,        0.00,        0.00,        0.00,        0.00,        1.00,        4.25,        0.00,        0.00,        1.00,        1.00,        0.00
      744.00,       64.52,       30.46,        0.00,        0.00,        0.00,        0.00,        1.00,        4.25,        0.00,        0.00,        1.00,        1.00,        0.00
      745.00,       64.52,       27.04,        0.00,        0.00,        0.00,        0.00,        1.00,        4.25,        0.00,        0.00,        1.00,        1.00,        0.00
      746.00,       64.52,       26.42,        0.00,        0.00,        0.00,        0.00,        1.00,        4.25,        0.00,        0.00,        1.00,        1.00,        0.00
      747.00,       64.52,       27.90,        0.00,        0.00,        0.00,        0.00,        1.00,        4.25,        0.00,        0.00,        1.00,        1.00,        0.00
      748.00,       64.52,       26.11,        0.00,        0.00,        0.00,        0.00,        1.00,        4.25,        0.00,        0.00,        1.00,        1.00,        0.00
      749.00,       64.52,       26.41,        0.00,        0.00,        0.00,        0.00,        1.00,        4.25,        0.00,        0.00,        1.00,        1.00,        0.00
      750.00,       64.52,       28.99,        0.00,        0.00,        0.00,        0.00,        1.00,        4.25,        0.00,        0.00,        1.00,        1.00,        0.00
      751.00,       64.52,       30.88,        0.00,        0.00,        0.00,        0.00,        1.00,        4.25,        0.00,        0.00,        1.00,        1.00,        0.00
      752.00,       64.52,       31.27,        0.00,        0.00,        0.00,        0.00,        1.00,        4.25,        0.00,        0.00,        1.00,        1.00,        0.00
      753.00,       64.52,       31.82,        0.00,        0.00,        0.00,        0.00,        1.00,        4.25,        0.00,        0.00,        1.00,        1.00,        0.00
      754.00,       64.52,       27.68,        0.00,        0.00,        0.00,        0.00,        1.00,        4.25,        0.00,        0.00,        1.00,        1.00,        0.00
      755.00,       64.52,       26.37,        0.00,        0.00,        0.00,        0.00,        1.00,        4.25,        0.00,        0.00,        1.00,        1.00,        0.00
      756.00,       64.52,       26.14,        0.00,        0.00,        0.00,        0.00,        1.00,        4.25,        0.00,        0.00,        1.00,        1.00,        0.00
      757.00,       64.52,       25.80,        0.00,        0.00,        0.00,        0.00,        1.00,        4.25,        0.00,        0.00,        1.00,        1.00,        0.00
      758.00,       64.52,       24.81,        0.00,        0.00,        0.00,        0.00,        1.00,        4.25,        0.00,        0.00,        1.00,        1.00,        0.00
      759.00,       64.52,       23.76,        0.00,        0.00,        0.00,        0.00,        1.00,        4.25,        0.00,        0.00,        1.00,        1.00,        0.00
      760.00,       64.52,       26.26,        0.00,        0.00,        0.00,        0.00,        1.00,        4.25,        0.00,        0.00,        1.00,        1.00,        0.00
      761.00,       64.52,       34.20,        0.00,        0.00,        0.00,        0.00,        1.00,        4.25,        0.00,        0.00,        1.00,        1.00,        0.00
      762.00,       64.52,       39.18,        0.00,        0.00,        0.00,        0.00,        1.00,        4.25,        0.00,        0.00,        1.00,        1.00,        0.00
      763.00,       64.52,       52.23,        0.00,        0.00,        0.00,        0.00,        1.00,        4.25,        0.00,        0.00,        1.00,        1.00,        0.00
      764.00,       64.52,       42.73,        0.00,        0.00,        0.00,        0.00,        1.00,        4.25,        0.00,        0.00,        1.00,        1.00,        0.00
      765.00,       64.52,       41.74,        0.00,        0.00,        0.00,        0.00,        1.00,        4.25,        0.00,        0.00,        1.00,        1.00,        0.00
      766.00,       64.52,       36.37,        0.00,        0.00,        0.00,        0.00,        1.00,        4.25,        0.00,        0.00,        1.00,        1.00,        0.00
      767.00,       64.52,       32.41,        0.00,        0.00,        0.00,        0.00,        1.00,        4.25,        0.00,        0.00,        1.00,        1.00,        0.00
      768.00,       64.52,       30.47,        0.00,        0.00,        0.00,        0.00,        1.00,        4.25,        0.00,        0.00,        1.00,        1.00,        0.00
      769.00,       64.52,       26.53,        0.00,        0.00,        0.00,        0.00,        1.00,        4.25,        0.00,        0.00,        1.00,        1.00,        0.00
      770.00,       64.52,       25.62,        0.00,        0.00,        0.00,        0.00,        1.00,        4.25,        0.00,        0.00,        1.00,        1.00,        0.00
      771.00,       64.52,       25.72,        0.00,        0.00,        0.00,        0.00,        1.00,        4.25,        0.00,        0.00,        1.00,        1.00,        0.00
      772.00,       64.52,       25.02,        0.00,        0.00,        0.00,        0.00,        1.00,        4.25,        0.00,        0.00,        1.00,        1.00,        0.00
      773.00,       64.52,       26.30,        0.00,        0.00,        0.00,        0.00,        1.00,        4.25,        0.00,        0.00,        1.00,        1.00,        0.00
      774.00,       64.52,       31.73,        0.00,        0.00,        0.00,        0.00,        1.00,        4.25,        0.00,        0.00,        1.00,        1.00,        0.00
      775.00,       64.52,       35.89,        0.00,        0.00,        0.00,        0.00,        1.00,        4.25,        0.00,        0.00,        1.00,        1.00,        0.00
      776.00,       64.52,       40.54,        0.00,        0.00,        0.00,        0.00,        1.00,        4.25,        0.00,        0.00,        1.00,        1.00,        0.00
      777.00,       64.52,       37.00,        0.00,        0.00,        0.00,        0.00,        1.00,        4.25,        0.00,        0.00,        1.00,        1.00,        0.00
      778.00,       64.52,       36.28,        0.00,        0.00,        0.00,        0.00,        1.00,        4.25,        0.00,        0.00,        1.00,        1.00,        0.00
      779.00,       64.52,       32.49,        0.00,        0.00,        0.00,        0.00,        1.00,        4.25,        0.00,        0.00,        1.00,        1.00,        0.00
      780.00,       64.52,       31.19,        0.00,        0.00,        0.00,        0.00,        1.00,        4.25,        0.00,        0.00,        1.00,        1.00,        0.00
      781.00,       64.52,       30.26,        0.00,        0.00,        0.00,        0.00,        1.00,        4.25,        0.00,        0.00,        1.00,        1.00,        0.00
      782.00,       64.52,       29.83,        0.00,        0.00,        0.00,        0.00,        1.00,        4.25,        0.00,        0.00,        1.00,        1.00,        0.00
      783.00,       64.52,       31.61,        0.00,        0.00,        0.00,        0.00,        1.00,        4.25,        0.00,        0.00,        1.00,        1.00,        0.00
      784.00,       64.52,       34.48,        0.00,        0.00,        0.00,        0.00,        1.00,        4.25,        0.00,        0.00,        1.00,        1.00,        0.00
      785.00,       64.52,       37.90,        0.00,        0.00,        0.00,        0.00,        1.00,        4.25,        0.00,        0.00,        1.00,        1.00,        0.00
      786.00,       64.52,       46.61,        0.00,        0.00,        0.00,        0.00,        1.00,        4.25,        0.00,        0.00,        1.00,        1.00,        0.00
      787.00,       64.52,       54.72,        0.00,        0.00,        0.00,        0.00,        1.00,        4.25,        0.00,        0.00,        1.00,        1.00,        0.00
      788.00,       64.52,       43.83,        0.00,        0.00,        0.00,        0.00,        1.00,        4.25,        0.00,        0.00,        1.00,        1.00,        0.00
      789.00,       64.52,       42.10,        0.00,        0.00,        0.00,        0.00,        1.00,        4.25,        0.00,        0.00,        1.00,        1.00,        0.00
      790.00,       64.52,       35.92,        0.00,        0.00,        0.00,        0.00,        1.00,        4.25,        0.00,        0.00,        1.00,        1.00,        0.00
      791.00,       64.52,       34.68,        0.00,        0.00,        0.00,        0.00,        1.00,        4.25,        0.00,        0.00,        1.00,        1.00,        0.00
      792.00,       64.52,       31.14,        0.00,        0.00,        0.00,        0.00,        1.00,        4.25,        0.00,        0.00,        1.00,        1.00,        0.00
      793.00,       64.52,       26.10,        0.00,        0.00,        0.00,        0.00,        1.00,        4.25,        0.00,        0.00,        1.00,        1.00,        0.00
      794.00,       64.52,       25.02,        0.00,        0.00,        0.00,        0.00,        1.00,        4.25,        0.00,        0.00,        1.00,        1.00,        0.00
      795.00,       64.52,       24.18,        0.00,        0.00,        0.00,        0.00,        1.00,        4.25,        0.00,        0.00,        1.00,        1.00,        0.00
      796.00,       64.52,       23.59,        0.00,        0.00,        0.00,        0.00,        1.00,        4.25,        0.00,        0.00,        1.00,        1.00,        0.00
      797.00,       64.52,       24.46,        0.00,        0.00,        0.00,        0.00,        1.00,        4.25,        0.00,        0.00,        1.00,        1.00,        0.00
      798.00,       64.52,       30.88,        0.00,        0.00,        0.00,        0.00,        1.00,        4.25,        0.00,        0.00,        1.00,        1.00,        0.00
      799.00,       64.52,       35.00,        0.00,        0.00,        0.00,        0.00,        1.00,        4.25,        0.00,        0.00,        1.00,        1.00,        0.00
      800.00,       64.52,       39.67,        0.00,        0.00,        0.00,        0.00,        1.00,        4.25,        0.00,        0.00,        1.00,        1.00,        0.00
      801.00,       64.52,       36.98,        0.00,        0.00,        0.00,        0.00,        1.00,        4.25,        0.00,        0.00,        1.00,        1.00,        0.00
      802.00,       64.52,       34.19,        0.00,        0.00,        0.00,        0.00,        1.00,        4.25,        0.00,        0.00,        1.00,        1.00,        0.00
      803.00,       64.52,       32.78,        0.00,        0.00,        0.00,        0.00,        1.00,        4.25,        0.00,        0.00,        1.00,        1.00,        0.00
      804.00,       64.52,       29.82,        0.00,        0.00,        0.00,        0.00,        1.00,        4.25,        0.00,        0.00,        1.00,        1.00,        0.00
      805.00,       64.52,       28.51,        0.00,        0.00,        0.00,        0.00,        1.00,        4.25,        0.00,        0.00,        1.00,        1.00,        0.00
      806.00,       64.52,       28.66,        0.00,        0.00,        0.00,        0.00,        1.00,        4.25,        0.00,        0.00,        1.00,        1.00,        0.00
      807.00,       64.52,       30.21,        0.00,        0.00,        0.00,        0.00,        1.00,        4.25,        0.00,        0.00,        1.00,        1.00,        0.00
      808.00,       64.52,       32.39,        0.00,        0.00,        0.00,        0.00,        1.00,        4.25,        0.00,        0.00,        1.00,        1.00,        0.00
      809.00,       64.52,       36.00,        0.00,        0.00,        0.00,        0.00,        1.00,        4.25,        0.00,        0.00,        1.00,        1.00,        0.00
      810.00,       64.52,       43.14,        0.00,        0.00,        0.00,        0.00,        1.00,        4.25,        0.00,        0.00,        1.00,        1.00,        0.00
      811.00,       64.52,       50.27,        0.00,        0.00,        0.00,        0.00,        1.00,        4.25,        0.00,        0.00,        1.00,        1.00,        0.00
      812.00,       64.52,       42.47,        0.00,        0.00,        0.00,        0.00,        1.00,        4.25,        0.00,        0.00,        1.00,        1.00,        0.00
      813.00,       64.52,       41.72,        0.00,        0.00,        0.00,        0.00,        1.00,        4.25,        0.00,        0.00,        1.00,        1.00,        0.00
      814.00,       64.52,       36.13,        0.00,        0.00,        0.00,        0.00,        1.00,        4.25,        0.00,        0.00,        1.00,        1.00,        0.00
      815.00,       64.52,       32.94,        0.00,        0.00,        0.00,        0.00,        1.00,        4.25,        0.00,        0.00,        1.00,        1.00,        0.00
      816.00,       64.52,       29.92,        0.00,        0.00,        0.00,        0.00,        1.00,        4.25,        0.00,        0.00,        1.00,        1.00,        0.00
      817.00,       64.52,       24.53,        0.00,        0.00,        0.00,        0.00,        1.00,        4.25,        0.00,        0.00,        1.00,        1.00,        0.00
      818.00,       64.52,       23.81,        0.00,        0.00,        0.00,        0.00,        1.00,        4.25,        0.00,        0.00,        1.00,        1.00,        0.00
      819.00,       64.52,       23.77,        0.00,        0.00,        0.00,        0.00,        1.00,        4.25,        0.00,        0.00,        1.00,        1.00,        0.00
      820.00,       64.52,       23.52,        0.00,        0.00,        0.00,        0.00,        1.00,        4.25,        0.00,        0.00,        1.00,        1.00,        0.00
      821.00,       64.52,       24.69,        0.00,        0.00,        0.00,        0.00,        1.00,        4.25,        0.00,        0.00,        1.00,        1.00,        0.00
      822.00,       64.52,       30.40,        0.00,        0.00,        0.00,        0.00,        1.00,        4.25,        0.00,        0.00,        1.00,        1.00,        0.00
      823.00,       64.52,       36.61,        0.00,        0.00,        0.00,        0.00,        1.00,        4.25,        0.00,        0.00,        1.00,        1.00,        0.00
      824.00,       64.52,       40.19,        0.00,        0.00,        0.00,        0.00,        1.00,        4.25,        0.00,        0.00,        1.00,        1.00,        0.00
      825.00,       64.52,       36.37,        0.00,        0.00,        0.00,        0.00,        1.00,        4.25,        0.00,        0.00,        1.00,        1.00,        0.00
      826.00,       64.52,       32.45,        0.00,        0.00,        0.00,        0.00,        1.00,        4.25,        0.00,        0.00,        1.00,        1.00,        0.00
      827.00,       64.52,       29.62,        0.00,        0.00,        0.00,        0.00,        1.00,        4.25,        0.00,        0.00,        1.00,        1.00,        0.00
      828.00,       64.52,       28.40,        0.00,        0.00,        0.00,        0.00,        1.00,        4.25,        0.00,        0.00,        1.00,        1.00,        0.00
      829.00,       64.52,       28.16,        0.00,        0.00,        0.00,        0.00,        1.00,        4.25,        0.00,        0.00,        1.00,        1.00,        0.00
      830.00,       64.52,       28.27,        0.00,        0.00,        0.00,        0.00,        1.00,        4.25,        0.00,        0.00,        1.00,        1.00,        0.00
      831.00,       64.52,       28.65,        0.00,        0.00,        0.00,        0.00,        1.00,        4.25,        0.00,        0.00,        1.00,        1.00,        0.00
      832.00,       64.52,       31.36,        0.00,        0.00,        0.00,        0.00,        1.00,        4.25,        0.00,        0.00,        1.00,        1.00,        0.00
      833.00,       64.52,       35.83,        0.00,        0.00,        0.00,        0.00,        1.00,        4.25,        0.00,        0.00,        1.00,        1.00,        0.00
      834.00,       64.52,       44.37,        0.00,        0.00,        0.00,        0.00,        1.00,        4.25,        0.00,        0.00,        1.00,        1.00,        0.00
      835.00,       64.52,       50.64,        0.00,        0.00,        0.00,        0.00,        1.00,        4.25,        0.00,        0.00,        1.00,        1.00,        0.00
      836.00,       64.52,       42.15,        0.00,        0.00,        0.00,        0.00,        1.00,        4.25,        0.00,        0.00,        1.00,        1.00,        0.00
      837.00,       64.52,       39.38,        0.00,        0.00,        0.00,        0.00,        1.00,        4.25,        0.00,        0.00,        1.00,        1.00,        0.00
      838.00,       64.52,       35.17,        0.00,        0.00,        0.00,        0.00,        1.00,        4.25,        0.00,        0.00,        1.00,        1.00,        0.00
      839.00,       64.52,       31.90,        0.00,        0.00,        0.00,        0.00,        1.00,        4.25,        0.00,        0.00,        1.00,        1.00,        0.00
      840.00,       64.52,       29.15,        0.00,        0.00,        0.00,        0.00,        1.00,        4.25,        0.00,        0.00,        1.00,        1.00,        0.00
      841.00,       64.52,       25.02,        0.00,        0.00,        0.00,        0.00,        1.00,        4.25,        0.00,        0.00,        1.00,        1.00,        0.00
      842.00,       64.52,       23.38,        0.00,        0.00,        0.00,        0.00,        1.00,        4.25,        0.00,        0.00,        1.00,        1.00,        0.00
      843.00,       64.52,       22.88,        0.00,        0.00,        0.00,        0.00,        1.00,        4.25,        0.00,        0.00,        1.00,        1.00,        0.00
      844.00,       64.52,       22.55,        0.00,        0.00,        0.00,        0.00,        1.00,        4.25,        0.00,        0.00,        1.00,        1.00,        0.00
      845.00,       64.52,       23.90,        0.00,        0.00,        0.00,        0.00,        1.00,        4.25,        0.00,        0.00,        1.00,        1.00,        0.00
      846.00,       64.52,       31.23,        0.00,        0.00,        0.00,        0.00,        1.00,        4.25,        0.00,        0.00,        1.00,        1.00,        0.00
      847.00,       64.52,       36.01,        0.00,        0.00,        0.00,        0.00,        1.00,        4.25,        0.00,        0.00,        1.00,        1.00,        0.00
      848.00,       64.52,       39.27,        0.00,        0.00,        0.00,        0.00,        1.00,        4.25,        0.00,        0.00,        1.00,        1.00,        0.00
      849.00,       64.52,       34.30,        0.00,        0.00,        0.00,        0.00,        1.00,        4.25,        0.00,        0.00,        1.00,        1.00,        0.00
      850.00,       64.52,       31.17,        0.00,        0.00,        0.00,        0.00,        1.00,        4.25,        0.00,        0.00,        1.00,        1.00,        0.00
      851.00,       64.52,       29.01,        0.00,        0.00,        0.00,        0.00,        1.00,        4.25,        0.00,        0.00,        1.00,        1.00,        0.00
      852.00,       64.52,       27.95,        0.00,        0.00,        0.00,        0.00,        1.00,        4.25,        0.00,        0.00,        1.00,        1.00,        0.00
      853.00,       64.52,       27.37,        0.00,        0.00,        0.00,        0.00,        1.00,        4.25,        0.00,        0.00,        1.00,        1.00,        0.00
      854.00,       64.52,       27.57,        0.00,        0.00,        0.00,        0.00,        1.00,        4.25,        0.00,        0.00,        1.00,        1.00,        0.00
      855.00,       64.52,       28.09,        0.00,        0.00,        0.00,        0.00,        1.00,        4.25,        0.00,        0.00,        1.00,        1.00,        0.00
      856.00,       64.52,       29.79,        0.00,        0.00,        0.00,        0.00,        1.00,        4.25,        0.00,        0.00,        1.00,        1.00,        0.00
      857.00,       64.52,       36.10,        0.00,        0.00,        0.00,        0.00,        1.00,        4.25,        0.00,        0.00,        1.00,        1.00,        0.00
      858.00,       64.52,       37.24,        0.00,        0.00,        0.00,        0.00,        1.00,        4.25,        0.00,        0.00,        1.00,        1.00,        0.00
      859.00,       64.52,       48.54,        0.00,        0.00,        0.00,        0.00,        1.00,        4.25,        0.00,        0.00,        1.00,        1.00,        0.00
      860.00,       64.52,       41.75,        0.00,        0.00,        0.00,        0.00,        1.00,        4.25,        0.00,        0.00,        1.00,        1.00,        0.00
      861.00,       64.52,       41.27,        0.00,        0.00,        0.00,        0.00,        1.00,        4.25,        0.00,        0.00,        1.00,        1.00,        0.00
      862.00,       64.52,       35.54,        0.00,        0.00,        0.00,        0.00,        1.00,        4.25,        0.00,        0.00,        1.00,        1.00,        0.00
      863.00,       64.52,       31.43,        0.00,        0.00,        0.00,        0.00,        1.00,        4.25,        0.00,        0.00,        1.00,        1.00,        0.00
      864.00,       64.52,       29.35,        0.00,        0.00,        0.00,        0.00,        1.00,        4.25,        0.00,        0.00,        1.00,        1.00,        0.00
      865.00,       64.52,       24.49,        0.00,        0.00,        0.00,        0.00,        1.00,        4.25,        0.00,        0.00,        1.00,        1.00,        0.00
      866.00,       64.52,       22.19,        0.00,        0.00,        0.00,        0.00,        1.00,        4.25,        0.00,        0.00,        1.00,        1.00,        0.00
      867.00,       64.52,       21.01,        0.00,        0.00,        0.00,        0.00,        1.00,        4.25,        0.00,        0.00,        1.00,        1.00,        0.00
      868.00,       64.52,       20.07,        0.00,        0.00,        0.00,        0.00,        1.00,        4.25,        0.00,        0.00,        1.00,        1.00,        0.00
      869.00,       64.52,       22.78,        0.00,        0.00,        0.00,        0.00,        1.00,        4.25,        0.00,        0.00,        1.00,        1.00,        0.00
      870.00,       64.52,       28.31,        0.00,        0.00,        0.00,        0.00,        1.00,        4.25,        0.00,        0.00,        1.00,        1.00,        0.00
      871.00,       64.52,       34.54,        0.00,        0.00,        0.00,        0.00,        1.00,        4.25,        0.00,        0.00,        1.00,        1.00,        0.00
      872.00,       64.52,       38.18,        0.00,        0.00,        0.00,        0.00,        1.00,        4.25,        0.00,        0.00,        1.00,        1.00,        0.00
      873.00,       64.52,       33.69,        0.00,        0.00,        0.00,        0.00,        1.00,        4.25,        0.00,        0.00,        1.00,        1.00,        0.00
      874.00,       64.52,       30.13,        0.00,        0.00,        0.00,        0.00,        1.00,        4.25,        0.00,        0.00,        1.00,        1.00,        0.00
      875.00,       64.52,       28.10,        0.00,        0.00,        0.00,        0.00,        1.00,        4.25,        0.00,        0.00,        1.00,        1.00,        0.00
      876.00,       64.52,       26.74,        0.00,        0.00,        0.00,        0.00,        1.00,        4.25,        0.00,        0.00,        1.00,        1.00,        0.00
      877.00,       64.52,       25.88,        0.00,        0.00,        0.00,        0.00,        1.00,        4.25,        0.00,        0.00,        1.00,        1.00,        0.00
      878.00,       64.52,       26.12,        0.00,        0.00,        0.00,        0.00,        1.00,        4.25,        0.00,        0.00,        1.00,        1.00,        0.00
      879.00,       64.52,       27.13,        0.00,        0.00,        0.00,        0.00,        1.00,        4.25,        0.00,        0.00,        1.00,        1.00,        0.00
      880.00,       64.52,       30.11,        0.00,        0.00,        0.00,        0.00,        1.00,        4.25,        0.00,        0.00,        1.00,        1.00,        0.00
      881.00,       64.52,       37.81,        0.00,        0.00,        0.00,        0.00,        1.00,        4.25,        0.00,        0.00,        1.00,        1.00,        0.00
      882.00,       64.52,       46.03,        0.00,        0.00,        0.00,        0.00,        1.00,        4.25,        0.00,        0.00,        1.00,        1.00,        0.00
      883.00,       64.52,       78.54,        0.00,        0.00,        0.00,        0.00,        1.00,        4.25,        0.00,        0.00,        1.00,        1.00,        0.00
      884.00,       64.52,       41.50,        0.00,        0.00,        0.00,        0.00,        1.00,        4.25,        0.00,        0.00,        1.00,        1.00,        0.00
      885.00,       64.52,       39.46,        0.00,        0.00,        0.00,        0.00,        1.00,        4.25,        0.00,        0.00,        1.00,        1.00,        0.00
      886.00,       64.52,       34.31,        0.00,        0.00,        0.00,        0.00,        1.00,        4.25,        0.00,        0.00,        1.00,        1.00,        0.00
      887.00,       64.52,       30.69,        0.00,        0.00,        0.00,        0.00,        1.00,        4.25,        0.00,        0.00,        1.00,        1.00,        0.00
      888.00,       64.52,       28.18,        0.00,        0.00,        0.00,        0.00,        1.00,        4.25,        0.00,        0.00,        1.00,        1.00,        0.00
      889.00,       64.52,       25.57,        0.00,        0.00,        0.00,        0.00,        1.00,        4.25,        0.00,        0.00,        1.00,        1.00,        0.00
      890.00,       64.52,       23.77,        0.00,        0.00,        0.00,        0.00,        1.00,        4.25,        0.00,        0.00,        1.00,        1.00,        0.00
      891.00,       64.52,       23.20,        0.00,        0.00,        0.00,        0.00,        1.00,        4.25,        0.00,        0.00,        1.00,        1.00,        0.00
      892.00,       64.52,       22.23,        0.00,        0.00,        0.00,        0.00,        1.00,        4.25,        0.00,        0.00,        1.00,        1.00,        0.00
      893.00,       64.52,       22.43,        0.00,        0.00,        0.00,        0.00,        1.00,        4.25,        0.00,        0.00,        1.00,        1.00,        0.00
      894.00,       64.52,       24.10,        0.00,        0.00,        0.00,        0.00,        1.00,        4.25,        0.00,        0.00,        1.00,        1.00,        0.00
      895.00,       64.52,       27.20,        0.00,        0.00,        0.00,        0.00,        1.00,        4.25,        0.00,        0.00,        1.00,        1.00,        0.00
      896.00,       64.52,       29.92,        0.00,        0.00,        0.00,        0.00,        1.00,        4.25,        0.00,        0.00,        1.00,        1.00,        0.00
      897.00,       64.52,       29.65,        0.00,        0.00,        0.00,        0.00,        1.00,        4.25,        0.00,        0.00,        1.00,        1.00,        0.00
      898.00,       64.52,       27.51,        0.00,        0.00,        0.00,        0.00,        1.00,        4.25,        0.00,        0.00,        1.00,        1.00,        0.00
      899.00,       64.52,       26.77,        0.00,        0.00,        0.00,        0.00,        1.00,        4.25,        0.00,        0.00,        1.00,        1.00,        0.00
      900.00,       64.52,       26.20,        0.00,        0.00,        0.00,        0.00,        1.00,        4.25,        0.00,        0.00,        1.00,        1.00,        0.00
      901.00,       64.52,       25.66,        0.00,        0.00,        0.00,        0.00,        1.00,        4.25,        0.00,        0.00,        1.00,        1.00,        0.00
      902.00,       64.52,       23.23,        0.00,        0.00,        0.00,        0.00,        1.00,        4.25,        0.00,        0.00,        1.00,        1.00,        0.00
      903.00,       64.52,       24.08,        0.00,        0.00,        0.00,        0.00,        1.00,        4.25,        0.00,        0.00,        1.00,        1.00,        0.00
      904.00,       64.52,       25.73,        0.00,        0.00,        0.00,        0.00,        1.00,        4.25,        0.00,        0.00,        1.00,        1.00,        0.00
      905.00,       64.52,       33.09,        0.00,        0.00,        0.00,        0.00,        1.00,        4.25,        0.00,        0.00,        1.00,        1.00,        0.00
      906.00,       64.52,       40.21,        0.00,        0.00,        0.00,        0.00,        1.00,        4.25,        0.00,        0.00,        1.00,        1.00,        0.00
      907.00,       64.52,       50.60,        0.00,        0.00,        0.00,        0.00,        1.00,        4.25,        0.00,        0.00,        1.00,        1.00,        0.00
      908.00,       64.52,       39.65,        0.00,        0.00,        0.00,        0.00,        1.00,        4.25,        0.00,        0.00,        1.00,        1.00,        0.00
      909.00,       64.52,       38.57,        0.00,        0.00,        0.00,        0.00,        1.00,        4.25,        0.00,        0.00,        1.00,        1.00,        0.00
      910.00,       64.52,       33.13,        0.00,        0.00,        0.00,        0.00,        1.00,        4.25,        0.00,        0.00,        1.00,        1.00,        0.00
      911.00,       64.52,       30.82,        0.00,        0.00,        0.00,        0.00,        1.00,        4.25,        0.00,        0.00,        1.00,        1.00,        0.00
      912.00,       64.52,       27.04,        0.00,        0.00,        0.00,        0.00,        1.00,        4.25,        0.00,        0.00,        1.00,        1.00,        0.00
      913.00,       64.52,       26.89,        0.00,        0.00,        0.00,        0.00,        1.00,        4.25,        0.00,        0.00,        1.00,        1.00,        0.00
      914.00,       64.52,       24.82,        0.00,        0.00,        0.00,        0.00,        1.00,        4.25,        0.00,        0.00,        1.00,        1.00,        0.00
      915.00,       64.52,       24.56,        0.00,        0.00,        0.00,        0.00,        1.00,        4.25,        0.00,        0.00,        1.00,        1.00,        0.00
      916.00,       64.52,       24.42,        0.00,        0.00,        0.00,        0.00,        1.00,        4.25,        0.00,        0.00,        1.00,        1.00,        0.00
      917.00,       64.52,       24.65,        0.00,        0.00,        0.00,        0.00,        1.00,        4.25,        0.00,        0.00,        1.00,        1.00,        0.00
      918.00,       64.52,       26.46,        0.00,        0.00,        0.00,        0.00,        1.00,        4.25,        0.00,        0.00,        1.00,        1.00,        0.00
      919.00,       64.52,       31.35,        0.00,        0.00,        0.00,        0.00,        1.00,        4.25,        0.00,        0.00,        1.00,        1.00,        0.00
      920.00,       64.52,       32.25,        0.00,        0.00,        0.00,        0.00,        1.00,        4.25,        0.00,        0.00,        1.00,        1.00,        0.00
      921.00,       64.52,       29.55,        0.00,        0.00,        0.00,        0.00,        1.00,        4.25,        0.00,        0.00,        1.00,        1.00,        0.00
      922.00,       64.52,       26.71,        0.00,        0.00,        0.00,        0.00,        1.00,        4.25,        0.00,        0.00,        1.00,        1.00,        0.00
      923.00,       64.52,       24.99,        0.00,        0.00,        0.00,        0.00,        1.00,        4.25,        0.00,        0.00,        1.00,        1.00,        0.00
      924.00,       64.52,       24.89,        0.00,        0.00,        0.00,        0.00,        1.00,        4.25,        0.00,        0.00,        1.00,        1.00,        0.00
      925.00,       64.52,       23.74,        0.00,        0.00,        0.00,        0.00,        1.00,        4.25,        0.00,        0.00,        1.00,        1.00,        0.00
      926.00,       64.52,       23.71,        0.00,        0.00,        0.00,        0.00,        1.00,        4.25,        0.00,        0.00,        1.00,        1.00,        0.00
      927.00,       64.52,       22.84,        0.00,        0.00,        0.00,        0.00,        1.00,        4.25,        0.00,        0.00,        1.00,        1.00,        0.00
      928.00,       64.52,       24.16,        0.00,        0.00,        0.00,        0.00,        1.00,        4.25,        0.00,        0.00,        1.00,        1.00,        0.00
      929.00,       64.52,       29.99,        0.00,        0.00,        0.00,        0.00,        1.00,        4.25,        0.00,        0.00,        1.00,        1.00,        0.00
      930.00,       64.52,       39.94,        0.00,        0.00,        0.00,        0.00,        1.00,        4.25,        0.00,        0.00,        1.00,        1.00,        0.00
      931.00,       64.52,       50.80,        0.00,        0.00,        0.00,        0.00,        1.00,        4.25,        0.00,        0.00,        1.00,        1.00,        0.00
      932.00,       64.52,       41.23,        0.00,        0.00,        0.00,        0.00,        1.00,        4.25,        0.00,        0.00,        1.00,        1.00,        0.00
      933.00,       64.52,       40.56,        0.00,        0.00,        0.00,        0.00,        1.00,        4.25,        0.00,        0.00,        1.00,        1.00,        0.00
      934.00,       64.52,       32.53,        0.00,        0.00,        0.00,        0.00,        1.00,        4.25,        0.00,        0.00,        1.00,        1.00,        0.00
      935.00,       64.52,       30.24,        0.00,        0.00,        0.00,        0.00,        1.00,        4.25,        0.00,        0.00,        1.00,        1.00,        0.00
      936.00,       64.52,       27.94,        0.00,        0.00,        0.00,        0.00,        1.00,        4.25,        0.00,        0.00,        1.00,        1.00,        0.00
      937.00,       64.52,       23.32,        0.00,        0.00,        0.00,        0.00,        1.00,        4.25,        0.00,        0.00,        1.00,        1.00,        0.00
      938.00,       64.52,       22.40,        0.00,        0.00,        0.00,        0.00,        1.00,        4.25,        0.00,        0.00,        1.00,        1.00,        0.00
      939.00,       64.52,       21.46,        0.00,        0.00,        0.00,        0.00,        1.00,        4.25,        0.00,        0.00,        1.00,        1.00,        0.00
      940.00,       64.52,       20.83,        0.00,        0.00,        0.00,        0.00,        1.00,        4.25,        0.00,        0.00,        1.00,        1.00,        0.00
      941.00,       64.52,       22.03,        0.00,        0.00,        0.00,        0.00,        1.00,        4.25,        0.00,        0.00,        1.00,        1.00,        0.00
      942.00,       64.52,       30.48,        0.00,        0.00,        0.00,        0.00,        1.00,        4.25,        0.00,        0.00,        1.00,        1.00,        0.00
      943.00,       64.52,       33.80,        0.00,        0.00,        0.00,        0.00,        1.00,        4.25,        0.00,        0.00,        1.00,        1.00,        0.00
      944.00,       64.52,       39.56,        0.00,        0.00,        0.00,        0.00,        1.00,        4.25,        0.00,        0.00,        1.00,        1.00,        0.00
      945.00,       64.52,       33.89,        0.00,        0.00,        0.00,        0.00,        1.00,        4.25,        0.00,        0.00,        1.00,        1.00,        0.00
      946.00,       64.52,       31.45,        0.00,        0.00,        0.00,        0.00,        1.00,        4.25,        0.00,        0.00,        1.00,        1.00,        0.00
      947.00,       64.52,       29.12,        0.00,        0.00,        0.00,        0.00,        1.00,        4.25,        0.00,        0.00,        1.00,        1.00,        0.00
      948.00,       64.52,       27.40,        0.00,        0.00,        0.00,        0.00,        1.00,        4.25,        0.00,        0.00,        1.00,        1.00,        0.00
      949.00,       64.52,       26.57,        0.00,        0.00,        0.00,        0.00,        1.00,        4.25,        0.00,        0.00,        1.00,        1.00,        0.00
      950.00,       64.52,       26.34,        0.00,        0.00,        0.00,        0.00,        1.00,        4.25,        0.00,        0.00,        1.00,        1.00,        0.00
      951.00,       64.52,       26.09,        0.00,        0.00,        0.00,        0.00,        1.00,        4.25,        0.00,        0.00,        1.00,        1.00,        0.00
      952.00,       64.52,       28.15,        0.00,        0.00,        0.00,        0.00,        1.00,        4.25,        0.00,        0.00,        1.00,        1.00,        0.00
      953.00,       64.52,       33.46,        0.00,        0.00,        0.00,        0.00,        1.00,        4.25,        0.00,        0.00,        1.00,        1.00,        0.00
      954.00,       64.52,       43.37,        0.00,        0.00,        0.00,        0.00,        1.00,        4.25,        0.00,        0.00,        1.00,        1.00,        0.00
      955.00,       64.52,       53.53,        0.00,        0.00,        0.00,        0.00,        1.00,        4.25,        0.00,        0.00,        1.00,        1.00,        0.00
      956.00,       64.52,       41.87,        0.00,        0.00,        0.00,        0.00,        1.00,        4.25,        0.00,        0.00,        1.00,        1.00,        0.00
      957.00,       64.52,       39.62,        0.00,        0.00,        0.00,        0.00,        1.00,        4.25,        0.00,        0.00,        1.00,        1.00,        0.00
      958.00,       64.52,       33.65,        0.00,        0.00,        0.00,        0.00,        1.00,        4.25,        0.00,        0.00,        1.00,        1.00,        0.00
      959.00,       64.52,       31.72,        0.00,        0.00,        0.00,        0.00,        1.00,        4.25,        0.00,        0.00,        1.00,        1.00,        0.00
      960.00,       64.52,       28.78,        0.00,        0.00,        0.00,        0.00,        1.00,        4.25,        0.00,        0.00,        1.00,        1.00,        0.00
      961.00,       64.52,       24.32,        0.00,        0.00,        0.00,        0.00,        1.00,        4.25,        0.00,        0.00,        1.00,        1.00,        0.00
      962.00,       64.52,       23.61,        0.00,        0.00,        0.00,        0.00,        1.00,        4.25,        0.00,        0.00,        1.00,        1.00,        0.00
      963.00,       64.52,       22.25,        0.00,        0.00,        0.00,        0.00,        1.00,        4.25,        0.00,        0.00,        1.00,        1.00,        0.00
      964.00,       64.52,       21.89,        0.00,        0.00,        0.00,        0.00,        1.00,        4.25,        0.00,        0.00,        1.00,        1.00,        0.00
      965.00,       64.52,       23.16,        0.00,        0.00,        0.00,        0.00,        1.00,        4.25,        0.00,        0.00,        1.00,        1.00,        0.00
      966.00,       64.52,       30.17,        0.00,        0.00,        0.00,        0.00,        1.00,        4.25,        0.00,        0.00,        1.00,        1.00,        0.00
      967.00,       64.52,       37.42,        0.00,        0.00,        0.00,        0.00,        1.00,        4.25,        0.00,        0.00,        1.00,        1.00,        0.00
      968.00,       64.52,       39.38,        0.00,        0.00,        0.00,        0.00,        1.00,        4.25,        0.00,        0.00,        1.00,        1.00,        0.00
      969.00,       64.52,       35.11,        0.00,        0.00,        0.00,        0.00,        1.00,        4.25,        0.00,        0.00,        1.00,        1.00,        0.00
      970.00,       64.52,       31.11,        0.00,        0.00,        0.00,        0.00,        1.00,        4.25,        0.00,        0.00,        1.00,        1.00,        0.00
      971.00,       64.52,       29.44,        0.00,        0.00,        0.00,        0.00,        1.00,        4.25,        0.00,        0.00,        1.00,        1.00,        0.00
      972.00,       64.52,       28.13,        0.00,        0.00,        0.00,        0.00,        1.00,        4.25,        0.00,        0.00,        1.00,        1.00,        0.00
      973.00,       64.52,       27.76,        0.00,        0.00,        0.00,        0.00,        1.00,        4.25,        0.00,        0.00,        1.00,        1.00,        0.00
      974.00,       64.52,       27.54,        0.00,        0.00,        0.00,        0.00,        1.00,        4.25,        0.00,        0.00,        1.00,        1.00,        0.00
      975.00,       64.52,       28.22,        0.00,        0.00,        0.00,        0.00,        1.00,        4.25,        0.00,        0.00,        1.00,        1.00,        0.00
      976.00,       64.52,       29.74,        0.00,        0.00,        0.00,        0.00,        1.00,        4.25,        0.00,        0.00,        1.00,        1.00,        0.00
      977.00,       64.52,       34.33,        0.00,        0.00,        0.00,        0.00,        1.00,        4.25,        0.00,        0.00,        1.00,        1.00,        0.00
      978.00,       64.52,       43.57,        0.00,        0.00,        0.00,        0.00,        1.00,        4.25,        0.00,        0.00,        1.00,        1.00,        0.00
      979.00,       64.52,       53.80,        0.00,        0.00,        0.00,        0.00,        1.00,        4.25,        0.00,        0.00,        1.00,        1.00,        0.00
      980.00,       64.52,       43.35,        0.00,        0.00,        0.00,        0.00,        1.00,        4.25,        0.00,        0.00,        1.00,        1.00,        0.00
      981.00,       64.52,       41.04,        0.00,        0.00,        0.00,        0.00,        1.00,        4.25,        0.00,        0.00,        1.00,        1.00,        0.00
      982.00,       64.52,       35.07,        0.00,        0.00,        0.00,        0.00,        1.00,        4.25,        0.00,        0.00,        1.00,        1.00,        0.00
      983.00,       64.52,       32.64,        0.00,        0.00,        0.00,        0.00,        1.00,        4.25,        0.00,        0.00,        1.00,        1.00,        0.00
      984.00,       64.52,       29.12,        0.00,        0.00,        0.00,        0.00,        1.00,        4.25,        0.00,        0.00,        1.00,        1.00,        0.00
      985.00,       64.52,       24.99,        0.00,        0.00,        0.00,        0.00,        1.00,        4.25,        0.00,        0.00,        1.00,        1.00,        0.00
      986.00,       64.52,       23.66,        0.00,        0.00,        0.00,        0.00,        1.00,        4.25,        0.00,        0.00,        1.00,        1.00,        0.00
      987.00,       64.52,       23.63,        0.00,        0.00,        0.00,        0.00,        1.00,        4.25,        0.00,        0.00,        1.00,        1.00,        0.00
      988.00,       64.52,       22.79,        0.00,        0.00,        0.00,        0.00,        1.00,        4.25,        0.00,        0.00,        1.00,        1.00,        0.00
      989.00,       64.52,       24.28,        0.00,        0.00,        0.00,        0.00,        1.00,        4.25,        0.00,        0.00,        1.00,        1.00,        0.00
      990.00,       64.52,       32.23,        0.00,        0.00,        0.00,        0.00,        1.00,        4.25,        0.00,        0.00,        1.00,        1.00,        0.00
      991.00,       64.52,       37.56,        0.00,        0.00,        0.00,        0.00,        1.00,        4.25,        0.00,        0.00,        1.00,        1.00,        0.00
      992.00,       64.52,       38.56,        0.00,        0.00,        0.00,        0.00,        1.00,        4.25,        0.00,        0.00,        1.00,        1.00,        0.00
      993.00,       64.52,       35.10,        0.00,        0.00,        0.00,        0.00,        1.00,        4.25,        0.00,        0.00,        1.00,        1.00,        0.00
      994.00,       64.52,       30.05,        0.00,        0.00,        0.00,        0.00,        1.00,        4.25,        0.00,        0.00,        1.00,        1.00,        0.00
      995.00,       64.52,       28.62,        0.00,        0.00,        0.00,        0.00,        1.00,        4.25,        0.00,        0.00,        1.00,        1.00,        0.00
      996.00,       64.52,       27.32,        0.00,        0.00,        0.00,        0.00,        1.00,        4.25,        0.00,        0.00,        1.00,        1.00,        0.00
      997.00,       64.52,       26.61,        0.00,        0.00,        0.00,        0.00,        1.00,        4.25,        0.00,        0.00,        1.00,        1.00,        0.00
      998.00,       64.52,       26.14,        0.00,        0.00,        0.00,        0.00,        1.00,        4.25,        0.00,        0.00,        1.00,        1.00,        0.00
      999.00,       64.52,       26.55,        0.00,        0.00,        0.00,        0.00,        1.00,        4.25,        0.00,        0.00,        1.00,        1.00,        0.00
     1000.00,       64.52,       30.68,        0.00,        0.00,        0.00,        0.00,        1.00,        4.25,        0.00,        0.00,        1.00,        1.00,        0.00
     1001.00,       64.52,       34.40,        0.00,        0.00,        0.00,        0.00,        1.00,        4.25,        0.00,        0.00,        1.00,        1.00,        0.00
     1002.00,       64.52,       40.81,        0.00,        0.00,        0.00,        0.00,        1.00,        4.25,        0.00,        0.00,        1.00,        1.00,        0.00
     1003.00,       64.52,       49.39,        0.00,        0.00,        0.00,        0.00,        1.00,        4.25,        0.00,        0.00,        1.00,        1.00,        0.00
     1004.00,       64.52,       42.43,        0.00,        0.00,        0.00,        0.00,        1.00,        4.25,        0.00,        0.00,        1.00,        1.00,        0.00
     1005.00,       64.52,       39.32,        0.00,        0.00,        0.00,        0.00,        1.00,        4.25,        0.00,        0.00,        1.00,        1.00,        0.00
     1006.00,       64.52,       34.25,        0.00,        0.00,        0.00,        0.00,        1.00,        4.25,        0.00,        0.00,        1.00,        1.00,        0.00
     1007.00,       64.52,       32.13,        0.00,        0.00,        0.00,        0.00,        1.00,        4.25,        0.00,        0.00,        1.00,        1.00,        0.00
     1008.00,       64.52,       28.81,        0.00,        0.00,        0.00,        0.00,        1.00,        4.25,        0.00,        0.00,        1.00,        1.00,        0.00
     1009.00,       64.52,       26.31,        0.00,        0.00,        0.00,        0.00,        1.00,        4.25,        0.00,        0.00,        1.00,        1.00,        0.00
     1010.00,       64.52,       24.60,        0.00,        0.00,        0.00,        0.00,        1.00,        4.25,        0.00,        0.00,        1.00,        1.00,        0.00
     1011.00,       64.52,       23.30,        0.00,        0.00,        0.00,        0.00,        1.00,        4.25,        0.00,        0.00,        1.00,        1.00,        0.00
     1012.00,       64.52,       23.01,        0.00,        0.00,        0.00,        0.00,        1.00,        4.25,        0.00,        0.00,        1.00,        1.00,        0.00
     1013.00,       64.52,       25.51,        0.00,        0.00,        0.00,        0.00,        1.00,        4.25,        0.00,        0.00,        1.00,        1.00,        0.00
     1014.00,       64.52,       34.46,        0.00,        0.00,        0.00,        0.00,        1.00,        4.25,        0.00,        0.00,        1.00,        1.00,        0.00
     1015.00,       64.52,       39.12,        0.00,        0.00,        0.00,        0.00,        1.00,        4.25,        0.00,        0.00,        1.00,        1.00,        0.00
     1016.00,       64.52,       40.34,        0.00,        0.00,        0.00,        0.00,        1.00,        4.25,        0.00,        0.00,        1.00,        1.00,        0.00
     1017.00,       64.52,       32.89,        0.00,        0.00,        0.00,        0.00,        1.00,        4.25,        0.00,        0.00,        1.00,        1.00,        0.00
     1018.00,       64.52,       29.33,        0.00,        0.00,        0.00,        0.00,        1.00,        4.25,        0.00,        0.00,        1.00,        1.00,        0.00
     1019.00,       64.52,       27.26,        0.00,        0.00,        0.00,        0.00,        1.00,        4.25,        0.00,        0.00,        1.00,        1.00,        0.00
     1020.00,       64.52,       26.76,        0.00,        0.00,        0.00,        0.00,        1.00,        4.25,        0.00,        0.00,        1.00,        1.00,        0.00
     1021.00,       64.52,       26.66,        0.00,        0.00,        0.00,        0.00,        1.00,        4.25,        0.00,        0.00,        1.00,        1.00,        0.00
     1022.00,       64.52,       27.20,        0.00,        0.00,        0.00,        0.00,        1.00,        4.25,        0.00,        0.00,        1.00,        1.00,        0.00
     1023.00,       64.52,       27.43,        0.00,        0.00,        0.00,        0.00,        1.00,        4.25,        0.00,        0.00,        1.00,        1.00,        0.00
     1024.00,       64.52,       30.28,        0.00,        0.00,        0.00,        0.00,        1.00,        4.25,        0.00,        0.00,        1.00,        1.00,        0.00
     1025.00,       64.52,       34.50,        0.00,        0.00,        0.00,        0.00,        1.00,        4.25,        0.00,        0.00,        1.00,        1.00,        0.00
     1026.00,       64.52,       41.16,        0.00,        0.00,        0.00,        0.00,        1.00,        4.25,        0.00,        0.00,        1.00,        1.00,        0.00
     1027.00,       64.52,       49.68,        0.00,        0.00,        0.00,        0.00,        1.00,        4.25,        0.00,        0.00,        1.00,        1.00,        0.00
     1028.00,       64.52,       42.17,        0.00,        0.00,        0.00,        0.00,        1.00,        4.25,        0.00,        0.00,        1.00,        1.00,        0.00
     1029.00,       64.52,       41.24,        0.00,        0.00,        0.00,        0.00,        1.00,        4.25,        0.00,        0.00,        1.00,        1.00,        0.00
     1030.00,       64.52,       36.38,        0.00,        0.00,        0.00,        0.00,        1.00,        4.25,        0.00,        0.00,        1.00,        1.00,        0.00
     1031.00,       64.52,       32.90,        0.00,        0.00,        0.00,        0.00,        1.00,        4.25,        0.00,        0.00,        1.00,        1.00,        0.00
     1032.00,       64.52,       29.36,        0.00,        0.00,        0.00,        0.00,        1.00,        4.25,        0.00,        0.00,        1.00,        1.00,        0.00
     1033.00,       64.52,       27.93,        0.00,        0.00,        0.00,        0.00,        1.00,        4.25,        0.00,        0.00,        1.00,        1.00,        0.00
     1034.00,       64.52,       25.68,        0.00,        0.00,        0.00,        0.00,        1.00,        4.25,        0.00,        0.00,        1.00,        1.00,        0.00
     1035.00,       64.52,       24.89,        0.00,        0.00,        0.00,        0.00,        1.00,        4.25,        0.00,        0.00,        1.00,        1.00,        0.00
     1036.00,       64.52,       24.50,        0.00,        0.00,        0.00,        0.00,        1.00,        4.25,        0.00,        0.00,        1.00,        1.00,        0.00
     1037.00,       64.52,       26.29,        0.00,        0.00,        0.00,        0.00,        1.00,        4.25,        0.00,        0.00,        1.00,        1.00,        0.00
     1038.00,       64.52,       32.91,        0.00,        0.00,        0.00,        0.00,        1.00,        4.25,        0.00,        0.00,        1.00,        1.00,        0.00
     1039.00,       64.52,       39.85,        0.00,        0.00,        0.00,        0.00,        1.00,        4.25,        0.00,        0.00,        1.00,        1.00,        0.00
     1040.00,       64.52,       40.86,        0.00,        0.00,        0.00,        0.00,        1.00,        4.25,        0.00,        0.00,        1.00,        1.00,        0.00
     1041.00,       64.52,       34.67,        0.00,        0.00,        0.00,        0.00,        1.00,        4.25,        0.00,        0.00,        1.00,        1.00,        0.00
     1042.00,       64.52,       32.37,        0.00,        0.00,        0.00,        0.00,        1.00,        4.25,        0.00,        0.00,        1.00,        1.00,        0.00
     1043.00,       64.52,       30.80,        0.00,        0.00,        0.00,        0.00,        1.00,        4.25,        0.00,        0.00,        1.00,        1.00,        0.00
     1044.00,       64.52,       30.47,        0.00,        0.00,        0.00,        0.00,        1.00,        4.25,        0.00,        0.00,        1.00,        1.00,        0.00
     1045.00,       64.52,       30.27,        0.00,        0.00,        0.00,        0.00,        1.00,        4.25,        0.00,        0.00,        1.00,        1.00,        0.00
     1046.00,       64.52,       29.97,        0.00,        0.00,        0.00,        0.00,        1.00,        4.25,        0.00,        0.00,        1.00,        1.00,        0.00
     1047.00,       64.52,       30.54,        0.00,        0.00,        0.00,        0.00,        1.00,        4.25,        0.00,        0.00,        1.00,        1.00,        0.00
     1048.00,       64.52,       32.25,        0.00,        0.00,        0.00,        0.00,        1.00,        4.25,        0.00,        0.00,        1.00,        1.00,        0.00
     1049.00,       64.52,       37.06,        0.00,        0.00,        0.00,        0.00,        1.00,        4.25,        0.00,        0.00,        1.00,        1.00,        0.00
     1050.00,       64.52,       42.88,        0.00,        0.00,        0.00,        0.00,        1.00,        4.25,        0.00,        0.00,        1.00,        1.00,        0.00
     1051.00,       64.52,       51.91,        0.00,        0.00,        0.00,        0.00,        1.00,        4.25,        0.00,        0.00,        1.00,        1.00,        0.00
     1052.00,       64.52,       41.85,        0.00,        0.00,        0.00,        0.00,        1.00,        4.25,        0.00,        0.00,        1.00,        1.00,        0.00
     1053.00,       64.52,       40.56,        0.00,        0.00,        0.00,        0.00,        1.00,        4.25,        0.00,        0.00,        1.00,        1.00,        0.00
     1054.00,       64.52,       36.46,        0.00,        0.00,        0.00,        0.00,        1.00,        4.25,        0.00,        0.00,        1.00,        1.00,        0.00
     1055.00,       64.52,       35.51,        0.00,        0.00,        0.00,        0.00,        1.00,        4.25,        0.00,        0.00,        1.00,        1.00,        0.00
     1056.00,       64.52,       32.17,        0.00,        0.00,        0.00,        0.00,        1.00,        4.25,        0.00,        0.00,        1.00,        1.00,        0.00
     1057.00,       64.52,       30.78,        0.00,        0.00,        0.00,        0.00,        1.00,        4.25,        0.00,        0.00,        1.00,        1.00,        0.00
     1058.00,       64.52,       26.79,        0.00,        0.00,        0.00,        0.00,        1.00,        4.25,        0.00,        0.00,        1.00,        1.00,        0.00
     1059.00,       64.52,       26.63,        0.00,        0.00,        0.00,        0.00,        1.00,        4.25,        0.00,        0.00,        1.00,        1.00,        0.00
     1060.00,       64.52,       25.12,        0.00,        0.00,        0.00,        0.00,        1.00,        4.25,        0.00,        0.00,        1.00,        1.00,        0.00
     1061.00,       64.52,       25.85,        0.00,        0.00,        0.00,        0.00,        1.00,        4.25,        0.00,        0.00,        1.00,        1.00,        0.00
     1062.00,       64.52,       32.05,        0.00,        0.00,        0.00,        0.00,        1.00,        4.25,        0.00,        0.00,        1.00,        1.00,        0.00
     1063.00,       64.52,       30.34,        0.00,        0.00,        0.00,        0.00,        1.00,        4.25,        0.00,        0.00,        1.00,        1.00,        0.00
     1064.00,       64.52,       31.12,        0.00,        0.00,        0.00,        0.00,        1.00,        4.25,        0.00,        0.00,        1.00,        1.00,        0.00
     1065.00,       64.52,       28.04,        0.00,        0.00,        0.00,        0.00,        1.00,        4.25,        0.00,        0.00,        1.00,        1.00,        0.00
     1066.00,       64.52,       26.40,        0.00,        0.00,        0.00,        0.00,        1.00,        4.25,        0.00,        0.00,        1.00,        1.00,        0.00
     1067.00,       64.52,       25.47,        0.00,        0.00,        0.00,        0.00,        1.00,        4.25,        0.00,        0.00,        1.00,        1.00,        0.00
     1068.00,       64.52,       24.70,        0.00,        0.00,        0.00,        0.00,        1.00,        4.25,        0.00,        0.00,        1.00,        1.00,        0.00
     1069.00,       64.52,       25.19,        0.00,        0.00,        0.00,        0.00,        1.00,        4.25,        0.00,        0.00,        1.00,        1.00,        0.00
     1070.00,       64.52,       24.90,        0.00,        0.00,        0.00,        0.00,        1.00,        4.25,        0.00,        0.00,        1.00,        1.00,        0.00
     1071.00,       64.52,       24.87,        0.00,        0.00,        0.00,        0.00,        1.00,        4.25,        0.00,        0.00,        1.00,        1.00,        0.00
     1072.00,       64.52,       27.03,        0.00,        0.00,        0.00,        0.00,        1.00,        4.25,        0.00,        0.00,        1.00,        1.00,        0.00
     1073.00,       64.52,       32.89,        0.00,        0.00,        0.00,        0.00,        1.00,        4.25,        0.00,        0.00,        1.00,        1.00,        0.00
     1074.00,       64.52,       39.07,        0.00,        0.00,        0.00,        0.00,        1.00,        4.25,        0.00,        0.00,        1.00,        1.00,        0.00
     1075.00,       64.52,       49.27,        0.00,        0.00,        0.00,        0.00,        1.00,        4.25,        0.00,        0.00,        1.00,        1.00,        0.00
     1076.00,       64.52,       41.16,        0.00,        0.00,        0.00,        0.00,        1.00,        4.25,        0.00,        0.00,        1.00,        1.00,        0.00
     1077.00,       64.52,       38.09,        0.00,        0.00,        0.00,        0.00,        1.00,        4.25,        0.00,        0.00,        1.00,        1.00,        0.00
     1078.00,       64.52,       33.83,        0.00,        0.00,        0.00,        0.00,        1.00,        4.25,        0.00,        0.00,        1.00,        1.00,        0.00
     1079.00,       64.52,       31.80,        0.00,        0.00,        0.00,        0.00,        1.00,        4.25,        0.00,        0.00,        1.00,        1.00,        0.00
     1080.00,       64.52,       28.11,        0.00,        0.00,        0.00,        0.00,        1.00,        4.25,        0.00,        0.00,        1.00,        1.00,        0.00
     1081.00,       64.52,       27.55,        0.00,        0.00,        0.00,        0.00,        1.00,        4.25,        0.00,        0.00,        1.00,        1.00,        0.00
     1082.00,       64.52,       25.36,        0.00,        0.00,        0.00,        0.00,        1.00,        4.25,        0.00,        0.00,        1.00,        1.00,        0.00
     1083.00,       64.52,       25.75,        0.00,        0.00,        0.00,        0.00,        1.00,        4.25,        0.00,        0.00,        1.00,        1.00,        0.00
     1084.00,       64.52,       24.28,        0.00,        0.00,        0.00,        0.00,        1.00,        4.25,        0.00,        0.00,        1.00,        1.00,        0.00
     1085.00,       64.52,       25.81,        0.00,        0.00,        0.00,        0.00,        1.00,        4.25,        0.00,        0.00,        1.00,        1.00,        0.00
     1086.00,       64.52,       27.64,        0.00,        0.00,        0.00,        0.00,        1.00,        4.25,        0.00,        0.00,        1.00,        1.00,        0.00
     1087.00,       64.52,       28.13,        0.00,        0.00,        0.00,        0.00,        1.00,        4.25,        0.00,        0.00,        1.00,        1.00,        0.00
     1088.00,       64.52,       27.55,        0.00,        0.00,        0.00,        0.00,        1.00,        4.25,        0.00,        0.00,        1.00,        1.00,        0.00
     1089.00,       64.52,       25.18,        0.00,        0.00,        0.00,        0.00,        1.00,        4.25,        0.00,        0.00,        1.00,        1.00,        0.00
     1090.00,       64.52,       23.90,        0.00,        0.00,        0.00,        0.00,        1.00,        4.25,        0.00,        0.00,        1.00,        1.00,        0.00
     1091.00,       64.52,       24.07,        0.00,        0.00,        0.00,        0.00,        1.00,        4.25,        0.00,        0.00,        1.00,        1.00,        0.00
     1092.00,       64.52,       24.42,        0.00,        0.00,        0.00,        0.00,        1.00,        4.25,        0.00,        0.00,        1.00,        1.00,        0.00
     1093.00,       64.52,       23.95,        0.00,        0.00,        0.00,        0.00,        1.00,        4.25,        0.00,        0.00,        1.00,        1.00,        0.00
     1094.00,       64.52,       23.70,        0.00,        0.00,        0.00,        0.00,        1.00,        4.25,        0.00,        0.00,        1.00,        1.00,        0.00
     1095.00,       64.52,       23.48,        0.00,        0.00,        0.00,        0.00,        1.00,        4.25,        0.00,        0.00,        1.00,        1.00,        0.00
     1096.00,       64.52,       25.34,        0.00,        0.00,        0.00,        0.00,        1.00,        4.25,        0.00,        0.00,        1.00,        1.00,        0.00
     1097.00,       64.52,       28.69,        0.00,        0.00,        0.00,        0.00,        1.00,        4.25,        0.00,        0.00,        1.00,        1.00,        0.00
     1098.00,       64.52,       37.19,        0.00,        0.00,        0.00,        0.00,        1.00,        4.25,        0.00,        0.00,        1.00,        1.00,        0.00
     1099.00,       64.52,       47.84,        0.00,        0.00,        0.00,        0.00,        1.00,        4.25,        0.00,        0.00,        1.00,        1.00,        0.00
     1100.00,       64.52,       42.21,        0.00,        0.00,        0.00,        0.00,        1.00,        4.25,        0.00,        0.00,        1.00,        1.00,        0.00
     1101.00,       64.52,       38.04,        0.00,        0.00,        0.00,        0.00,        1.00,        4.25,        0.00,        0.00,        1.00,        1.00,        0.00
     1102.00,       64.52,       33.68,        0.00,        0.00,        0.00,        0.00,        1.00,        4.25,        0.00,        0.00,        1.00,        1.00,        0.00
     1103.00,       64.52,       30.76,        0.00,        0.00,        0.00,        0.00,        1.00,        4.25,        0.00,        0.00,        1.00,        1.00,        0.00
     1104.00,       64.52,       27.68,        0.00,        0.00,        0.00,        0.00,        1.00,        4.25,        0.00,        0.00,        1.00,        1.00,        0.00
     1105.00,       64.52,       25.49,        0.00,        0.00,        0.00,        0.00,        1.00,        4.25,        0.00,        0.00,        1.00,        1.00,        0.00
     1106.00,       64.52,       24.08,        0.00,        0.00,        0.00,        0.00,        1.00,        4.25,        0.00,        0.00,        1.00,        1.00,        0.00
     1107.00,       64.52,       24.07,        0.00,        0.00,        0.00,        0.00,        1.00,        4.25,        0.00,        0.00,        1.00,        1.00,        0.00
     1108.00,       64.52,       23.98,        0.00,        0.00,        0.00,        0.00,        1.00,        4.25,        0.00,        0.00,        1.00,        1.00,        0.00
     1109.00,       64.52,       26.10,        0.00,        0.00,        0.00,        0.00,        1.00,        4.25,        0.00,        0.00,        1.00,        1.00,        0.00
     1110.00,       64.52,       30.81,        0.00,        0.00,        0.00,        0.00,        1.00,        4.25,        0.00,        0.00,        1.00,        1.00,        0.00
     1111.00,       64.52,       31.23,        0.00,        0.00,        0.00,        0.00,        1.00,        4.25,        0.00,        0.00,        1.00,        1.00,        0.00
     1112.00,       64.52,       33.74,        0.00,        0.00,        0.00,        0.00,        1.00,        4.25,        0.00,        0.00,        1.00,        1.00,        0.00
     1113.00,       64.52,       30.60,        0.00,        0.00,        0.00,        0.00,        1.00,        4.25,        0.00,        0.00,        1.00,        1.00,        0.00
     1114.00,       64.52,       29.27,        0.00,        0.00,        0.00,        0.00,        1.00,        4.25,        0.00,        0.00,        1.00,        1.00,        0.00
     1115.00,       64.52,       29.02,        0.00,        0.00,        0.00,        0.00,        1.00,        4.25,        0.00,        0.00,        1.00,        1.00,        0.00
     1116.00,       64.52,       26.22,        0.00,        0.00,        0.00,        0.00,        1.00,        4.25,        0.00,        0.00,        1.00,        1.00,        0.00
     1117.00,       64.52,       26.46,        0.00,        0.00,        0.00,        0.00,        1.00,        4.25,        0.00,        0.00,        1.00,        1.00,        0.00
     1118.00,       64.52,       26.90,        0.00,        0.00,        0.00,        0.00,        1.00,        4.25,        0.00,        0.00,        1.00,        1.00,        0.00
     1119.00,       64.52,       26.07,        0.00,        0.00,        0.00,        0.00,        1.00,        4.25,        0.00,        0.00,        1.00,        1.00,        0.00
     1120.00,       64.52,       27.74,        0.00,        0.00,        0.00,        0.00,        1.00,        4.25,        0.00,        0.00,        1.00,        1.00,        0.00
     1121.00,       64.52,       33.85,        0.00,        0.00,        0.00,        0.00,        1.00,        4.25,        0.00,        0.00,        1.00,        1.00,        0.00
     1122.00,       64.52,       40.35,        0.00,        0.00,        0.00,        0.00,        1.00,        4.25,        0.00,        0.00,        1.00,        1.00,        0.00
     1123.00,       64.52,       51.86,        0.00,        0.00,        0.00,        0.00,        1.00,        4.25,        0.00,        0.00,        1.00,        1.00,        0.00
     1124.00,       64.52,       42.34,        0.00,        0.00,        0.00,        0.00,        1.00,        4.25,        0.00,        0.00,        1.00,        1.00,        0.00
     1125.00,       64.52,       38.43,        0.00,        0.00,        0.00,        0.00,        1.00,        4.25,        0.00,        0.00,        1.00,        1.00,        0.00
     1126.00,       64.52,       33.83,        0.00,        0.00,        0.00,        0.00,        1.00,        4.25,        0.00,        0.00,        1.00,        1.00,        0.00
     1127.00,       64.52,       30.96,        0.00,        0.00,        0.00,        0.00,        1.00,        4.25,        0.00,        0.00,        1.00,        1.00,        0.00
     1128.00,       64.52,       29.95,        0.00,        0.00,        0.00,        0.00,        1.00,        4.25,        0.00,        0.00,        1.00,        1.00,        0.00
     1129.00,       64.52,       26.35,        0.00,        0.00,        0.00,        0.00,        1.00,        4.25,        0.00,        0.00,        1.00,        1.00,        0.00
     1130.00,       64.52,       24.46,        0.00,        0.00,        0.00,        0.00,        1.00,        4.25,        0.00,        0.00,        1.00,        1.00,        0.00
     1131.00,       64.52,       24.18,        0.00,        0.00,        0.00,        0.00,        1.00,        4.25,        0.00,        0.00,        1.00,        1.00,        0.00
     1132.00,       64.52,       24.03,        0.00,        0.00,        0.00,        0.00,        1.00,        4.25,        0.00,        0.00,        1.00,        1.00,        0.00
     1133.00,       64.52,       25.28,        0.00,        0.00,        0.00,        0.00,        1.00,        4.25,        0.00,        0.00,        1.00,        1.00,        0.00
     1134.00,       64.52,       33.09,        0.00,        0.00,        0.00,        0.00,        1.00,        4.25,        0.00,        0.00,        1.00,        1.00,        0.00
     1135.00,       64.52,       36.36,        0.00,        0.00,        0.00,        0.00,        1.00,        4.25,        0.00,        0.00,        1.00,        1.00,        0.00
     1136.00,       64.52,       39.68,        0.00,        0.00,        0.00,        0.00,        1.00,        4.25,        0.00,        0.00,        1.00,        1.00,        0.00
     1137.00,       64.52,       31.01,        0.00,        0.00,        0.00,        0.00,        1.00,        4.25,        0.00,        0.00,        1.00,        1.00,        0.00
     1138.00,       64.52,       28.02,        0.00,        0.00,        0.00,        0.00,        1.00,        4.25,        0.00,        0.00,        1.00,        1.00,        0.00
     1139.00,       64.52,       26.47,        0.00,        0.00,        0.00,        0.00,        1.00,        4.25,        0.00,        0.00,        1.00,        1.00,        0.00
     1140.00,       64.52,       25.77,        0.00,        0.00,        0.00,        0.00,        1.00,        4.25,        0.00,        0.00,        1.00,        1.00,        0.00
     1141.00,       64.52,       24.83,        0.00,        0.00,        0.00,        0.00,        1.00,        4.25,        0.00,        0.00,        1.00,        1.00,        0.00
     1142.00,       64.52,       25.90,        0.00,        0.00,        0.00,        0.00,        1.00,        4.25,        0.00,        0.00,        1.00,        1.00,        0.00
     1143.00,       64.52,       26.09,        0.00,        0.00,        0.00,        0.00,        1.00,        4.25,        0.00,        0.00,        1.00,        1.00,        0.00
     1144.00,       64.52,       27.24,        0.00,        0.00,        0.00,        0.00,        1.00,        4.25,        0.00,        0.00,        1.00,        1.00,        0.00
     1145.00,       64.52,       33.16,        0.00,        0.00,        0.00,        0.00,        1.00,        4.25,        0.00,        0.00,        1.00,        1.00,        0.00
     1146.00,       64.52,       37.56,        0.00,        0.00,        0.00,        0.00,        1.00,        4.25,        0.00,        0.00,        1.00,        1.00,        0.00
     1147.00,       64.52,       50.73,        0.00,        0.00,        0.00,        0.00,        1.00,        4.25,        0.00,        0.00,        1.00,        1.00,        0.00
     1148.00,       64.52,       42.13,        0.00,        0.00,        0.00,        0.00,        1.00,        4.25,        0.00,        0.00,        1.00,        1.00,        0.00
     1149.00,       64.52,       40.10,        0.00,        0.00,        0.00,        0.00,        1.00,        4.25,        0.00,        0.00,        1.00,        1.00,        0.00
     1150.00,       64.52,       34.12,        0.00,        0.00,        0.00,        0.00,        1.00,        4.25,        0.00,        0.00,        1.00,        1.00,        0.00
     1151.00,       64.52,       32.06,        0.00,        0.00,        0.00,        0.00,        1.00,        4.25,        0.00,        0.00,        1.00,        1.00,        0.00
     1152.00,       64.52,       30.08,        0.00,        0.00,        0.00,        0.00,        1.00,        4.25,        0.00,        0.00,        1.00,        1.00,        0.00
     1153.00,       64.52,       26.05,        0.00,        0.00,        0.00,        0.00,        1.00,        4.25,        0.00,        0.00,        1.00,        1.00,        0.00
     1154.00,       64.52,       24.74,        0.00,        0.00,        0.00,        0.00,        1.00,        4.25,        0.00,        0.00,        1.00,        1.00,        0.00
     1155.00,       64.52,       24.67,        0.00,        0.00,        0.00,        0.00,        1.00,        4.25,        0.00,        0.00,        1.00,        1.00,        0.00
     1156.00,       64.52,       24.10,        0.00,        0.00,        0.00,        0.00,        1.00,        4.25,        0.00,        0.00,        1.00,        1.00,        0.00
     1157.00,       64.52,       25.25,        0.00,        0.00,        0.00,        0.00,        1.00,        4.25,        0.00,        0.00,        1.00,        1.00,        0.00
     1158.00,       64.52,       31.80,        0.00,        0.00,        0.00,        0.00,        1.00,        4.25,        0.00,        0.00,        1.00,        1.00,        0.00
     1159.00,       64.52,       38.54,        0.00,        0.00,        0.00,        0.00,        1.00,        4.25,        0.00,        0.00,        1.00,        1.00,        0.00
     1160.00,       64.52,       39.87,        0.00,        0.00,        0.00,        0.00,        1.00,        4.25,        0.00,        0.00,        1.00,        1.00,        0.00
     1161.00,       64.52,       32.16,        0.00,        0.00,        0.00,        0.00,        1.00,        4.25,        0.00,        0.00,        1.00,        1.00,        0.00
     1162.00,       64.52,       28.46,        0.00,        0.00,        0.00,        0.00,        1.00,        4.25,        0.00,        0.00,        1.00,        1.00,        0.00
     1163.00,       64.52,       26.87,        0.00,        0.00,        0.00,        0.00,        1.00,        4.25,        0.00,        0.00,        1.00,        1.00,        0.00
     1164.00,       64.52,       25.89,        0.00,        0.00,        0.00,        0.00,        1.00,        4.25,        0.00,        0.00,        1.00,        1.00,        0.00
     1165.00,       64.52,       25.46,        0.00,        0.00,        0.00,        0.00,        1.00,        4.25,        0.00,        0.00,        1.00,        1.00,        0.00
     1166.00,       64.52,       26.56,        0.00,        0.00,        0.00,        0.00,        1.00,        4.25,        0.00,        0.00,        1.00,        1.00,        0.00
     1167.00,       64.52,       25.94,        0.00,        0.00,        0.00,        0.00,        1.00,        4.25,        0.00,        0.00,        1.00,        1.00,        0.00
     1168.00,       64.52,       28.26,        0.00,        0.00,        0.00,        0.00,        1.00,        4.25,        0.00,        0.00,        1.00,        1.00,        0.00
     1169.00,       64.52,       33.39,        0.00,        0.00,        0.00,        0.00,        1.00,        4.25,        0.00,        0.00,        1.00,        1.00,        0.00
     1170.00,       64.52,       37.53,        0.00,        0.00,        0.00,        0.00,        1.00,        4.25,        0.00,        0.00,        1.00,        1.00,        0.00
     1171.00,       64.52,       46.81,        0.00,        0.00,        0.00,        0.00,        1.00,        4.25,        0.00,        0.00,        1.00,        1.00,        0.00
     1172.00,       64.52,       42.16,        0.00,        0.00,        0.00,        0.00,        1.00,        4.25,        0.00,        0.00,        1.00,        1.00,        0.00
     1173.00,       64.52,       38.61,        0.00,        0.00,        0.00,        0.00,        1.00,        4.25,        0.00,        0.00,        1.00,        1.00,        0.00
     1174.00,       64.52,       35.55,        0.00,        0.00,        0.00,        0.00,        1.00,        4.25,        0.00,        0.00,        1.00,        1.00,        0.00
     1175.00,       64.52,       33.58,        0.00,        0.00,        0.00,        0.00,        1.00,        4.25,        0.00,        0.00,        1.00,        1.00,        0.00
     1176.00,       64.52,       31.03,        0.00,        0.00,        0.00,        0.00,        1.00,        4.25,        0.00,        0.00,        1.00,        1.00,        0.00
     1177.00,       64.52,       25.88,        0.00,        0.00,        0.00,        0.00,        1.00,        4.25,        0.00,        0.00,        1.00,        1.00,        0.00
     1178.00,       64.52,       24.59,        0.00,        0.00,        0.00,        0.00,        1.00,        4.25,        0.00,        0.00,        1.00,        1.00,        0.00
     1179.00,       64.52,       23.56,        0.00,        0.00,        0.00,        0.00,        1.00,        4.25,        0.00,        0.00,        1.00,        1.00,        0.00
     1180.00,       64.52,       23.23,        0.00,        0.00,        0.00,        0.00,        1.00,        4.25,        0.00,        0.00,        1.00,        1.00,        0.00
     1181.00,       64.52,       24.84,        0.00,        0.00,        0.00,        0.00,        1.00,        4.25,        0.00,        0.00,        1.00,        1.00,        0.00
     1182.00,       64.52,       30.75,        0.00,        0.00,        0.00,        0.00,        1.00,        4.25,        0.00,        0.00,        1.00,        1.00,        0.00
     1183.00,       64.52,       34.75,        0.00,        0.00,        0.00,        0.00,        1.00,        4.25,        0.00,        0.00,        1.00,        1.00,        0.00
     1184.00,       64.52,       37.67,        0.00,        0.00,        0.00,        0.00,        1.00,        4.25,        0.00,        0.00,        1.00,        1.00,        0.00
     1185.00,       64.52,       30.74,        0.00,        0.00,        0.00,        0.00,        1.00,        4.25,        0.00,        0.00,        1.00,        1.00,        0.00
     1186.00,       64.52,       26.96,        0.00,        0.00,        0.00,        0.00,        1.00,        4.25,        0.00,        0.00,        1.00,        1.00,        0.00
     1187.00,       64.52,       26.37,        0.00,        0.00,        0.00,        0.00,        1.00,        4.25,        0.00,        0.00,        1.00,        1.00,        0.00
     1188.00,       64.52,       25.98,        0.00,        0.00,        0.00,        0.00,        1.00,        4.25,        0.00,        0.00,        1.00,        1.00,        0.00
     1189.00,       64.52,       25.58,        0.00,        0.00,        0.00,        0.00,        1.00,        4.25,        0.00,        0.00,        1.00,        1.00,        0.00
     1190.00,       64.52,       25.90,        0.00,        0.00,        0.00,        0.00,        1.00,        4.25,        0.00,        0.00,        1.00,        1.00,        0.00
     1191.00,       64.52,       26.66,        0.00,        0.00,        0.00,        0.00,        1.00,        4.25,        0.00,        0.00,        1.00,        1.00,        0.00
     1192.00,       64.52,       28.74,        0.00,        0.00,        0.00,        0.00,        1.00,        4.25,        0.00,        0.00,        1.00,        1.00,        0.00
     1193.00,       64.52,       32.40,        0.00,        0.00,        0.00,        0.00,        1.00,        4.25,        0.00,        0.00,        1.00,        1.00,        0.00
     1194.00,       64.52,       36.20,        0.00,        0.00,        0.00,        0.00,        1.00,        4.25,        0.00,        0.00,        1.00,        1.00,        0.00
     1195.00,       64.52,       45.26,        0.00,        0.00,        0.00,        0.00,        1.00,        4.25,        0.00,        0.00,        1.00,        1.00,        0.00
     1196.00,       64.52,       39.37,        0.00,        0.00,        0.00,        0.00,        1.00,        4.25,        0.00,        0.00,        1.00,        1.00,        0.00
     1197.00,       64.52,       36.47,        0.00,        0.00,        0.00,        0.00,        1.00,        4.25,        0.00,        0.00,        1.00,        1.00,        0.00
     1198.00,       64.52,       32.40,        0.00,        0.00,        0.00,        0.00,        1.00,        4.25,        0.00,        0.00,        1.00,        1.00,        0.00
     1199.00,       64.52,       30.59,        0.00,        0.00,        0.00,        0.00,        1.00,        4.25,        0.00,        0.00,        1.00,        1.00,        0.00
     1200.00,       64.52,       29.71,        0.00,        0.00,        0.00,        0.00,        1.00,        4.25,        0.00,        0.00,        1.00,        1.00,        0.00
     1201.00,       64.52,       26.59,        0.00,        0.00,        0.00,        0.00,        1.00,        4.25,        0.00,        0.00,        1.00,        1.00,        0.00
     1202.00,       64.52,       25.15,        0.00,        0.00,        0.00,        0.00,        1.00,        4.25,        0.00,        0.00,        1.00,        1.00,        0.00
     1203.00,       64.52,       21.45,        0.00,        0.00,        0.00,        0.00,        1.00,        4.25,        0.00,        0.00,        1.00,        1.00,        0.00
     1204.00,       64.52,       21.18,        0.00,        0.00,        0.00,        0.00,        1.00,        4.25,        0.00,        0.00,        1.00,        1.00,        0.00
     1205.00,       64.52,       24.64,        0.00,        0.00,        0.00,        0.00,        1.00,        4.25,        0.00,        0.00,        1.00,        1.00,        0.00
     1206.00,       64.52,       32.19,        0.00,        0.00,        0.00,        0.00,        1.00,        4.25,        0.00,        0.00,        1.00,        1.00,        0.00
     1207.00,       64.52,       38.35,        0.00,        0.00,        0.00,        0.00,        1.00,        4.25,        0.00,        0.00,        1.00,        1.00,        0.00
     1208.00,       64.52,       37.64,        0.00,        0.00,        0.00,        0.00,        1.00,        4.25,        0.00,        0.00,        1.00,        1.00,        0.00
     1209.00,       64.52,       30.65,        0.00,        0.00,        0.00,        0.00,        1.00,        4.25,        0.00,        0.00,        1.00,        1.00,        0.00
     1210.00,       64.52,       27.95,        0.00,        0.00,        0.00,        0.00,        1.00,        4.25,        0.00,        0.00,        1.00,        1.00,        0.00
     1211.00,       64.52,       27.71,        0.00,        0.00,        0.00,        0.00,        1.00,        4.25,        0.00,        0.00,        1.00,        1.00,        0.00
     1212.00,       64.52,       26.09,        0.00,        0.00,        0.00,        0.00,        1.00,        4.25,        0.00,        0.00,        1.00,        1.00,        0.00
     1213.00,       64.52,       25.17,        0.00,        0.00,        0.00,        0.00,        1.00,        4.25,        0.00,        0.00,        1.00,        1.00,        0.00
     1214.00,       64.52,       24.96,        0.00,        0.00,        0.00,        0.00,        1.00,        4.25,        0.00,        0.00,        1.00,        1.00,        0.00
     1215.00,       64.52,       26.11,        0.00,        0.00,        0.00,        0.00,        1.00,        4.25,        0.00,        0.00,        1.00,        1.00,        0.00
     1216.00,       64.52,       26.47,        0.00,        0.00,        0.00,        0.00,        1.00,        4.25,        0.00,        0.00,        1.00,        1.00,        0.00
     1217.00,       64.52,       30.62,        0.00,        0.00,        0.00,        0.00,        1.00,        4.25,        0.00,        0.00,        1.00,        1.00,        0.00
     1218.00,       64.52,       37.54,        0.00,        0.00,        0.00,        0.00,        1.00,        4.25,        0.00,        0.00,        1.00,        1.00,        0.00
     1219.00,       64.52,       43.23,        0.00,        0.00,        0.00,        0.00,        1.00,        4.25,        0.00,        0.00,        1.00,        1.00,        0.00
     1220.00,       64.52,       38.48,        0.00,        0.00,        0.00,        0.00,        1.00,        4.25,        0.00,        0.00,        1.00,        1.00,        0.00
     1221.00,       64.52,       37.24,        0.00,        0.00,        0.00,        0.00,        1.00,        4.25,        0.00,        0.00,        1.00,        1.00,        0.00
     1222.00,       64.52,       34.27,        0.00,        0.00,        0.00,        0.00,        1.00,        4.25,        0.00,        0.00,        1.00,        1.00,        0.00
     1223.00,       64.52,       31.83,        0.00,        0.00,        0.00,        0.00,        1.00,        4.25,        0.00,        0.00,        1.00,        1.00,        0.00
     1224.00,       64.52,       31.00,        0.00,        0.00,        0.00,        0.00,        1.00,        4.25,        0.00,        0.00,        1.00,        1.00,        0.00
     1225.00,       64.52,       30.96,        0.00,        0.00,        0.00,        0.00,        1.00,        4.25,        0.00,        0.00,        1.00,        1.00,        0.00
     1226.00,       64.52,       28.06,        0.00,        0.00,        0.00,        0.00,        1.00,        4.25,        0.00,        0.00,        1.00,        1.00,        0.00
     1227.00,       64.52,       29.02,        0.00,        0.00,        0.00,        0.00,        1.00,        4.25,        0.00,        0.00,        1.00,        1.00,        0.00
     1228.00,       64.52,       27.87,        0.00,        0.00,        0.00,        0.00,        1.00,        4.25,        0.00,        0.00,        1.00,        1.00,        0.00
     1229.00,       64.52,       30.88,        0.00,        0.00,        0.00,        0.00,        1.00,        4.25,        0.00,        0.00,        1.00,        1.00,        0.00
     1230.00,       64.52,       34.51,        0.00,        0.00,        0.00,        0.00,        1.00,        4.25,        0.00,        0.00,        1.00,        1.00,        0.00
     1231.00,       64.52,       35.01,        0.00,        0.00,        0.00,        0.00,        1.00,        4.25,        0.00,        0.00,        1.00,        1.00,        0.00
     1232.00,       64.52,       33.10,        0.00,        0.00,        0.00,        0.00,        1.00,        4.25,        0.00,        0.00,        1.00,        1.00,        0.00
     1233.00,       64.52,       31.40,        0.00,        0.00,        0.00,        0.00,        1.00,        4.25,        0.00,        0.00,        1.00,        1.00,        0.00
     1234.00,       64.52,       29.76,        0.00,        0.00,        0.00,        0.00,        1.00,        4.25,        0.00,        0.00,        1.00,        1.00,        0.00
     1235.00,       64.52,       30.59,        0.00,        0.00,        0.00,        0.00,        1.00,        4.25,        0.00,        0.00,        1.00,        1.00,        0.00
     1236.00,       64.52,       28.45,        0.00,        0.00,        0.00,        0.00,        1.00,        4.25,        0.00,        0.00,        1.00,        1.00,        0.00
     1237.00,       64.52,       26.21,        0.00,        0.00,        0.00,        0.00,        1.00,        4.25,        0.00,        0.00,        1.00,        1.00,        0.00
     1238.00,       64.52,       25.55,        0.00,        0.00,        0.00,        0.00,        1.00,        4.25,        0.00,        0.00,        1.00,        1.00,        0.00
     1239.00,       64.52,       25.11,        0.00,        0.00,        0.00,        0.00,        1.00,        4.25,        0.00,        0.00,        1.00,        1.00,        0.00
     1240.00,       64.52,       25.47,        0.00,        0.00,        0.00,        0.00,        1.00,        4.25,        0.00,        0.00,        1.00,        1.00,        0.00
     1241.00,       64.52,       32.55,        0.00,        0.00,        0.00,        0.00,        1.00,        4.25,        0.00,        0.00,        1.00,        1.00,        0.00
     1242.00,       64.52,       42.00,        0.00,        0.00,        0.00,        0.00,        1.00,        4.25,        0.00,        0.00,        1.00,        1.00,        0.00
     1243.00,       64.52,       50.38,        0.00,        0.00,        0.00,        0.00,        1.00,        4.25,        0.00,        0.00,        1.00,        1.00,        0.00
     1244.00,       64.52,       42.41,        0.00,        0.00,        0.00,        0.00,        1.00,        4.25,        0.00,        0.00,        1.00,        1.00,        0.00
     1245.00,       64.52,       40.40,        0.00,        0.00,        0.00,        0.00,        1.00,        4.25,        0.00,        0.00,        1.00,        1.00,        0.00
     1246.00,       64.52,       39.89,        0.00,        0.00,        0.00,        0.00,        1.00,        4.25,        0.00,        0.00,        1.00,        1.00,        0.00
     1247.00,       64.52,       34.21,        0.00,        0.00,        0.00,        0.00,        1.00,        4.25,        0.00,        0.00,        1.00,        1.00,        0.00
     1248.00,       64.52,       31.43,        0.00,        0.00,        0.00,        0.00,        1.00,        4.25,        0.00,        0.00,        1.00,        1.00,        0.00
     1249.00,       64.52,       30.67,        0.00,        0.00,        0.00,        0.00,        1.00,        4.25,        0.00,        0.00,        1.00,        1.00,        0.00
     1250.00,       64.52,       28.87,        0.00,        0.00,        0.00,        0.00,        1.00,        4.25,        0.00,        0.00,        1.00,        1.00,        0.00
     1251.00,       64.52,       29.46,        0.00,        0.00,        0.00,        0.00,        1.00,        4.25,        0.00,        0.00,        1.00,        1.00,        0.00
     1252.00,       64.52,       27.95,        0.00,        0.00,        0.00,        0.00,        1.00,        4.25,        0.00,        0.00,        1.00,        1.00,        0.00
     1253.00,       64.52,       28.88,        0.00,        0.00,        0.00,        0.00,        1.00,        4.25,        0.00,        0.00,        1.00,        1.00,        0.00
     1254.00,       64.52,       30.09,        0.00,        0.00,        0.00,        0.00,        1.00,        4.25,        0.00,        0.00,        1.00,        1.00,        0.00
     1255.00,       64.52,       32.64,        0.00,        0.00,        0.00,        0.00,        1.00,        4.25,        0.00,        0.00,        1.00,        1.00,        0.00
     1256.00,       64.52,       31.05,        0.00,        0.00,        0.00,        0.00,        1.00,        4.25,        0.00,        0.00,        1.00,        1.00,        0.00
     1257.00,       64.52,       28.45,        0.00,        0.00,        0.00,        0.00,        1.00,        4.25,        0.00,        0.00,        1.00,        1.00,        0.00
     1258.00,       64.52,       28.37,        0.00,        0.00,        0.00,        0.00,        1.00,        4.25,        0.00,        0.00,        1.00,        1.00,        0.00
     1259.00,       64.52,       28.90,        0.00,        0.00,        0.00,        0.00,        1.00,        4.25,        0.00,        0.00,        1.00,        1.00,        0.00
     1260.00,       64.52,       29.26,        0.00,        0.00,        0.00,        0.00,        1.00,        4.25,        0.00,        0.00,        1.00,        1.00,        0.00
     1261.00,       64.52,       27.50,        0.00,        0.00,        0.00,        0.00,        1.00,        4.25,        0.00,        0.00,        1.00,        1.00,        0.00
     1262.00,       64.52,       26.52,        0.00,        0.00,        0.00,        0.00,        1.00,        4.25,        0.00,        0.00,        1.00,        1.00,        0.00
     1263.00,       64.52,       26.11,        0.00,        0.00,        0.00,        0.00,        1.00,        4.25,        0.00,        0.00,        1.00,        1.00,        0.00
     1264.00,       64.52,       27.46,        0.00,        0.00,        0.00,        0.00,        1.00,        4.25,        0.00,        0.00,        1.00,        1.00,        0.00
     1265.00,       64.52,       30.19,        0.00,        0.00,        0.00,        0.00,        1.00,        4.25,        0.00,        0.00,        1.00,        1.00,        0.00
     1266.00,       64.52,       37.92,        0.00,        0.00,        0.00,        0.00,        1.00,        4.25,        0.00,        0.00,        1.00,        1.00,        0.00
     1267.00,       64.52,       48.88,        0.00,        0.00,        0.00,        0.00,        1.00,        4.25,        0.00,        0.00,        1.00,        1.00,        0.00
     1268.00,       64.52,       42.14,        0.00,        0.00,        0.00,        0.00,        1.00,        4.25,        0.00,        0.00,        1.00,        1.00,        0.00
     1269.00,       64.52,       41.25,        0.00,        0.00,        0.00,        0.00,        1.00,        4.25,        0.00,        0.00,        1.00,        1.00,        0.00
     1270.00,       64.52,       37.91,        0.00,        0.00,        0.00,        0.00,        1.00,        4.25,        0.00,        0.00,        1.00,        1.00,        0.00
     1271.00,       64.52,       33.57,        0.00,        0.00,        0.00,        0.00,        1.00,        4.25,        0.00,        0.00,        1.00,        1.00,        0.00
     1272.00,       64.52,       30.30,        0.00,        0.00,        0.00,        0.00,        1.00,        4.25,        0.00,        0.00,        1.00,        1.00,        0.00
     1273.00,       64.52,       25.95,        0.00,        0.00,        0.00,        0.00,        1.00,        4.25,        0.00,        0.00,        1.00,        1.00,        0.00
     1274.00,       64.52,       25.29,        0.00,        0.00,        0.00,        0.00,        1.00,        4.25,        0.00,        0.00,        1.00,        1.00,        0.00
     1275.00,       64.52,       25.25,        0.00,        0.00,        0.00,        0.00,        1.00,        4.25,        0.00,        0.00,        1.00,        1.00,        0.00
     1276.00,       64.52,       25.25,        0.00,        0.00,        0.00,        0.00,        1.00,        4.25,        0.00,        0.00,        1.00,        1.00,        0.00
     1277.00,       64.52,       26.44,        0.00,        0.00,        0.00,        0.00,        1.00,        4.25,        0.00,        0.00,        1.00,        1.00,        0.00
     1278.00,       64.52,       33.57,        0.00,        0.00,        0.00,        0.00,        1.00,        4.25,        0.00,        0.00,        1.00,        1.00,        0.00
     1279.00,       64.52,       38.73,        0.00,        0.00,        0.00,        0.00,        1.00,        4.25,        0.00,        0.00,        1.00,        1.00,        0.00
     1280.00,       64.52,       41.18,        0.00,        0.00,        0.00,        0.00,        1.00,        4.25,        0.00,        0.00,        1.00,        1.00,        0.00
     1281.00,       64.52,       35.85,        0.00,        0.00,        0.00,        0.00,        1.00,        4.25,        0.00,        0.00,        1.00,        1.00,        0.00
     1282.00,       64.52,       33.71,        0.00,        0.00,        0.00,        0.00,        1.00,        4.25,        0.00,        0.00,        1.00,        1.00,        0.00
     1283.00,       64.52,       32.39,        0.00,        0.00,        0.00,        0.00,        1.00,        4.25,        0.00,        0.00,        1.00,        1.00,        0.00
     1284.00,       64.52,       30.96,        0.00,        0.00,        0.00,        0.00,        1.00,        4.25,        0.00,        0.00,        1.00,        1.00,        0.00
     1285.00,       64.52,       29.56,        0.00,        0.00,        0.00,        0.00,        1.00,        4.25,        0.00,        0.00,        1.00,        1.00,        0.00
     1286.00,       64.52,       29.61,        0.00,        0.00,        0.00,        0.00,        1.00,        4.25,        0.00,        0.00,        1.00,        1.00,        0.00
     1287.00,       64.52,       29.18,        0.00,        0.00,        0.00,        0.00,        1.00,        4.25,        0.00,        0.00,        1.00,        1.00,        0.00
     1288.00,       64.52,       29.47,        0.00,        0.00,        0.00,        0.00,        1.00,        4.25,        0.00,        0.00,        1.00,        1.00,        0.00
     1289.00,       64.52,       35.52,        0.00,        0.00,        0.00,        0.00,        1.00,        4.25,        0.00,        0.00,        1.00,        1.00,        0.00
     1290.00,       64.52,       42.12,        0.00,        0.00,        0.00,        0.00,        1.00,        4.25,        0.00,        0.00,        1.00,        1.00,        0.00
     1291.00,       64.52,       54.66,        0.00,        0.00,        0.00,        0.00,        1.00,        4.25,        0.00,        0.00,        1.00,        1.00,        0.00
     1292.00,       64.52,       47.00,        0.00,        0.00,        0.00,        0.00,        1.00,        4.25,        0.00,        0.00,        1.00,        1.00,        0.00
     1293.00,       64.52,       43.19,        0.00,        0.00,        0.00,        0.00,        1.00,        4.25,        0.00,        0.00,        1.00,        1.00,        0.00
     1294.00,       64.52,       40.17,        0.00,        0.00,        0.00,        0.00,        1.00,        4.25,        0.00,        0.00,        1.00,        1.00,        0.00
     1295.00,       64.52,       36.34,        0.00,        0.00,        0.00,        0.00,        1.00,        4.25,        0.00,        0.00,        1.00,        1.00,        0.00
     1296.00,       64.52,       32.25,        0.00,        0.00,        0.00,        0.00,        1.00,        4.25,        0.00,        0.00,        1.00,        1.00,        0.00
     1297.00,       64.52,       26.77,        0.00,        0.00,        0.00,        0.00,        1.00,        4.25,        0.00,        0.00,        1.00,        1.00,        0.00
     1298.00,       64.52,       26.18,        0.00,        0.00,        0.00,        0.00,        1.00,        4.25,        0.00,        0.00,        1.00,        1.00,        0.00
     1299.00,       64.52,       25.68,        0.00,        0.00,        0.00,        0.00,        1.00,        4.25,        0.00,        0.00,        1.00,        1.00,        0.00
     1300.00,       64.52,       25.50,        0.00,        0.00,        0.00,        0.00,        1.00,        4.25,        0.00,        0.00,        1.00,        1.00,        0.00
     1301.00,       64.52,       28.63,        0.00,        0.00,        0.00,        0.00,        1.00,        4.25,        0.00,        0.00,        1.00,        1.00,        0.00
     1302.00,       64.52,       37.62,        0.00,        0.00,        0.00,        0.00,        1.00,        4.25,        0.00,        0.00,        1.00,        1.00,        0.00
     1303.00,       64.52,       44.84,        0.00,        0.00,        0.00,        0.00,        1.00,        4.25,        0.00,        0.00,        1.00,        1.00,        0.00
     1304.00,       64.52,       44.10,        0.00,        0.00,        0.00,        0.00,        1.00,        4.25,        0.00,        0.00,        1.00,        1.00,        0.00
     1305.00,       64.52,       38.36,        0.00,        0.00,        0.00,        0.00,        1.00,        4.25,        0.00,        0.00,        1.00,        1.00,        0.00
     1306.00,       64.52,       33.43,        0.00,        0.00,        0.00,        0.00,        1.00,        4.25,        0.00,        0.00,        1.00,        1.00,        0.00
     1307.00,       64.52,       29.40,        0.00,        0.00,        0.00,        0.00,        1.00,        4.25,        0.00,        0.00,        1.00,        1.00,        0.00
     1308.00,       64.52,       29.18,        0.00,        0.00,        0.00,        0.00,        1.00,        4.25,        0.00,        0.00,        1.00,        1.00,        0.00
     1309.00,       64.52,       28.01,        0.00,        0.00,        0.00,        0.00,        1.00,        4.25,        0.00,        0.00,        1.00,        1.00,        0.00
     1310.00,       64.52,       27.15,        0.00,        0.00,        0.00,        0.00,        1.00,        4.25,        0.00,        0.00,        1.00,        1.00,        0.00
     1311.00,       64.52,       27.40,        0.00,        0.00,        0.00,        0.00,        1.00,        4.25,        0.00,        0.00,        1.00,        1.00,        0.00
     1312.00,       64.52,       28.31,        0.00,        0.00,        0.00,        0.00,        1.00,        4.25,        0.00,        0.00,        1.00,        1.00,        0.00
     1313.00,       64.52,       32.61,        0.00,        0.00,        0.00,        0.00,        1.00,        4.25,        0.00,        0.00,        1.00,        1.00,        0.00
     1314.00,       64.52,       42.40,        0.00,        0.00,        0.00,        0.00,        1.00,        4.25,        0.00,        0.00,        1.00,        1.00,        0.00
     1315.00,       64.52,       52.18,        0.00,        0.00,        0.00,        0.00,        1.00,        4.25,        0.00,        0.00,        1.00,        1.00,        0.00
     1316.00,       64.52,       43.54,        0.00,        0.00,        0.00,        0.00,        1.00,        4.25,        0.00,        0.00,        1.00,        1.00,        0.00
     1317.00,       64.52,       42.74,        0.00,        0.00,        0.00,        0.00,        1.00,        4.25,        0.00,        0.00,        1.00,        1.00,        0.00
     1318.00,       64.52,       37.87,        0.00,        0.00,        0.00,        0.00,        1.00,        4.25,        0.00,        0.00,        1.00,        1.00,        0.00
     1319.00,       64.52,       34.95,        0.00,        0.00,        0.00,        0.00,        1.00,        4.25,        0.00,        0.00,        1.00,        1.00,        0.00
     1320.00,       64.52,       32.35,        0.00,        0.00,        0.00,        0.00,        1.00,        4.25,        0.00,        0.00,        1.00,        1.00,        0.00
     1321.00,       64.52,       29.83,        0.00,        0.00,        0.00,        0.00,        1.00,        4.25,        0.00,        0.00,        1.00,        1.00,        0.00
     1322.00,       64.52,       28.89,        0.00,        0.00,        0.00,        0.00,        1.00,        4.25,        0.00,        0.00,        1.00,        1.00,        0.00
     1323.00,       64.52,       27.78,        0.00,        0.00,        0.00,        0.00,        1.00,        4.25,        0.00,        0.00,        1.00,        1.00,        0.00
     1324.00,       64.52,       26.93,        0.00,        0.00,        0.00,        0.00,        1.00,        4.25,        0.00,        0.00,        1.00,        1.00,        0.00
     1325.00,       64.52,       29.61,        0.00,        0.00,        0.00,        0.00,        1.00,        4.25,        0.00,        0.00,        1.00,        1.00,        0.00
     1326.00,       64.52,       38.13,        0.00,        0.00,        0.00,        0.00,        1.00,        4.25,        0.00,        0.00,        1.00,        1.00,        0.00
     1327.00,       64.52,       45.76,        0.00,        0.00,        0.00,        0.00,        1.00,        4.25,        0.00,        0.00,        1.00,        1.00,        0.00
     1328.00,       64.52,       47.93,        0.00,        0.00,        0.00,        0.00,        1.00,        4.25,        0.00,        0.00,        1.00,        1.00,        0.00
     1329.00,       64.52,       36.05,        0.00,        0.00,        0.00,        0.00,        1.00,        4.25,        0.00,        0.00,        1.00,        1.00,        0.00
     1330.00,       64.52,       31.43,        0.00,        0.00,        0.00,        0.00,        1.00,        4.25,        0.00,        0.00,        1.00,        1.00,        0.00
     1331.00,       64.52,       31.00,        0.00,        0.00,        0.00,        0.00,        1.00,        4.25,        0.00,        0.00,        1.00,        1.00,        0.00
     1332.00,       64.52,       29.46,        0.00,        0.00,        0.00,        0.00,        1.00,        4.25,        0.00,        0.00,        1.00,        1.00,        0.00
     1333.00,       64.52,       27.07,        0.00,        0.00,        0.00,        0.00,        1.00,        4.25,        0.00,        0.00,        1.00,        1.00,        0.00
     1334.00,       64.52,       27.21,        0.00,        0.00,        0.00,        0.00,        1.00,        4.25,        0.00,        0.00,        1.00,        1.00,        0.00
     1335.00,       64.52,       28.90,        0.00,        0.00,        0.00,        0.00,        1.00,        4.25,        0.00,        0.00,        1.00,        1.00,        0.00
     1336.00,       64.52,       28.88,        0.00,        0.00,        0.00,        0.00,        1.00,        4.25,        0.00,        0.00,        1.00,        1.00,        0.00
     1337.00,       64.52,       32.52,        0.00,        0.00,        0.00,        0.00,        1.00,        4.25,        0.00,        0.00,        1.00,        1.00,        0.00
     1338.00,       64.52,       39.28,        0.00,        0.00,        0.00,        0.00,        1.00,        4.25,        0.00,        0.00,        1.00,        1.00,        0.00
     1339.00,       64.52,       49.50,        0.00,        0.00,        0.00,        0.00,        1.00,        4.25,        0.00,        0.00,        1.00,        1.00,        0.00
     1340.00,       64.52,       44.06,        0.00,        0.00,        0.00,        0.00,        1.00,        4.25,        0.00,        0.00,        1.00,        1.00,        0.00
     1341.00,       64.52,       45.01,        0.00,        0.00,        0.00,        0.00,        1.00,        4.25,        0.00,        0.00,        1.00,        1.00,        0.00
     1342.00,       64.52,       39.38,        0.00,        0.00,        0.00,        0.00,        1.00,        4.25,        0.00,        0.00,        1.00,        1.00,        0.00
     1343.00,       64.52,       36.11,        0.00,        0.00,        0.00,        0.00,        1.00,        4.25,        0.00,        0.00,        1.00,        1.00,        0.00
     1344.00,       64.52,       31.96,        0.00,        0.00,        0.00,        0.00,        1.00,        4.25,        0.00,        0.00,        1.00,        1.00,        0.00
     1345.00,       64.52,       27.91,        0.00,        0.00,        0.00,        0.00,        1.00,        4.25,        0.00,        0.00,        1.00,        1.00,        0.00
     1346.00,       64.52,       26.92,        0.00,        0.00,        0.00,        0.00,        1.00,        4.25,        0.00,        0.00,        1.00,        1.00,        0.00
     1347.00,       64.52,       26.26,        0.00,        0.00,        0.00,        0.00,        1.00,        4.25,        0.00,        0.00,        1.00,        1.00,        0.00
     1348.00,       64.52,       26.22,        0.00,        0.00,        0.00,        0.00,        1.00,        4.25,        0.00,        0.00,        1.00,        1.00,        0.00
     1349.00,       64.52,       28.28,        0.00,        0.00,        0.00,        0.00,        1.00,        4.25,        0.00,        0.00,        1.00,        1.00,        0.00
     1350.00,       64.52,       37.11,        0.00,        0.00,        0.00,        0.00,        1.00,        4.25,        0.00,        0.00,        1.00,        1.00,        0.00
     1351.00,       64.52,       43.96,        0.00,        0.00,        0.00,        0.00,        1.00,        4.25,        0.00,        0.00,        1.00,        1.00,        0.00
     1352.00,       64.52,       42.64,        0.00,        0.00,        0.00,        0.00,        1.00,        4.25,        0.00,        0.00,        1.00,        1.00,        0.00
     1353.00,       64.52,       34.87,        0.00,        0.00,        0.00,        0.00,        1.00,        4.25,        0.00,        0.00,        1.00,        1.00,        0.00
     1354.00,       64.52,       29.10,        0.00,        0.00,        0.00,        0.00,        1.00,        4.25,        0.00,        0.00,        1.00,        1.00,        0.00
     1355.00,       64.52,       28.77,        0.00,        0.00,        0.00,        0.00,        1.00,        4.25,        0.00,        0.00,        1.00,        1.00,        0.00
     1356.00,       64.52,       27.67,        0.00,        0.00,        0.00,        0.00,        1.00,        4.25,        0.00,        0.00,        1.00,        1.00,        0.00
     1357.00,       64.52,       25.54,        0.00,        0.00,        0.00,        0.00,        1.00,        4.25,        0.00,        0.00,        1.00,        1.00,        0.00
     1358.00,       64.52,       24.52,        0.00,        0.00,        0.00,        0.00,        1.00,        4.25,        0.00,        0.00,        1.00,        1.00,        0.00
     1359.00,       64.52,       25.75,        0.00,        0.00,        0.00,        0.00,        1.00,        4.25,        0.00,        0.00,        1.00,        1.00,        0.00
     1360.00,       64.52,       27.92,        0.00,        0.00,        0.00,        0.00,        1.00,        4.25,        0.00,        0.00,        1.00,        1.00,        0.00
     1361.00,       64.52,       33.91,        0.00,        0.00,        0.00,        0.00,        1.00,        4.25,        0.00,        0.00,        1.00,        1.00,        0.00
     1362.00,       64.52,       42.73,        0.00,        0.00,        0.00,        0.00,        1.00,        4.25,        0.00,        0.00,        1.00,        1.00,        0.00
     1363.00,       64.52,       54.73,        0.00,        0.00,        0.00,        0.00,        1.00,        4.25,        0.00,        0.00,        1.00,        1.00,        0.00
     1364.00,       64.52,       44.12,        0.00,        0.00,        0.00,        0.00,        1.00,        4.25,        0.00,        0.00,        1.00,        1.00,        0.00
     1365.00,       64.52,       42.11,        0.00,        0.00,        0.00,        0.00,        1.00,        4.25,        0.00,        0.00,        1.00,        1.00,        0.00
     1366.00,       64.52,       39.84,        0.00,        0.00,        0.00,        0.00,        1.00,        4.25,        0.00,        0.00,        1.00,        1.00,        0.00
     1367.00,       64.52,       33.80,        0.00,        0.00,        0.00,        0.00,        1.00,        4.25,        0.00,        0.00,        1.00,        1.00,        0.00
     1368.00,       64.52,       31.33,        0.00,        0.00,        0.00,        0.00,        1.00,        4.25,        0.00,        0.00,        1.00,        1.00,        0.00
     1369.00,       64.52,       26.84,        0.00,        0.00,        0.00,        0.00,        1.00,        4.25,        0.00,        0.00,        1.00,        1.00,        0.00
     1370.00,       64.52,       25.66,        0.00,        0.00,        0.00,        0.00,        1.00,        4.25,        0.00,        0.00,        1.00,        1.00,        0.00
     1371.00,       64.52,       24.87,        0.00,        0.00,        0.00,        0.00,        1.00,        4.25,        0.00,        0.00,        1.00,        1.00,        0.00
     1372.00,       64.52,       24.53,        0.00,        0.00,        0.00,        0.00,        1.00,        4.25,        0.00,        0.00,        1.00,        1.00,        0.00
     1373.00,       64.52,       27.17,        0.00,        0.00,        0.00,        0.00,        1.00,        4.25,        0.00,        0.00,        1.00,        1.00,        0.00
     1374.00,       64.52,       34.10,        0.00,        0.00,        0.00,        0.00,        1.00,        4.25,        0.00,        0.00,        1.00,        1.00,        0.00
     1375.00,       64.52,       41.81,        0.00,        0.00,        0.00,        0.00,        1.00,        4.25,        0.00,        0.00,        1.00,        1.00,        0.00
     1376.00,       64.52,       38.68,        0.00,        0.00,        0.00,        0.00,        1.00,        4.25,        0.00,        0.00,        1.00,        1.00,        0.00
     1377.00,       64.52,       32.62,        0.00,        0.00,        0.00,        0.00,        1.00,        4.25,        0.00,        0.00,        1.00,        1.00,        0.00
     1378.00,       64.52,       32.77,        0.00,        0.00,        0.00,        0.00,        1.00,        4.25,        0.00,        0.00,        1.00,        1.00,        0.00
     1379.00,       64.52,       27.60,        0.00,        0.00,        0.00,        0.00,        1.00,        4.25,        0.00,        0.00,        1.00,        1.00,        0.00
     1380.00,       64.52,       27.25,        0.00,        0.00,        0.00,        0.00,        1.00,        4.25,        0.00,        0.00,        1.00,        1.00,        0.00
     1381.00,       64.52,       25.90,        0.00,        0.00,        0.00,        0.00,        1.00,        4.25,        0.00,        0.00,        1.00,        1.00,        0.00
     1382.00,       64.52,       25.27,        0.00,        0.00,        0.00,        0.00,        1.00,        4.25,        0.00,        0.00,        1.00,        1.00,        0.00
     1383.00,       64.52,       25.33,        0.00,        0.00,        0.00,        0.00,        1.00,        4.25,        0.00,        0.00,        1.00,        1.00,        0.00
     1384.00,       64.52,       26.37,        0.00,        0.00,        0.00,        0.00,        1.00,        4.25,        0.00,        0.00,        1.00,        1.00,        0.00
     1385.00,       64.52,       30.23,        0.00,        0.00,        0.00,        0.00,        1.00,        4.25,        0.00,        0.00,        1.00,        1.00,        0.00
     1386.00,       64.52,       39.32,        0.00,        0.00,        0.00,        0.00,        1.00,        4.25,        0.00,        0.00,        1.00,        1.00,        0.00
     1387.00,       64.52,       48.26,        0.00,        0.00,        0.00,        0.00,        1.00,        4.25,        0.00,        0.00,        1.00,        1.00,        0.00
     1388.00,       64.52,       40.62,        0.00,        0.00,        0.00,        0.00,        1.00,        4.25,        0.00,        0.00,        1.00,        1.00,        0.00
     1389.00,       64.52,       39.38,        0.00,        0.00,        0.00,        0.00,        1.00,        4.25,        0.00,        0.00,        1.00,        1.00,        0.00
     1390.00,       64.52,       37.53,        0.00,        0.00,        0.00,        0.00,        1.00,        4.25,        0.00,        0.00,        1.00,        1.00,        0.00
     1391.00,       64.52,       32.26,        0.00,        0.00,        0.00,        0.00,        1.00,        4.25,        0.00,        0.00,        1.00,        1.00,        0.00
     1392.00,       64.52,       29.77,        0.00,        0.00,        0.00,        0.00,        1.00,        4.25,        0.00,        0.00,        1.00,        1.00,        0.00
     1393.00,       64.52,       27.36,        0.00,        0.00,        0.00,        0.00,        1.00,        4.25,        0.00,        0.00,        1.00,        1.00,        0.00
     1394.00,       64.52,       26.62,        0.00,        0.00,        0.00,        0.00,        1.00,        4.25,        0.00,        0.00,        1.00,        1.00,        0.00
     1395.00,       64.52,       25.21,        0.00,        0.00,        0.00,        0.00,        1.00,        4.25,        0.00,        0.00,        1.00,        1.00,        0.00
     1396.00,       64.52,       25.18,        0.00,        0.00,        0.00,        0.00,        1.00,        4.25,        0.00,        0.00,        1.00,        1.00,        0.00
     1397.00,       64.52,       26.71,        0.00,        0.00,        0.00,        0.00,        1.00,        4.25,        0.00,        0.00,        1.00,        1.00,        0.00
     1398.00,       64.52,       29.47,        0.00,        0.00,        0.00,        0.00,        1.00,        4.25,        0.00,        0.00,        1.00,        1.00,        0.00
     1399.00,       64.52,       30.46,        0.00,        0.00,        0.00,        0.00,        1.00,        4.25,        0.00,        0.00,        1.00,        1.00,        0.00
     1400.00,       64.52,       33.55,        0.00,        0.00,        0.00,        0.00,        1.00,        4.25,        0.00,        0.00,        1.00,        1.00,        0.00
     1401.00,       64.52,       31.48,        0.00,        0.00,        0.00,        0.00,        1.00,        4.25,        0.00,        0.00,        1.00,        1.00,        0.00
     1402.00,       64.52,       32.69,        0.00,        0.00,        0.00,        0.00,        1.00,        4.25,        0.00,        0.00,        1.00,        1.00,        0.00
     1403.00,       64.52,       29.95,        0.00,        0.00,        0.00,        0.00,        1.00,        4.25,        0.00,        0.00,        1.00,        1.00,        0.00
     1404.00,       64.52,       28.30,        0.00,        0.00,        0.00,        0.00,        1.00,        4.25,        0.00,        0.00,        1.00,        1.00,        0.00
     1405.00,       64.52,       26.16,        0.00,        0.00,        0.00,        0.00,        1.00,        4.25,        0.00,        0.00,        1.00,        1.00,        0.00
     1406.00,       64.52,       25.69,        0.00,        0.00,        0.00,        0.00,        1.00,        4.25,        0.00,        0.00,        1.00,        1.00,        0.00
     1407.00,       64.52,       25.04,        0.00,        0.00,        0.00,        0.00,        1.00,        4.25,        0.00,        0.00,        1.00,        1.00,        0.00
     1408.00,       64.52,       27.25,        0.00,        0.00,        0.00,        0.00,        1.00,        4.25,        0.00,        0.00,        1.00,        1.00,        0.00
     1409.00,       64.52,       30.83,        0.00,        0.00,        0.00,        0.00,        1.00,        4.25,        0.00,        0.00,        1.00,        1.00,        0.00
     1410.00,       64.52,       39.90,        0.00,        0.00,        0.00,        0.00,        1.00,        4.25,        0.00,        0.00,        1.00,        1.00,        0.00
     1411.00,       64.52,       49.31,        0.00,        0.00,        0.00,        0.00,        1.00,        4.25,        0.00,        0.00,        1.00,        1.00,        0.00
     1412.00,       64.52,       45.24,        0.00,        0.00,        0.00,        0.00,        1.00,        4.25,        0.00,        0.00,        1.00,        1.00,        0.00
     1413.00,       64.52,       44.36,        0.00,        0.00,        0.00,        0.00,        1.00,        4.25,        0.00,        0.00,        1.00,        1.00,        0.00
     1414.00,       64.52,       39.92,        0.00,        0.00,        0.00,        0.00,        1.00,        4.25,        0.00,        0.00,        1.00,        1.00,        0.00
     1415.00,       64.52,       35.51,        0.00,        0.00,        0.00,        0.00,        1.00,        4.25,        0.00,        0.00,        1.00,        1.00,        0.00
     1416.00,       64.52,       31.09,        0.00,        0.00,        0.00,        0.00,        1.00,        4.25,        0.00,        0.00,        1.00,        1.00,        0.00
     1417.00,       64.52,       29.27,        0.00,        0.00,        0.00,        0.00,        1.00,        4.25,        0.00,        0.00,        1.00,        1.00,        0.00
     1418.00,       64.52,       27.95,        0.00,        0.00,        0.00,        0.00,        1.00,        4.25,        0.00,        0.00,        1.00,        1.00,        0.00
     1419.00,       64.52,       27.54,        0.00,        0.00,        0.00,        0.00,        1.00,        4.25,        0.00,        0.00,        1.00,        1.00,        0.00
     1420.00,       64.52,       27.21,        0.00,        0.00,        0.00,        0.00,        1.00,        4.25,        0.00,        0.00,        1.00,        1.00,        0.00
     1421.00,       64.52,       27.83,        0.00,        0.00,        0.00,        0.00,        1.00,        4.25,        0.00,        0.00,        1.00,        1.00,        0.00
     1422.00,       64.52,       30.57,        0.00,        0.00,        0.00,        0.00,        1.00,        4.25,        0.00,        0.00,        1.00,        1.00,        0.00
     1423.00,       64.52,       31.09,        0.00,        0.00,        0.00,        0.00,        1.00,        4.25,        0.00,        0.00,        1.00,        1.00,        0.00
     1424.00,       64.52,       29.34,        0.00,        0.00,        0.00,        0.00,        1.00,        4.25,        0.00,        0.00,        1.00,        1.00,        0.00
     1425.00,       64.52,       28.26,        0.00,        0.00,        0.00,        0.00,        1.00,        4.25,        0.00,        0.00,        1.00,        1.00,        0.00
     1426.00,       64.52,       30.08,        0.00,        0.00,        0.00,        0.00,        1.00,        4.25,        0.00,        0.00,        1.00,        1.00,        0.00
     1427.00,       64.52,       28.02,        0.00,        0.00,        0.00,        0.00,        1.00,        4.25,        0.00,        0.00,        1.00,        1.00,        0.00
     1428.00,       64.52,       28.04,        0.00,        0.00,        0.00,        0.00,        1.00,        4.25,        0.00,        0.00,        1.00,        1.00,        0.00
     1429.00,       64.52,       27.54,        0.00,        0.00,        0.00,        0.00,        1.00,        4.25,        0.00,        0.00,        1.00,        1.00,        0.00
     1430.00,       64.52,       27.64,        0.00,        0.00,        0.00,        0.00,        1.00,        4.25,        0.00,        0.00,        1.00,        1.00,        0.00
     1431.00,       64.52,       27.09,        0.00,        0.00,        0.00,        0.00,        1.00,        4.25,        0.00,        0.00,        1.00,        1.00,        0.00
     1432.00,       64.52,       27.30,        0.00,        0.00,        0.00,        0.00,        1.00,        4.25,        0.00,        0.00,        1.00,        1.00,        0.00
     1433.00,       64.52,       30.23,        0.00,        0.00,        0.00,        0.00,        1.00,        4.25,        0.00,        0.00,        1.00,        1.00,        0.00
     1434.00,       64.52,       39.89,        0.00,        0.00,        0.00,        0.00,        1.00,        4.25,        0.00,        0.00,        1.00,        1.00,        0.00
     1435.00,       64.52,       49.95,        0.00,        0.00,        0.00,        0.00,        1.00,        4.25,        0.00,        0.00,        1.00,        1.00,        0.00
     1436.00,       64.52,       43.52,        0.00,        0.00,        0.00,        0.00,        1.00,        4.25,        0.00,        0.00,        1.00,        1.00,        0.00
     1437.00,       64.52,       42.56,        0.00,        0.00,        0.00,        0.00,        1.00,        4.25,        0.00,        0.00,        1.00,        1.00,        0.00
     1438.00,       64.52,       38.47,        0.00,        0.00,        0.00,        0.00,        1.00,        4.25,        0.00,        0.00,        1.00,        1.00,        0.00
     1439.00,       64.52,       34.45,        0.00,        0.00,        0.00,        0.00,        1.00,        4.25,        0.00,        0.00,        1.00,        1.00,        0.00
     1440.00,       64.52,       30.94,        0.00,        0.00,        0.00,        0.00,        1.00,        4.25,        0.00,        0.00,        1.00,        1.00,        0.00
     1441.00,       64.52,       27.89,        0.00,        0.00,        0.00,        0.00,        1.00,        4.25,        0.00,        0.00,        1.00,        1.00,        0.00
     1442.00,       64.52,       26.95,        0.00,        0.00,        0.00,        0.00,        1.00,        4.25,        0.00,        0.00,        1.00,        1.00,        0.00
     1443.00,       64.52,       26.99,        0.00,        0.00,        0.00,        0.00,        1.00,        4.25,        0.00,        0.00,        1.00,        1.00,        0.00
     1444.00,       64.52,       26.42,        0.00,        0.00,        0.00,        0.00,        1.00,        4.25,        0.00,        0.00,        1.00,        1.00,        0.00
     1445.00,       64.52,       26.49,        0.00,        0.00,        0.00,        0.00,        1.00,        4.25,        0.00,        0.00,        1.00,        1.00,        0.00
     1446.00,       64.52,       32.20,        0.00,        0.00,        0.00,        0.00,        1.00,        4.25,        0.00,        0.00,        1.00,        1.00,        0.00
     1447.00,       64.52,       37.92,        0.00,        0.00,        0.00,        0.00,        1.00,        4.25,        0.00,        0.00,        1.00,        1.00,        0.00
     1448.00,       64.52,       41.47,        0.00,        0.00,        0.00,        0.00,        1.00,        4.25,        0.00,        0.00,        1.00,        1.00,        0.00
     1449.00,       64.52,       37.40,        0.00,        0.00,        0.00,        0.00,        1.00,        4.25,        0.00,        0.00,        1.00,        1.00,        0.00
     1450.00,       64.52,       32.64,        0.00,        0.00,        0.00,        0.00,        1.00,        4.25,        0.00,        0.00,        1.00,        1.00,        0.00
     1451.00,       64.52,       29.09,        0.00,        0.00,        0.00,        0.00,        1.00,        4.25,        0.00,        0.00,        1.00,        1.00,        0.00
     1452.00,       64.52,       28.71,        0.00,        0.00,        0.00,        0.00,        1.00,        4.25,        0.00,        0.00,        1.00,        1.00,        0.00
     1453.00,       64.52,       27.27,        0.00,        0.00,        0.00,        0.00,        1.00,        4.25,        0.00,        0.00,        1.00,        1.00,        0.00
     1454.00,       64.52,       26.96,        0.00,        0.00,        0.00,        0.00,        1.00,        4.25,        0.00,        0.00,        1.00,        1.00,        0.00
     1455.00,       64.52,       25.92,        0.00,        0.00,        0.00,        0.00,        1.00,        4.25,        0.00,        0.00,        1.00,        1.00,        0.00
     1456.00,       64.52,       28.17,        0.00,        0.00,        0.00,        0.00,        1.00,        4.25,        0.00,        0.00,        1.00,        1.00,        0.00
     1457.00,       64.52,       34.35,        0.00,        0.00,        0.00,        0.00,        1.00,        4.25,        0.00,        0.00,        1.00,        1.00,        0.00
     1458.00,       64.52,       38.54,        0.00,        0.00,        0.00,        0.00,        1.00,        4.25,        0.00,        0.00,        1.00,        1.00,        0.00
     1459.00,       64.52,       49.49,        0.00,        0.00,        0.00,        0.00,        1.00,        4.25,        0.00,        0.00,        1.00,        1.00,        0.00
     1460.00,       64.52,       43.43,        0.00,        0.00,        0.00,        0.00,        1.00,        4.25,        0.00,        0.00,        1.00,        1.00,        0.00
     1461.00,       64.52,       40.61,        0.00,        0.00,        0.00,        0.00,        1.00,        4.25,        0.00,        0.00,        1.00,        1.00,        0.00
     1462.00,       64.52,       37.85,        0.00,        0.00,        0.00,        0.00,        1.00,        4.25,        0.00,        0.00,        1.00,        1.00,        0.00
     1463.00,       64.52,       35.00,        0.00,        0.00,        0.00,        0.00,        1.00,        4.25,        0.00,        0.00,        1.00,        1.00,        0.00
     1464.00,       64.52,       29.26,        0.00,        0.00,        0.00,        0.00,        1.00,        4.25,        0.00,        0.00,        1.00,        1.00,        0.00
     1465.00,       64.52,       27.95,        0.00,        0.00,        0.00,        0.00,        1.00,        4.25,        0.00,        0.00,        1.00,        1.00,        0.00
     1466.00,       64.52,       26.86,        0.00,        0.00,        0.00,        0.00,        1.00,        4.25,        0.00,        0.00,        1.00,        1.00,        0.00
     1467.00,       64.52,       26.59,        0.00,        0.00,        0.00,        0.00,        1.00,        4.25,        0.00,        0.00,        1.00,        1.00,        0.00
     1468.00,       64.52,       26.52,        0.00,        0.00,        0.00,        0.00,        1.00,        4.25,        0.00,        0.00,        1.00,        1.00,        0.00
     1469.00,       64.52,       27.88,        0.00,        0.00,        0.00,        0.00,        1.00,        4.25,        0.00,        0.00,        1.00,        1.00,        0.00
     1470.00,       64.52,       33.08,        0.00,        0.00,        0.00,        0.00,        1.00,        4.25,        0.00,        0.00,        1.00,        1.00,        0.00
     1471.00,       64.52,       40.09,        0.00,        0.00,        0.00,        0.00,        1.00,        4.25,        0.00,        0.00,        1.00,        1.00,        0.00
     1472.00,       64.52,       42.26,        0.00,        0.00,        0.00,        0.00,        1.00,        4.25,        0.00,        0.00,        1.00,        1.00,        0.00
     1473.00,       64.52,       38.03,        0.00,        0.00,        0.00,        0.00,        1.00,        4.25,        0.00,        0.00,        1.00,        1.00,        0.00
     1474.00,       64.52,       31.73,        0.00,        0.00,        0.00,        0.00,        1.00,        4.25,        0.00,        0.00,        1.00,        1.00,        0.00
     1475.00,       64.52,       29.65,        0.00,        0.00,        0.00,        0.00,        1.00,        4.25,        0.00,        0.00,        1.00,        1.00,        0.00
     1476.00,       64.52,       28.84,        0.00,        0.00,        0.00,        0.00,        1.00,        4.25,        0.00,        0.00,        1.00,        1.00,        0.00
     1477.00,       64.52,       27.96,        0.00,        0.00,        0.00,        0.00,        1.00,        4.25,        0.00,        0.00,        1.00,        1.00,        0.00
     1478.00,       64.52,       27.75,        0.00,        0.00,        0.00,        0.00,        1.00,        4.25,        0.00,        0.00,        1.00,        1.00,        0.00
     1479.00,       64.52,       27.31,        0.00,        0.00,        0.00,        0.00,        1.00,        4.25,        0.00,        0.00,        1.00,        1.00,        0.00
     1480.00,       64.52,       28.43,        0.00,        0.00,        0.00,        0.00,        1.00,        4.25,        0.00,        0.00,        1.00,        1.00,        0.00
     1481.00,       64.52,       33.83,        0.00,        0.00,        0.00,        0.00,        1.00,        4.25,        0.00,        0.00,        1.00,        1.00,        0.00
     1482.00,       64.52,       38.61,        0.00,        0.00,        0.00,        0.00,        1.00,        4.25,        0.00,        0.00,        1.00,        1.00,        0.00
     1483.00,       64.52,       49.92,        0.00,        0.00,        0.00,        0.00,        1.00,        4.25,        0.00,        0.00,        1.00,        1.00,        0.00
     1484.00,       64.52,       45.78,        0.00,        0.00,        0.00,        0.00,        1.00,        4.25,        0.00,        0.00,        1.00,        1.00,        0.00
     1485.00,       64.52,       41.73,        0.00,        0.00,        0.00,        0.00,        1.00,        4.25,        0.00,        0.00,        1.00,        1.00,        0.00
     1486.00,       64.52,       37.65,        0.00,        0.00,        0.00,        0.00,        1.00,        4.25,        0.00,        0.00,        1.00,        1.00,        0.00
     1487.00,       64.52,       35.75,        0.00,        0.00,        0.00,        0.00,        1.00,        4.25,        0.00,        0.00,        1.00,        1.00,        0.00
     1488.00,       64.52,       31.66,        0.00,        0.00,        0.00,        0.00,        1.00,        4.25,        0.00,        0.00,        1.00,        1.00,        0.00
     1489.00,       64.52,       28.86,        0.00,        0.00,        0.00,        0.00,        1.00,        4.25,        0.00,        0.00,        1.00,        1.00,        0.00
     1490.00,       64.52,       27.87,        0.00,        0.00,        0.00,        0.00,        1.00,        4.25,        0.00,        0.00,        1.00,        1.00,        0.00
     1491.00,       64.52,       27.16,        0.00,        0.00,        0.00,        0.00,        1.00,        4.25,        0.00,        0.00,        1.00,        1.00,        0.00
     1492.00,       64.52,       26.01,        0.00,        0.00,        0.00,        0.00,        1.00,        4.25,        0.00,        0.00,        1.00,        1.00,        0.00
     1493.00,       64.52,       28.20,        0.00,        0.00,        0.00,        0.00,        1.00,        4.25,        0.00,        0.00,        1.00,        1.00,        0.00
     1494.00,       64.52,       36.51,        0.00,        0.00,        0.00,        0.00,        1.00,        4.25,        0.00,        0.00,        1.00,        1.00,        0.00
     1495.00,       64.52,       47.37,        0.00,        0.00,        0.00,        0.00,        1.00,        4.25,        0.00,        0.00,        1.00,        1.00,        0.00
     1496.00,       64.52,       47.36,        0.00,        0.00,        0.00,        0.00,        1.00,        4.25,        0.00,        0.00,        1.00,        1.00,        0.00
     1497.00,       64.52,       37.48,        0.00,        0.00,        0.00,        0.00,        1.00,        4.25,        0.00,        0.00,        1.00,        1.00,        0.00
     1498.00,       64.52,       31.38,        0.00,        0.00,        0.00,        0.00,        1.00,        4.25,        0.00,        0.00,        1.00,        1.00,        0.00
     1499.00,       64.52,       29.05,        0.00,        0.00,        0.00,        0.00,        1.00,        4.25,        0.00,        0.00,        1.00,        1.00,        0.00
     1500.00,       64.52,       28.50,        0.00,        0.00,        0.00,        0.00,        1.00,        4.25,        0.00,        0.00,        1.00,        1.00,        0.00
     1501.00,       64.52,       27.21,        0.00,        0.00,        0.00,        0.00,        1.00,        4.25,        0.00,        0.00,        1.00,        1.00,        0.00
     1502.00,       64.52,       27.52,        0.00,        0.00,        0.00,        0.00,        1.00,        4.25,        0.00,        0.00,        1.00,        1.00,        0.00
     1503.00,       64.52,       26.93,        0.00,        0.00,        0.00,        0.00,        1.00,        4.25,        0.00,        0.00,        1.00,        1.00,        0.00
     1504.00,       64.52,       29.07,        0.00,        0.00,        0.00,        0.00,        1.00,        4.25,        0.00,        0.00,        1.00,        1.00,        0.00
     1505.00,       64.52,       34.83,        0.00,        0.00,        0.00,        0.00,        1.00,        4.25,        0.00,        0.00,        1.00,        1.00,        0.00
     1506.00,       64.52,       41.40,        0.00,        0.00,        0.00,        0.00,        1.00,        4.25,        0.00,        0.00,        1.00,        1.00,        0.00
     1507.00,       64.52,       52.63,        0.00,        0.00,        0.00,        0.00,        1.00,        4.25,        0.00,        0.00,        1.00,        1.00,        0.00
     1508.00,       64.52,       46.94,        0.00,        0.00,        0.00,        0.00,        1.00,        4.25,        0.00,        0.00,        1.00,        1.00,        0.00
     1509.00,       64.52,       42.93,        0.00,        0.00,        0.00,        0.00,        1.00,        4.25,        0.00,        0.00,        1.00,        1.00,        0.00
     1510.00,       64.52,       39.07,        0.00,        0.00,        0.00,        0.00,        1.00,        4.25,        0.00,        0.00,        1.00,        1.00,        0.00
     1511.00,       64.52,       36.53,        0.00,        0.00,        0.00,        0.00,        1.00,        4.25,        0.00,        0.00,        1.00,        1.00,        0.00
     1512.00,       64.52,       31.73,        0.00,        0.00,        0.00,        0.00,        1.00,        4.25,        0.00,        0.00,        1.00,        1.00,        0.00
     1513.00,       64.52,       27.12,        0.00,        0.00,        0.00,        0.00,        1.00,        4.25,        0.00,        0.00,        1.00,        1.00,        0.00
     1514.00,       64.52,       26.35,        0.00,        0.00,        0.00,        0.00,        1.00,        4.25,        0.00,        0.00,        1.00,        1.00,        0.00
     1515.00,       64.52,       25.37,        0.00,        0.00,        0.00,        0.00,        1.00,        4.25,        0.00,        0.00,        1.00,        1.00,        0.00
     1516.00,       64.52,       25.19,        0.00,        0.00,        0.00,        0.00,        1.00,        4.25,        0.00,        0.00,        1.00,        1.00,        0.00
     1517.00,       64.52,       28.13,        0.00,        0.00,        0.00,        0.00,        1.00,        4.25,        0.00,        0.00,        1.00,        1.00,        0.00
     1518.00,       64.52,       36.95,        0.00,        0.00,        0.00,        0.00,        1.00,        4.25,        0.00,        0.00,        1.00,        1.00,        0.00
     1519.00,       64.52,       43.39,        0.00,        0.00,        0.00,        0.00,        1.00,        4.25,        0.00,        0.00,        1.00,        1.00,        0.00
     1520.00,       64.52,       44.54,        0.00,        0.00,        0.00,        0.00,        1.00,        4.25,        0.00,        0.00,        1.00,        1.00,        0.00
     1521.00,       64.52,       35.99,        0.00,        0.00,        0.00,        0.00,        1.00,        4.25,        0.00,        0.00,        1.00,        1.00,        0.00
     1522.00,       64.52,       30.41,        0.00,        0.00,        0.00,        0.00,        1.00,        4.25,        0.00,        0.00,        1.00,        1.00,        0.00
     1523.00,       64.52,       27.79,        0.00,        0.00,        0.00,        0.00,        1.00,        4.25,        0.00,        0.00,        1.00,        1.00,        0.00
     1524.00,       64.52,       27.50,        0.00,        0.00,        0.00,        0.00,        1.00,        4.25,        0.00,        0.00,        1.00,        1.00,        0.00
     1525.00,       64.52,       27.18,        0.00,        0.00,        0.00,        0.00,        1.00,        4.25,        0.00,        0.00,        1.00,        1.00,        0.00
     1526.00,       64.52,       27.03,        0.00,        0.00,        0.00,        0.00,        1.00,        4.25,        0.00,        0.00,        1.00,        1.00,        0.00
     1527.00,       64.52,       26.85,        0.00,        0.00,        0.00,        0.00,        1.00,        4.25,        0.00,        0.00,        1.00,        1.00,        0.00
     1528.00,       64.52,       29.10,        0.00,        0.00,        0.00,        0.00,        1.00,        4.25,        0.00,        0.00,        1.00,        1.00,        0.00
     1529.00,       64.52,       33.99,        0.00,        0.00,        0.00,        0.00,        1.00,        4.25,        0.00,        0.00,        1.00,        1.00,        0.00
     1530.00,       64.52,       41.14,        0.00,        0.00,        0.00,        0.00,        1.00,        4.25,        0.00,        0.00,        1.00,        1.00,        0.00
     1531.00,       64.52,       51.28,        0.00,        0.00,        0.00,        0.00,        1.00,        4.25,        0.00,        0.00,        1.00,        1.00,        0.00
     1532.00,       64.52,       42.56,        0.00,        0.00,        0.00,        0.00,        1.00,        4.25,        0.00,        0.00,        1.00,        1.00,        0.00
     1533.00,       64.52,       41.41,        0.00,        0.00,        0.00,        0.00,        1.00,        4.25,        0.00,        0.00,        1.00,        1.00,        0.00
     1534.00,       64.52,       38.12,        0.00,        0.00,        0.00,        0.00,        1.00,        4.25,        0.00,        0.00,        1.00,        1.00,        0.00
     1535.00,       64.52,       36.56,        0.00,        0.00,        0.00,        0.00,        1.00,        4.25,        0.00,        0.00,        1.00,        1.00,        0.00
     1536.00,       64.52,       31.25,        0.00,        0.00,        0.00,        0.00,        1.00,        4.25,        0.00,        0.00,        1.00,        1.00,        0.00
     1537.00,       64.52,       27.61,        0.00,        0.00,        0.00,        0.00,        1.00,        4.25,        0.00,        0.00,        1.00,        1.00,        0.00
     1538.00,       64.52,       25.36,        0.00,        0.00,        0.00,        0.00,        1.00,        4.25,        0.00,        0.00,        1.00,        1.00,        0.00
     1539.00,       64.52,       24.28,        0.00,        0.00,        0.00,        0.00,        1.00,        4.25,        0.00,        0.00,        1.00,        1.00,        0.00
     1540.00,       64.52,       24.35,        0.00,        0.00,        0.00,        0.00,        1.00,        4.25,        0.00,        0.00,        1.00,        1.00,        0.00
     1541.00,       64.52,       26.96,        0.00,        0.00,        0.00,        0.00,        1.00,        4.25,        0.00,        0.00,        1.00,        1.00,        0.00
     1542.00,       64.52,       33.38,        0.00,        0.00,        0.00,        0.00,        1.00,        4.25,        0.00,        0.00,        1.00,        1.00,        0.00
     1543.00,       64.52,       41.35,        0.00,        0.00,        0.00,        0.00,        1.00,        4.25,        0.00,        0.00,        1.00,        1.00,        0.00
     1544.00,       64.52,       40.03,        0.00,        0.00,        0.00,        0.00,        1.00,        4.25,        0.00,        0.00,        1.00,        1.00,        0.00
     1545.00,       64.52,       32.16,        0.00,        0.00,        0.00,        0.00,        1.00,        4.25,        0.00,        0.00,        1.00,        1.00,        0.00
     1546.00,       64.52,       27.09,        0.00,        0.00,        0.00,        0.00,        1.00,        4.25,        0.00,        0.00,        1.00,        1.00,        0.00
     1547.00,       64.52,       26.04,        0.00,        0.00,        0.00,        0.00,        1.00,        4.25,        0.00,        0.00,        1.00,        1.00,        0.00
     1548.00,       64.52,       26.34,        0.00,        0.00,        0.00,        0.00,        1.00,        4.25,        0.00,        0.00,        1.00,        1.00,        0.00
     1549.00,       64.52,       25.79,        0.00,        0.00,        0.00,        0.00,        1.00,        4.25,        0.00,        0.00,        1.00,        1.00,        0.00
     1550.00,       64.52,       26.21,        0.00,        0.00,        0.00,        0.00,        1.00,        4.25,        0.00,        0.00,        1.00,        1.00,        0.00
     1551.00,       64.52,       26.19,        0.00,        0.00,        0.00,        0.00,        1.00,        4.25,        0.00,        0.00,        1.00,        1.00,        0.00
     1552.00,       64.52,       27.51,        0.00,        0.00,        0.00,        0.00,        1.00,        4.25,        0.00,        0.00,        1.00,        1.00,        0.00
     1553.00,       64.52,       34.01,        0.00,        0.00,        0.00,        0.00,        1.00,        4.25,        0.00,        0.00,        1.00,        1.00,        0.00
     1554.00,       64.52,       39.28,        0.00,        0.00,        0.00,        0.00,        1.00,        4.25,        0.00,        0.00,        1.00,        1.00,        0.00
     1555.00,       64.52,       49.75,        0.00,        0.00,        0.00,        0.00,        1.00,        4.25,        0.00,        0.00,        1.00,        1.00,        0.00
     1556.00,       64.52,       42.53,        0.00,        0.00,        0.00,        0.00,        1.00,        4.25,        0.00,        0.00,        1.00,        1.00,        0.00
     1557.00,       64.52,       39.95,        0.00,        0.00,        0.00,        0.00,        1.00,        4.25,        0.00,        0.00,        1.00,        1.00,        0.00
     1558.00,       64.52,       36.97,        0.00,        0.00,        0.00,        0.00,        1.00,        4.25,        0.00,        0.00,        1.00,        1.00,        0.00
     1559.00,       64.52,       34.10,        0.00,        0.00,        0.00,        0.00,        1.00,        4.25,        0.00,        0.00,        1.00,        1.00,        0.00
     1560.00,       64.52,       31.43,        0.00,        0.00,        0.00,        0.00,        1.00,        4.25,        0.00,        0.00,        1.00,        1.00,        0.00
     1561.00,       64.52,       28.36,        0.00,        0.00,        0.00,        0.00,        1.00,        4.25,        0.00,        0.00,        1.00,        1.00,        0.00
     1562.00,       64.52,       27.57,        0.00,        0.00,        0.00,        0.00,        1.00,        4.25,        0.00,        0.00,        1.00,        1.00,        0.00
     1563.00,       64.52,       27.61,        0.00,        0.00,        0.00,        0.00,        1.00,        4.25,        0.00,        0.00,        1.00,        1.00,        0.00
     1564.00,       64.52,       26.44,        0.00,        0.00,        0.00,        0.00,        1.00,        4.25,        0.00,        0.00,        1.00,        1.00,        0.00
     1565.00,       64.52,       28.56,        0.00,        0.00,        0.00,        0.00,        1.00,        4.25,        0.00,        0.00,        1.00,        1.00,        0.00
     1566.00,       64.52,       32.36,        0.00,        0.00,        0.00,        0.00,        1.00,        4.25,        0.00,        0.00,        1.00,        1.00,        0.00
     1567.00,       64.52,       33.66,        0.00,        0.00,        0.00,        0.00,        1.00,        4.25,        0.00,        0.00,        1.00,        1.00,        0.00
     1568.00,       64.52,       30.58,        0.00,        0.00,        0.00,        0.00,        1.00,        4.25,        0.00,        0.00,        1.00,        1.00,        0.00
     1569.00,       64.52,       29.55,        0.00,        0.00,        0.00,        0.00,        1.00,        4.25,        0.00,        0.00,        1.00,        1.00,        0.00
     1570.00,       64.52,       26.53,        0.00,        0.00,        0.00,        0.00,        1.00,        4.25,        0.00,        0.00,        1.00,        1.00,        0.00
     1571.00,       64.52,       26.04,        0.00,        0.00,        0.00,        0.00,        1.00,        4.25,        0.00,        0.00,        1.00,        1.00,        0.00
     1572.00,       64.52,       25.45,        0.00,        0.00,        0.00,        0.00,        1.00,        4.25,        0.00,        0.00,        1.00,        1.00,        0.00
     1573.00,       64.52,       25.58,        0.00,        0.00,        0.00,        0.00,        1.00,        4.25,        0.00,        0.00,        1.00,        1.00,        0.00
     1574.00,       64.52,       25.60,        0.00,        0.00,        0.00,        0.00,        1.00,        4.25,        0.00,        0.00,        1.00,        1.00,        0.00
     1575.00,       64.52,       24.04,        0.00,        0.00,        0.00,        0.00,        1.00,        4.25,        0.00,        0.00,        1.00,        1.00,        0.00
     1576.00,       64.52,       26.20,        0.00,        0.00,        0.00,        0.00,        1.00,        4.25,        0.00,        0.00,        1.00,        1.00,        0.00
     1577.00,       64.52,       30.35,        0.00,        0.00,        0.00,        0.00,        1.00,        4.25,        0.00,        0.00,        1.00,        1.00,        0.00
     1578.00,       64.52,       39.94,        0.00,        0.00,        0.00,        0.00,        1.00,        4.25,        0.00,        0.00,        1.00,        1.00,        0.00
     1579.00,       64.52,       48.49,        0.00,        0.00,        0.00,        0.00,        1.00,        4.25,        0.00,        0.00,        1.00,        1.00,        0.00
     1580.00,       64.52,       44.26,        0.00,        0.00,        0.00,        0.00,        1.00,        4.25,        0.00,        0.00,        1.00,        1.00,        0.00
     1581.00,       64.52,       40.17,        0.00,        0.00,        0.00,        0.00,        1.00,        4.25,        0.00,        0.00,        1.00,        1.00,        0.00
     1582.00,       64.52,       35.93,        0.00,        0.00,        0.00,        0.00,        1.00,        4.25,        0.00,        0.00,        1.00,        1.00,        0.00
     1583.00,       64.52,       32.92,        0.00,        0.00,        0.00,        0.00,        1.00,        4.25,        0.00,        0.00,        1.00,        1.00,        0.00
     1584.00,       64.52,       30.39,        0.00,        0.00,        0.00,        0.00,        1.00,        4.25,        0.00,        0.00,        1.00,        1.00,        0.00
     1585.00,       64.52,       28.67,        0.00,        0.00,        0.00,        0.00,        1.00,        4.25,        0.00,        0.00,        1.00,        1.00,        0.00
     1586.00,       64.52,       27.65,        0.00,        0.00,        0.00,        0.00,        1.00,        4.25,        0.00,        0.00,        1.00,        1.00,        0.00
     1587.00,       64.52,       27.35,        0.00,        0.00,        0.00,        0.00,        1.00,        4.25,        0.00,        0.00,        1.00,        1.00,        0.00
     1588.00,       64.52,       26.45,        0.00,        0.00,        0.00,        0.00,        1.00,        4.25,        0.00,        0.00,        1.00,        1.00,        0.00
     1589.00,       64.52,       27.36,        0.00,        0.00,        0.00,        0.00,        1.00,        4.25,        0.00,        0.00,        1.00,        1.00,        0.00
     1590.00,       64.52,       29.35,        0.00,        0.00,        0.00,        0.00,        1.00,        4.25,        0.00,        0.00,        1.00,        1.00,        0.00
     1591.00,       64.52,       31.79,        0.00,        0.00,        0.00,        0.00,        1.00,        4.25,        0.00,        0.00,        1.00,        1.00,        0.00
     1592.00,       64.52,       30.32,        0.00,        0.00,        0.00,        0.00,        1.00,        4.25,        0.00,        0.00,        1.00,        1.00,        0.00
     1593.00,       64.52,       27.63,        0.00,        0.00,        0.00,        0.00,        1.00,        4.25,        0.00,        0.00,        1.00,        1.00,        0.00
     1594.00,       64.52,       25.03,        0.00,        0.00,        0.00,        0.00,        1.00,        4.25,        0.00,        0.00,        1.00,        1.00,        0.00
     1595.00,       64.52,       24.88,        0.00,        0.00,        0.00,        0.00,        1.00,        4.25,        0.00,        0.00,        1.00,        1.00,        0.00
     1596.00,       64.52,       24.77,        0.00,        0.00,        0.00,        0.00,        1.00,        4.25,        0.00,        0.00,        1.00,        1.00,        0.00
     1597.00,       64.52,       24.91,        0.00,        0.00,        0.00,        0.00,        1.00,        4.25,        0.00,        0.00,        1.00,        1.00,        0.00
     1598.00,       64.52,       24.15,        0.00,        0.00,        0.00,        0.00,        1.00,        4.25,        0.00,        0.00,        1.00,        1.00,        0.00
     1599.00,       64.52,       24.25,        0.00,        0.00,        0.00,        0.00,        1.00,        4.25,        0.00,        0.00,        1.00,        1.00,        0.00
     1600.00,       64.52,       25.80,        0.00,        0.00,        0.00,        0.00,        1.00,        4.25,        0.00,        0.00,        1.00,        1.00,        0.00
     1601.00,       64.52,       33.93,        0.00,        0.00,        0.00,        0.00,        1.00,        4.25,        0.00,        0.00,        1.00,        1.00,        0.00
     1602.00,       64.52,       45.01,        0.00,        0.00,        0.00,        0.00,        1.00,        4.25,        0.00,        0.00,        1.00,        1.00,        0.00
     1603.00,       64.52,       49.60,        0.00,        0.00,        0.00,        0.00,        1.00,        4.25,        0.00,        0.00,        1.00,        1.00,        0.00
     1604.00,       64.52,       44.33,        0.00,        0.00,        0.00,        0.00,        1.00,        4.25,        0.00,        0.00,        1.00,        1.00,        0.00
     1605.00,       64.52,       37.09,        0.00,        0.00,        0.00,        0.00,        1.00,        4.25,        0.00,        0.00,        1.00,        1.00,        0.00
     1606.00,       64.52,       32.74,        0.00,        0.00,        0.00,        0.00,        1.00,        4.25,        0.00,        0.00,        1.00,        1.00,        0.00
     1607.00,       64.52,       29.86,        0.00,        0.00,        0.00,        0.00,        1.00,        4.25,        0.00,        0.00,        1.00,        1.00,        0.00
     1608.00,       64.52,       25.23,        0.00,        0.00,        0.00,        0.00,        1.00,        4.25,        0.00,        0.00,        1.00,        1.00,        0.00
     1609.00,       64.52,       24.91,        0.00,        0.00,        0.00,        0.00,        1.00,        4.25,        0.00,        0.00,        1.00,        1.00,        0.00
     1610.00,       64.52,       24.00,        0.00,        0.00,        0.00,        0.00,        1.00,        4.25,        0.00,        0.00,        1.00,        1.00,        0.00
     1611.00,       64.52,       24.10,        0.00,        0.00,        0.00,        0.00,        1.00,        4.25,        0.00,        0.00,        1.00,        1.00,        0.00
     1612.00,       64.52,       25.01,        0.00,        0.00,        0.00,        0.00,        1.00,        4.25,        0.00,        0.00,        1.00,        1.00,        0.00
     1613.00,       64.52,       29.57,        0.00,        0.00,        0.00,        0.00,        1.00,        4.25,        0.00,        0.00,        1.00,        1.00,        0.00
     1614.00,       64.52,       37.56,        0.00,        0.00,        0.00,        0.00,        1.00,        4.25,        0.00,        0.00,        1.00,        1.00,        0.00
     1615.00,       64.52,       45.00,        0.00,        0.00,        0.00,        0.00,        1.00,        4.25,        0.00,        0.00,        1.00,        1.00,        0.00
     1616.00,       64.52,       37.20,        0.00,        0.00,        0.00,        0.00,        1.00,        4.25,        0.00,        0.00,        1.00,        1.00,        0.00
     1617.00,       64.52,       31.47,        0.00,        0.00,        0.00,        0.00,        1.00,        4.25,        0.00,        0.00,        1.00,        1.00,        0.00
     1618.00,       64.52,       29.81,        0.00,        0.00,        0.00,        0.00,        1.00,        4.25,        0.00,        0.00,        1.00,        1.00,        0.00
     1619.00,       64.52,       29.35,        0.00,        0.00,        0.00,        0.00,        1.00,        4.25,        0.00,        0.00,        1.00,        1.00,        0.00
     1620.00,       64.52,       29.43,        0.00,        0.00,        0.00,        0.00,        1.00,        4.25,        0.00,        0.00,        1.00,        1.00,        0.00
     1621.00,       64.52,       29.78,        0.00,        0.00,        0.00,        0.00,        1.00,        4.25,        0.00,        0.00,        1.00,        1.00,        0.00
     1622.00,       64.52,       29.45,        0.00,        0.00,        0.00,        0.00,        1.00,        4.25,        0.00,        0.00,        1.00,        1.00,        0.00
     1623.00,       64.52,       29.51,        0.00,        0.00,        0.00,        0.00,        1.00,        4.25,        0.00,        0.00,        1.00,        1.00,        0.00
     1624.00,       64.52,       34.92,        0.00,        0.00,        0.00,        0.00,        1.00,        4.25,        0.00,        0.00,        1.00,        1.00,        0.00
     1625.00,       64.52,       37.60,        0.00,        0.00,        0.00,        0.00,        1.00,        4.25,        0.00,        0.00,        1.00,        1.00,        0.00
     1626.00,       64.52,       67.43,        0.00,        0.00,        0.00,        0.00,        1.00,        4.25,        0.00,        0.00,        1.00,        1.00,        0.00
     1627.00,       64.52,       75.51,        0.00,        0.00,        0.00,        0.00,        1.00,        4.25,        0.00,        0.00,        1.00,        1.00,        0.00
     1628.00,       64.52,      117.84,        0.00,        0.00,        0.00,        0.00,        1.00,        4.25,        0.00,        0.00,        1.00,        1.00,        0.00
     1629.00,       64.52,       41.54,        0.00,        0.00,        0.00,        0.00,        1.00,        4.25,        0.00,        0.00,        1.00,        1.00,        0.00
     1630.00,       64.52,       36.68,        0.00,        0.00,        0.00,        0.00,        1.00,        4.25,        0.00,        0.00,        1.00,        1.00,        0.00
     1631.00,       64.52,       31.72,        0.00,        0.00,        0.00,        0.00,        1.00,        4.25,        0.00,        0.00,        1.00,        1.00,        0.00
     1632.00,       64.52,       27.42,        0.00,        0.00,        0.00,        0.00,        1.00,        4.25,        0.00,        0.00,        1.00,        1.00,        0.00
     1633.00,       64.52,       25.91,        0.00,        0.00,        0.00,        0.00,        1.00,        4.25,        0.00,        0.00,        1.00,        1.00,        0.00
     1634.00,       64.52,       25.26,        0.00,        0.00,        0.00,        0.00,        1.00,        4.25,        0.00,        0.00,        1.00,        1.00,        0.00
     1635.00,       64.52,       24.48,        0.00,        0.00,        0.00,        0.00,        1.00,        4.25,        0.00,        0.00,        1.00,        1.00,        0.00
     1636.00,       64.52,       25.52,        0.00,        0.00,        0.00,        0.00,        1.00,        4.25,        0.00,        0.00,        1.00,        1.00,        0.00
     1637.00,       64.52,       28.86,        0.00,        0.00,        0.00,        0.00,        1.00,        4.25,        0.00,        0.00,        1.00,        1.00,        0.00
     1638.00,       64.52,       37.88,        0.00,        0.00,        0.00,        0.00,        1.00,        4.25,        0.00,        0.00,        1.00,        1.00,        0.00
     1639.00,       64.52,       43.56,        0.00,        0.00,        0.00,        0.00,        1.00,        4.25,        0.00,        0.00,        1.00,        1.00,        0.00
     1640.00,       64.52,       36.70,        0.00,        0.00,        0.00,        0.00,        1.00,        4.25,        0.00,        0.00,        1.00,        1.00,        0.00
     1641.00,       64.52,       30.66,        0.00,        0.00,        0.00,        0.00,        1.00,        4.25,        0.00,        0.00,        1.00,        1.00,        0.00
     1642.00,       64.52,       29.23,        0.00,        0.00,        0.00,        0.00,        1.00,        4.25,        0.00,        0.00,        1.00,        1.00,        0.00
     1643.00,       64.52,       30.00,        0.00,        0.00,        0.00,        0.00,        1.00,        4.25,        0.00,        0.00,        1.00,        1.00,        0.00
     1644.00,       64.52,       29.74,        0.00,        0.00,        0.00,        0.00,        1.00,        4.25,        0.00,        0.00,        1.00,        1.00,        0.00
     1645.00,       64.52,       30.52,        0.00,        0.00,        0.00,        0.00,        1.00,        4.25,        0.00,        0.00,        1.00,        1.00,        0.00
     1646.00,       64.52,       30.45,        0.00,        0.00,        0.00,        0.00,        1.00,        4.25,        0.00,        0.00,        1.00,        1.00,        0.00
     1647.00,       64.52,       31.34,        0.00,        0.00,        0.00,        0.00,        1.00,        4.25,        0.00,        0.00,        1.00,        1.00,        0.00
     1648.00,       64.52,       35.13,        0.00,        0.00,        0.00,        0.00,        1.00,        4.25,        0.00,        0.00,        1.00,        1.00,        0.00
     1649.00,       64.52,       37.68,        0.00,        0.00,        0.00,        0.00,        1.00,        4.25,        0.00,        0.00,        1.00,        1.00,        0.00
     1650.00,       64.52,       45.00,        0.00,        0.00,        0.00,        0.00,        1.00,        4.25,        0.00,        0.00,        1.00,        1.00,        0.00
     1651.00,       64.52,       51.05,        0.00,        0.00,        0.00,        0.00,        1.00,        4.25,        0.00,        0.00,        1.00,        1.00,        0.00
     1652.00,       64.52,       43.70,        0.00,        0.00,        0.00,        0.00,        1.00,        4.25,        0.00,        0.00,        1.00,        1.00,        0.00
     1653.00,       64.52,       38.00,        0.00,        0.00,        0.00,        0.00,        1.00,        4.25,        0.00,        0.00,        1.00,        1.00,        0.00
     1654.00,       64.52,       33.91,        0.00,        0.00,        0.00,        0.00,        1.00,        4.25,        0.00,        0.00,        1.00,        1.00,        0.00
     1655.00,       64.52,       30.96,        0.00,        0.00,        0.00,        0.00,        1.00,        4.25,        0.00,        0.00,        1.00,        1.00,        0.00
     1656.00,       64.52,       25.18,        0.00,        0.00,        0.00,        0.00,        1.00,        4.25,        0.00,        0.00,        1.00,        1.00,        0.00
     1657.00,       64.52,       23.57,        0.00,        0.00,        0.00,        0.00,        1.00,        4.25,        0.00,        0.00,        1.00,        1.00,        0.00
     1658.00,       64.52,       22.50,        0.00,        0.00,        0.00,        0.00,        1.00,        4.25,        0.00,        0.00,        1.00,        1.00,        0.00
     1659.00,       64.52,       21.89,        0.00,        0.00,        0.00,        0.00,        1.00,        4.25,        0.00,        0.00,        1.00,        1.00,        0.00
     1660.00,       64.52,       23.43,        0.00,        0.00,        0.00,        0.00,        1.00,        4.25,        0.00,        0.00,        1.00,        1.00,        0.00
     1661.00,       64.52,       27.45,        0.00,        0.00,        0.00,        0.00,        1.00,        4.25,        0.00,        0.00,        1.00,        1.00,        0.00
     1662.00,       64.52,       35.66,        0.00,        0.00,        0.00,        0.00,        1.00,        4.25,        0.00,        0.00,        1.00,        1.00,        0.00
     1663.00,       64.52,       57.71,        0.00,        0.00,        0.00,        0.00,        1.00,        4.25,        0.00,        0.00,        1.00,        1.00,        0.00
     1664.00,       64.52,       37.36,        0.00,        0.00,        0.00,        0.00,        1.00,        4.25,        0.00,        0.00,        1.00,        1.00,        0.00
     1665.00,       64.52,       32.70,        0.00,        0.00,        0.00,        0.00,        1.00,        4.25,        0.00,        0.00,        1.00,        1.00,        0.00
     1666.00,       64.52,       30.68,        0.00,        0.00,        0.00,        0.00,        1.00,        4.25,        0.00,        0.00,        1.00,        1.00,        0.00
     1667.00,       64.52,       36.51,        0.00,        0.00,        0.00,        0.00,        1.00,        4.25,        0.00,        0.00,        1.00,        1.00,        0.00
     1668.00,       64.52,       30.80,        0.00,        0.00,        0.00,        0.00,        1.00,        4.25,        0.00,        0.00,        1.00,        1.00,        0.00
     1669.00,       64.52,       30.78,        0.00,        0.00,        0.00,        0.00,        1.00,        4.25,        0.00,        0.00,        1.00,        1.00,        0.00
     1670.00,       64.52,       28.74,        0.00,        0.00,        0.00,        0.00,        1.00,        4.25,        0.00,        0.00,        1.00,        1.00,        0.00
     1671.00,       64.52,       28.73,        0.00,        0.00,        0.00,        0.00,        1.00,        4.25,        0.00,        0.00,        1.00,        1.00,        0.00
     1672.00,       64.52,       40.15,        0.00,        0.00,        0.00,        0.00,        1.00,        4.25,        0.00,        0.00,        1.00,        1.00,        0.00
     1673.00,       64.52,       41.56,        0.00,        0.00,        0.00,        0.00,        1.00,        4.25,        0.00,        0.00,        1.00,        1.00,        0.00
     1674.00,       64.52,       66.81,        0.00,        0.00,        0.00,        0.00,        1.00,        4.25,        0.00,        0.00,        1.00,        1.00,        0.00
     1675.00,       64.52,       59.94,        0.00,        0.00,        0.00,        0.00,        1.00,        4.25,        0.00,        0.00,        1.00,        1.00,        0.00
     1676.00,       64.52,       58.64,        0.00,        0.00,        0.00,        0.00,        1.00,        4.25,        0.00,        0.00,        1.00,        1.00,        0.00
     1677.00,       64.52,       38.26,        0.00,        0.00,        0.00,        0.00,        1.00,        4.25,        0.00,        0.00,        1.00,        1.00,        0.00
     1678.00,       64.52,       32.74,        0.00,        0.00,        0.00,        0.00,        1.00,        4.25,        0.00,        0.00,        1.00,        1.00,        0.00
     1679.00,       64.52,       29.56,        0.00,        0.00,        0.00,        0.00,        1.00,        4.25,        0.00,        0.00,        1.00,        1.00,        0.00
     1680.00,       64.52,       25.24,        0.00,        0.00,        0.00,        0.00,        1.00,        4.25,        0.00,        0.00,        1.00,        1.00,        0.00
     1681.00,       64.52,       23.02,        0.00,        0.00,        0.00,        0.00,        1.00,        4.25,        0.00,        0.00,        1.00,        1.00,        0.00
     1682.00,       64.52,       22.16,        0.00,        0.00,        0.00,        0.00,        1.00,        4.25,        0.00,        0.00,        1.00,        1.00,        0.00
     1683.00,       64.52,       21.39,        0.00,        0.00,        0.00,        0.00,        1.00,        4.25,        0.00,        0.00,        1.00,        1.00,        0.00
     1684.00,       64.52,       23.24,        0.00,        0.00,        0.00,        0.00,        1.00,        4.25,        0.00,        0.00,        1.00,        1.00,        0.00
     1685.00,       64.52,       26.79,        0.00,        0.00,        0.00,        0.00,        1.00,        4.25,        0.00,        0.00,        1.00,        1.00,        0.00
     1686.00,       64.52,       37.32,        0.00,        0.00,        0.00,        0.00,        1.00,        4.25,        0.00,        0.00,        1.00,        1.00,        0.00
     1687.00,       64.52,       44.10,        0.00,        0.00,        0.00,        0.00,        1.00,        4.25,        0.00,        0.00,        1.00,        1.00,        0.00
     1688.00,       64.52,       37.05,        0.00,        0.00,        0.00,        0.00,        1.00,        4.25,        0.00,        0.00,        1.00,        1.00,        0.00
     1689.00,       64.52,       31.04,        0.00,        0.00,        0.00,        0.00,        1.00,        4.25,        0.00,        0.00,        1.00,        1.00,        0.00
     1690.00,       64.52,       26.40,        0.00,        0.00,        0.00,        0.00,        1.00,        4.25,        0.00,        0.00,        1.00,        1.00,        0.00
     1691.00,       64.52,       26.33,        0.00,        0.00,        0.00,        0.00,        1.00,        4.25,        0.00,        0.00,        1.00,        1.00,        0.00
     1692.00,       64.52,       26.03,        0.00,        0.00,        0.00,        0.00,        1.00,        4.25,        0.00,        0.00,        1.00,        1.00,        0.00
     1693.00,       64.52,       25.92,        0.00,        0.00,        0.00,        0.00,        1.00,        4.25,        0.00,        0.00,        1.00,        1.00,        0.00
     1694.00,       64.52,       24.47,        0.00,        0.00,        0.00,        0.00,        1.00,        4.25,        0.00,        0.00,        1.00,        1.00,        0.00
     1695.00,       64.52,       26.25,        0.00,        0.00,        0.00,        0.00,        1.00,        4.25,        0.00,        0.00,        1.00,        1.00,        0.00
     1696.00,       64.52,       31.07,        0.00,        0.00,        0.00,        0.00,        1.00,        4.25,        0.00,        0.00,        1.00,        1.00,        0.00
     1697.00,       64.52,       33.35,        0.00,        0.00,        0.00,        0.00,        1.00,        4.25,        0.00,        0.00,        1.00,        1.00,        0.00
     1698.00,       64.52,       39.89,        0.00,        0.00,        0.00,        0.00,        1.00,        4.25,        0.00,        0.00,        1.00,        1.00,        0.00
     1699.00,       64.52,       47.07,        0.00,        0.00,        0.00,        0.00,        1.00,        4.25,        0.00,        0.00,        1.00,        1.00,        0.00
     1700.00,       64.52,       50.07,        0.00,        0.00,        0.00,        0.00,        1.00,        4.25,        0.00,        0.00,        1.00,        1.00,        0.00
     1701.00,       64.52,       39.13,        0.00,        0.00,        0.00,        0.00,        1.00,        4.25,        0.00,        0.00,        1.00,        1.00,        0.00
     1702.00,       64.52,       33.45,        0.00,        0.00,        0.00,        0.00,        1.00,        4.25,        0.00,        0.00,        1.00,        1.00,        0.00
     1703.00,       64.52,       29.39,        0.00,        0.00,        0.00,        0.00,        1.00,        4.25,        0.00,        0.00,        1.00,        1.00,        0.00
     1704.00,       64.52,       26.51,        0.00,        0.00,        0.00,        0.00,        1.00,        4.25,        0.00,        0.00,        1.00,        1.00,        0.00
     1705.00,       64.52,       25.87,        0.00,        0.00,        0.00,        0.00,        1.00,        4.25,        0.00,        0.00,        1.00,        1.00,        0.00
     1706.00,       64.52,       25.72,        0.00,        0.00,        0.00,        0.00,        1.00,        4.25,        0.00,        0.00,        1.00,        1.00,        0.00
     1707.00,       64.52,       25.51,        0.00,        0.00,        0.00,        0.00,        1.00,        4.25,        0.00,        0.00,        1.00,        1.00,        0.00
     1708.00,       64.52,       26.21,        0.00,        0.00,        0.00,        0.00,        1.00,        4.25,        0.00,        0.00,        1.00,        1.00,        0.00
     1709.00,       64.52,       29.80,        0.00,        0.00,        0.00,        0.00,        1.00,        4.25,        0.00,        0.00,        1.00,        1.00,        0.00
     1710.00,       64.52,       36.73,        0.00,        0.00,        0.00,        0.00,        1.00,        4.25,        0.00,        0.00,        1.00,        1.00,        0.00
     1711.00,       64.52,       42.14,        0.00,        0.00,        0.00,        0.00,        1.00,        4.25,        0.00,        0.00,        1.00,        1.00,        0.00
     1712.00,       64.52,       36.02,        0.00,        0.00,        0.00,        0.00,        1.00,        4.25,        0.00,        0.00,        1.00,        1.00,        0.00
     1713.00,       64.52,       33.34,        0.00,        0.00,        0.00,        0.00,        1.00,        4.25,        0.00,        0.00,        1.00,        1.00,        0.00
     1714.00,       64.52,       29.66,        0.00,        0.00,        0.00,        0.00,        1.00,        4.25,        0.00,        0.00,        1.00,        1.00,        0.00
     1715.00,       64.52,       29.85,        0.00,        0.00,        0.00,        0.00,        1.00,        4.25,        0.00,        0.00,        1.00,        1.00,        0.00
     1716.00,       64.52,       29.23,        0.00,        0.00,        0.00,        0.00,        1.00,        4.25,        0.00,        0.00,        1.00,        1.00,        0.00
     1717.00,       64.52,       30.77,        0.00,        0.00,        0.00,        0.00,        1.00,        4.25,        0.00,        0.00,        1.00,        1.00,        0.00
     1718.00,       64.52,       30.68,        0.00,        0.00,        0.00,        0.00,        1.00,        4.25,        0.00,        0.00,        1.00,        1.00,        0.00
     1719.00,       64.52,       31.22,        0.00,        0.00,        0.00,        0.00,        1.00,        4.25,        0.00,        0.00,        1.00,        1.00,        0.00
     1720.00,       64.52,       36.01,        0.00,        0.00,        0.00,        0.00,        1.00,        4.25,        0.00,        0.00,        1.00,        1.00,        0.00
     1721.00,       64.52,       37.66,        0.00,        0.00,        0.00,        0.00,        1.00,        4.25,        0.00,        0.00,        1.00,        1.00,        0.00
     1722.00,       64.52,       42.15,        0.00,        0.00,        0.00,        0.00,        1.00,        4.25,        0.00,        0.00,        1.00,        1.00,        0.00
     1723.00,       64.52,       49.77,        0.00,        0.00,        0.00,        0.00,        1.00,        4.25,        0.00,        0.00,        1.00,        1.00,        0.00
     1724.00,       64.52,       49.53,        0.00,        0.00,        0.00,        0.00,        1.00,        4.25,        0.00,        0.00,        1.00,        1.00,        0.00
     1725.00,       64.52,       42.34,        0.00,        0.00,        0.00,        0.00,        1.00,        4.25,        0.00,        0.00,        1.00,        1.00,        0.00
     1726.00,       64.52,       36.22,        0.00,        0.00,        0.00,        0.00,        1.00,        4.25,        0.00,        0.00,        1.00,        1.00,        0.00
     1727.00,       64.52,       32.65,        0.00,        0.00,        0.00,        0.00,        1.00,        4.25,        0.00,        0.00,        1.00,        1.00,        0.00
     1728.00,       64.52,       27.56,        0.00,        0.00,        0.00,        0.00,        1.00,        4.25,        0.00,        0.00,        1.00,        1.00,        0.00
     1729.00,       64.52,       26.66,        0.00,        0.00,        0.00,        0.00,        1.00,        4.25,        0.00,        0.00,        1.00,        1.00,        0.00
     1730.00,       64.52,       25.97,        0.00,        0.00,        0.00,        0.00,        1.00,        4.25,        0.00,        0.00,        1.00,        1.00,        0.00
     1731.00,       64.52,       24.84,        0.00,        0.00,        0.00,        0.00,        1.00,        4.25,        0.00,        0.00,        1.00,        1.00,        0.00
     1732.00,       64.52,       24.76,        0.00,        0.00,        0.00,        0.00,        1.00,        4.25,        0.00,        0.00,        1.00,        1.00,        0.00
     1733.00,       64.52,       26.58,        0.00,        0.00,        0.00,        0.00,        1.00,        4.25,        0.00,        0.00,        1.00,        1.00,        0.00
     1734.00,       64.52,       29.27,        0.00,        0.00,        0.00,        0.00,        1.00,        4.25,        0.00,        0.00,        1.00,        1.00,        0.00
     1735.00,       64.52,       39.74,        0.00,        0.00,        0.00,        0.00,        1.00,        4.25,        0.00,        0.00,        1.00,        1.00,        0.00
     1736.00,       64.52,       46.97,        0.00,        0.00,        0.00,        0.00,        1.00,        4.25,        0.00,        0.00,        1.00,        1.00,        0.00
     1737.00,       64.52,       48.41,        0.00,        0.00,        0.00,        0.00,        1.00,        4.25,        0.00,        0.00,        1.00,        1.00,        0.00
     1738.00,       64.52,       47.68,        0.00,        0.00,        0.00,        0.00,        1.00,        4.25,        0.00,        0.00,        1.00,        1.00,        0.00
     1739.00,       64.52,       41.98,        0.00,        0.00,        0.00,        0.00,        1.00,        4.25,        0.00,        0.00,        1.00,        1.00,        0.00
     1740.00,       64.52,       39.22,        0.00,        0.00,        0.00,        0.00,        1.00,        4.25,        0.00,        0.00,        1.00,        1.00,        0.00
     1741.00,       64.52,       40.01,        0.00,        0.00,        0.00,        0.00,        1.00,        4.25,        0.00,        0.00,        1.00,        1.00,        0.00
     1742.00,       64.52,       37.94,        0.00,        0.00,        0.00,        0.00,        1.00,        4.25,        0.00,        0.00,        1.00,        1.00,        0.00
     1743.00,       64.52,       44.67,        0.00,        0.00,        0.00,        0.00,        1.00,        4.25,        0.00,        0.00,        1.00,        1.00,        0.00
     1744.00,       64.52,       50.10,        0.00,        0.00,        0.00,        0.00,        1.00,        4.25,        0.00,        0.00,        1.00,        1.00,        0.00
     1745.00,       64.52,       44.11,        0.00,        0.00,        0.00,        0.00,        1.00,        4.25,        0.00,        0.00,        1.00,        1.00,        0.00
     1746.00,       64.52,       46.99,        0.00,        0.00,        0.00,        0.00,        1.00,        4.25,        0.00,        0.00,        1.00,        1.00,        0.00
     1747.00,       64.52,       56.50,        0.00,        0.00,        0.00,        0.00,        1.00,        4.25,        0.00,        0.00,        1.00,        1.00,        0.00
     1748.00,       64.52,       49.01,        0.00,        0.00,        0.00,        0.00,        1.00,        4.25,        0.00,        0.00,        1.00,        1.00,        0.00
     1749.00,       64.52,       45.24,        0.00,        0.00,        0.00,        0.00,        1.00,        4.25,        0.00,        0.00,        1.00,        1.00,        0.00
     1750.00,       64.52,       40.64,        0.00,        0.00,        0.00,        0.00,        1.00,        4.25,        0.00,        0.00,        1.00,        1.00,        0.00
     1751.00,       64.52,       33.04,        0.00,        0.00,        0.00,        0.00,        1.00,        4.25,        0.00,        0.00,        1.00,        1.00,        0.00
     1752.00,       64.52,       31.04,        0.00,        0.00,        0.00,        0.00,        1.00,        4.25,        0.00,        0.00,        1.00,        1.00,        0.00
     1753.00,       64.52,       28.49,        0.00,        0.00,        0.00,        0.00,        1.00,        4.25,        0.00,        0.00,        1.00,        1.00,        0.00
     1754.00,       64.52,       27.35,        0.00,        0.00,        0.00,        0.00,        1.00,        4.25,        0.00,        0.00,        1.00,        1.00,        0.00
     1755.00,       64.52,       24.97,        0.00,        0.00,        0.00,        0.00,        1.00,        4.25,        0.00,        0.00,        1.00,        1.00,        0.00
     1756.00,       64.52,       25.11,        0.00,        0.00,        0.00,        0.00,        1.00,        4.25,        0.00,        0.00,        1.00,        1.00,        0.00
     1757.00,       64.52,       26.47,        0.00,        0.00,        0.00,        0.00,        1.00,        4.25,        0.00,        0.00,        1.00,        1.00,        0.00
     1758.00,       64.52,       28.74,        0.00,        0.00,        0.00,        0.00,        1.00,        4.25,        0.00,        0.00,        1.00,        1.00,        0.00
     1759.00,       64.52,       29.31,        0.00,        0.00,        0.00,        0.00,        1.00,        4.25,        0.00,        0.00,        1.00,        1.00,        0.00
     1760.00,       64.52,       25.26,        0.00,        0.00,        0.00,        0.00,        1.00,        4.25,        0.00,        0.00,        1.00,        1.00,        0.00
     1761.00,       64.52,       23.42,        0.00,        0.00,        0.00,        0.00,        1.00,        4.25,        0.00,        0.00,        1.00,        1.00,        0.00
     1762.00,       64.52,       26.84,        0.00,        0.00,        0.00,        0.00,        1.00,        4.25,        0.00,        0.00,        1.00,        1.00,        0.00
     1763.00,       64.52,       28.45,        0.00,        0.00,        0.00,        0.00,        1.00,        4.25,        0.00,        0.00,        1.00,        1.00,        0.00
     1764.00,       64.52,       26.37,        0.00,        0.00,        0.00,        0.00,        1.00,        4.25,        0.00,        0.00,        1.00,        1.00,        0.00
     1765.00,       64.52,       27.17,        0.00,        0.00,        0.00,        0.00,        1.00,        4.25,        0.00,        0.00,        1.00,        1.00,        0.00
     1766.00,       64.52,       27.43,        0.00,        0.00,        0.00,        0.00,        1.00,        4.25,        0.00,        0.00,        1.00,        1.00,        0.00
     1767.00,       64.52,       28.60,        0.00,        0.00,        0.00,        0.00,        1.00,        4.25,        0.00,        0.00,        1.00,        1.00,        0.00
     1768.00,       64.52,       33.53,        0.00,        0.00,        0.00,        0.00,        1.00,        4.25,        0.00,        0.00,        1.00,        1.00,        0.00
     1769.00,       64.52,       36.01,        0.00,        0.00,        0.00,        0.00,        1.00,        4.25,        0.00,        0.00,        1.00,        1.00,        0.00
     1770.00,       64.52,       46.23,        0.00,        0.00,        0.00,        0.00,        1.00,        4.25,        0.00,        0.00,        1.00,        1.00,        0.00
     1771.00,       64.52,       56.41,        0.00,        0.00,        0.00,        0.00,        1.00,        4.25,        0.00,        0.00,        1.00,        1.00,        0.00
     1772.00,       64.52,       50.32,        0.00,        0.00,        0.00,        0.00,        1.00,        4.25,        0.00,        0.00,        1.00,        1.00,        0.00
     1773.00,       64.52,       45.35,        0.00,        0.00,        0.00,        0.00,        1.00,        4.25,        0.00,        0.00,        1.00,        1.00,        0.00
     1774.00,       64.52,       35.59,        0.00,        0.00,        0.00,        0.00,        1.00,        4.25,        0.00,        0.00,        1.00,        1.00,        0.00
     1775.00,       64.52,       31.43,        0.00,        0.00,        0.00,        0.00,        1.00,        4.25,        0.00,        0.00,        1.00,        1.00,        0.00
     1776.00,       64.52,       24.60,        0.00,        0.00,        0.00,        0.00,        1.00,        4.25,        0.00,        0.00,        1.00,        1.00,        0.00
     1777.00,       64.52,       23.89,        0.00,        0.00,        0.00,        0.00,        1.00,        4.25,        0.00,        0.00,        1.00,        1.00,        0.00
     1778.00,       64.52,       22.94,        0.00,        0.00,        0.00,        0.00,        1.00,        4.25,        0.00,        0.00,        1.00,        1.00,        0.00
     1779.00,       64.52,       22.70,        0.00,        0.00,        0.00,        0.00,        1.00,        4.25,        0.00,        0.00,        1.00,        1.00,        0.00
     1780.00,       64.52,       24.47,        0.00,        0.00,        0.00,        0.00,        1.00,        4.25,        0.00,        0.00,        1.00,        1.00,        0.00
     1781.00,       64.52,       27.06,        0.00,        0.00,        0.00,        0.00,        1.00,        4.25,        0.00,        0.00,        1.00,        1.00,        0.00
     1782.00,       64.52,       32.03,        0.00,        0.00,        0.00,        0.00,        1.00,        4.25,        0.00,        0.00,        1.00,        1.00,        0.00
     1783.00,       64.52,       35.85,        0.00,        0.00,        0.00,        0.00,        1.00,        4.25,        0.00,        0.00,        1.00,        1.00,        0.00
     1784.00,       64.52,       32.89,        0.00,        0.00,        0.00,        0.00,        1.00,        4.25,        0.00,        0.00,        1.00,        1.00,        0.00
     1785.00,       64.52,       29.55,        0.00,        0.00,        0.00,        0.00,        1.00,        4.25,        0.00,        0.00,        1.00,        1.00,        0.00
     1786.00,       64.52,       28.88,        0.00,        0.00,        0.00,        0.00,        1.00,        4.25,        0.00,        0.00,        1.00,        1.00,        0.00
     1787.00,       64.52,       28.56,        0.00,        0.00,        0.00,        0.00,        1.00,        4.25,        0.00,        0.00,        1.00,        1.00,        0.00
     1788.00,       64.52,       27.17,        0.00,        0.00,        0.00,        0.00,        1.00,        4.25,        0.00,        0.00,        1.00,        1.00,        0.00
     1789.00,       64.52,       27.21,        0.00,        0.00,        0.00,        0.00,        1.00,        4.25,        0.00,        0.00,        1.00,        1.00,        0.00
     1790.00,       64.52,       26.76,        0.00,        0.00,        0.00,        0.00,        1.00,        4.25,        0.00,        0.00,        1.00,        1.00,        0.00
     1791.00,       64.52,       28.49,        0.00,        0.00,        0.00,        0.00,        1.00,        4.25,        0.00,        0.00,        1.00,        1.00,        0.00
     1792.00,       64.52,       34.09,        0.00,        0.00,        0.00,        0.00,        1.00,        4.25,        0.00,        0.00,        1.00,        1.00,        0.00
     1793.00,       64.52,       48.14,        0.00,        0.00,        0.00,        0.00,        1.00,        4.25,        0.00,        0.00,        1.00,        1.00,        0.00
     1794.00,       64.52,       39.51,        0.00,        0.00,        0.00,        0.00,        1.00,        4.25,        0.00,        0.00,        1.00,        1.00,        0.00
     1795.00,       64.52,       61.60,        0.00,        0.00,        0.00,        0.00,        1.00,        4.25,        0.00,        0.00,        1.00,        1.00,        0.00
     1796.00,       64.52,       50.75,        0.00,        0.00,        0.00,        0.00,        1.00,        4.25,        0.00,        0.00,        1.00,        1.00,        0.00
     1797.00,       64.52,       38.02,        0.00,        0.00,        0.00,        0.00,        1.00,        4.25,        0.00,        0.00,        1.00,        1.00,        0.00
     1798.00,       64.52,       35.70,        0.00,        0.00,        0.00,        0.00,        1.00,        4.25,        0.00,        0.00,        1.00,        1.00,        0.00
     1799.00,       64.52,       29.91,        0.00,        0.00,        0.00,        0.00,        1.00,        4.25,        0.00,        0.00,        1.00,        1.00,        0.00
     1800.00,       64.52,       25.11,        0.00,        0.00,        0.00,        0.00,        1.00,        4.25,        0.00,        0.00,        1.00,        1.00,        0.00
     1801.00,       64.52,       24.58,        0.00,        0.00,        0.00,        0.00,        1.00,        4.25,        0.00,        0.00,        1.00,        1.00,        0.00
     1802.00,       64.52,       23.17,        0.00,        0.00,        0.00,        0.00,        1.00,        4.25,        0.00,        0.00,        1.00,        1.00,        0.00
     1803.00,       64.52,       22.93,        0.00,        0.00,        0.00,        0.00,        1.00,        4.25,        0.00,        0.00,        1.00,        1.00,        0.00
     1804.00,       64.52,       23.71,        0.00,        0.00,        0.00,        0.00,        1.00,        4.25,        0.00,        0.00,        1.00,        1.00,        0.00
     1805.00,       64.52,       26.22,        0.00,        0.00,        0.00,        0.00,        1.00,        4.25,        0.00,        0.00,        1.00,        1.00,        0.00
     1806.00,       64.52,       32.89,        0.00,        0.00,        0.00,        0.00,        1.00,        4.25,        0.00,        0.00,        1.00,        1.00,        0.00
     1807.00,       64.52,       37.33,        0.00,        0.00,        0.00,        0.00,        1.00,        4.25,        0.00,        0.00,        1.00,        1.00,        0.00
     1808.00,       64.52,       33.94,        0.00,        0.00,        0.00,        0.00,        1.00,        4.25,        0.00,        0.00,        1.00,        1.00,        0.00
     1809.00,       64.52,       29.40,        0.00,        0.00,        0.00,        0.00,        1.00,        4.25,        0.00,        0.00,        1.00,        1.00,        0.00
     1810.00,       64.52,       28.32,        0.00,        0.00,        0.00,        0.00,        1.00,        4.25,        0.00,        0.00,        1.00,        1.00,        0.00
     1811.00,       64.52,       27.80,        0.00,        0.00,        0.00,        0.00,        1.00,        4.25,        0.00,        0.00,        1.00,        1.00,        0.00
     1812.00,       64.52,       26.51,        0.00,        0.00,        0.00,        0.00,        1.00,        4.25,        0.00,        0.00,        1.00,        1.00,        0.00
     1813.00,       64.52,       25.92,        0.00,        0.00,        0.00,        0.00,        1.00,        4.25,        0.00,        0.00,        1.00,        1.00,        0.00
     1814.00,       64.52,       25.75,        0.00,        0.00,        0.00,        0.00,        1.00,        4.25,        0.00,        0.00,        1.00,        1.00,        0.00
     1815.00,       64.52,       27.26,        0.00,        0.00,        0.00,        0.00,        1.00,        4.25,        0.00,        0.00,        1.00,        1.00,        0.00
     1816.00,       64.52,       31.06,        0.00,        0.00,        0.00,        0.00,        1.00,        4.25,        0.00,        0.00,        1.00,        1.00,        0.00
     1817.00,       64.52,       35.06,        0.00,        0.00,        0.00,        0.00,        1.00,        4.25,        0.00,        0.00,        1.00,        1.00,        0.00
     1818.00,       64.52,       40.84,        0.00,        0.00,        0.00,        0.00,        1.00,        4.25,        0.00,        0.00,        1.00,        1.00,        0.00
     1819.00,       64.52,       46.81,        0.00,        0.00,        0.00,        0.00,        1.00,        4.25,        0.00,        0.00,        1.00,        1.00,        0.00
     1820.00,       64.52,       40.58,        0.00,        0.00,        0.00,        0.00,        1.00,        4.25,        0.00,        0.00,        1.00,        1.00,        0.00
     1821.00,       64.52,       37.97,        0.00,        0.00,        0.00,        0.00,        1.00,        4.25,        0.00,        0.00,        1.00,        1.00,        0.00
     1822.00,       64.52,       32.21,        0.00,        0.00,        0.00,        0.00,        1.00,        4.25,        0.00,        0.00,        1.00,        1.00,        0.00
     1823.00,       64.52,       28.70,        0.00,        0.00,        0.00,        0.00,        1.00,        4.25,        0.00,        0.00,        1.00,        1.00,        0.00
     1824.00,       64.52,       24.21,        0.00,        0.00,        0.00,        0.00,        1.00,        4.25,        0.00,        0.00,        1.00,        1.00,        0.00
     1825.00,       64.52,       22.95,        0.00,        0.00,        0.00,        0.00,        1.00,        4.25,        0.00,        0.00,        1.00,        1.00,        0.00
     1826.00,       64.52,       21.32,        0.00,        0.00,        0.00,        0.00,        1.00,        4.25,        0.00,        0.00,        1.00,        1.00,        0.00
     1827.00,       64.52,       22.14,        0.00,        0.00,        0.00,        0.00,        1.00,        4.25,        0.00,        0.00,        1.00,        1.00,        0.00
     1828.00,       64.52,       24.17,        0.00,        0.00,        0.00,        0.00,        1.00,        4.25,        0.00,        0.00,        1.00,        1.00,        0.00
     1829.00,       64.52,       26.12,        0.00,        0.00,        0.00,        0.00,        1.00,        4.25,        0.00,        0.00,        1.00,        1.00,        0.00
     1830.00,       64.52,       35.66,        0.00,        0.00,        0.00,        0.00,        1.00,        4.25,        0.00,        0.00,        1.00,        1.00,        0.00
     1831.00,       64.52,       39.95,        0.00,        0.00,        0.00,        0.00,        1.00,        4.25,        0.00,        0.00,        1.00,        1.00,        0.00
     1832.00,       64.52,       39.09,        0.00,        0.00,        0.00,        0.00,        1.00,        4.25,        0.00,        0.00,        1.00,        1.00,        0.00
     1833.00,       64.52,       38.64,        0.00,        0.00,        0.00,        0.00,        1.00,        4.25,        0.00,        0.00,        1.00,        1.00,        0.00
     1834.00,       64.52,       36.73,        0.00,        0.00,        0.00,        0.00,        1.00,        4.25,        0.00,        0.00,        1.00,        1.00,        0.00
     1835.00,       64.52,       35.52,        0.00,        0.00,        0.00,        0.00,        1.00,        4.25,        0.00,        0.00,        1.00,        1.00,        0.00
     1836.00,       64.52,       32.18,        0.00,        0.00,        0.00,        0.00,        1.00,        4.25,        0.00,        0.00,        1.00,        1.00,        0.00
     1837.00,       64.52,       32.24,        0.00,        0.00,        0.00,        0.00,        1.00,        4.25,        0.00,        0.00,        1.00,        1.00,        0.00
     1838.00,       64.52,       30.47,        0.00,        0.00,        0.00,        0.00,        1.00,        4.25,        0.00,        0.00,        1.00,        1.00,        0.00
     1839.00,       64.52,       31.40,        0.00,        0.00,        0.00,        0.00,        1.00,        4.25,        0.00,        0.00,        1.00,        1.00,        0.00
     1840.00,       64.52,       34.77,        0.00,        0.00,        0.00,        0.00,        1.00,        4.25,        0.00,        0.00,        1.00,        1.00,        0.00
     1841.00,       64.52,       37.90,        0.00,        0.00,        0.00,        0.00,        1.00,        4.25,        0.00,        0.00,        1.00,        1.00,        0.00
     1842.00,       64.52,       42.10,        0.00,        0.00,        0.00,        0.00,        1.00,        4.25,        0.00,        0.00,        1.00,        1.00,        0.00
     1843.00,       64.52,       60.44,        0.00,        0.00,        0.00,        0.00,        1.00,        4.25,        0.00,        0.00,        1.00,        1.00,        0.00
     1844.00,       64.52,       54.66,        0.00,        0.00,        0.00,        0.00,        1.00,        4.25,        0.00,        0.00,        1.00,        1.00,        0.00
     1845.00,       64.52,       39.89,        0.00,        0.00,        0.00,        0.00,        1.00,        4.25,        0.00,        0.00,        1.00,        1.00,        0.00
     1846.00,       64.52,       32.91,        0.00,        0.00,        0.00,        0.00,        1.00,        4.25,        0.00,        0.00,        1.00,        1.00,        0.00
     1847.00,       64.52,       29.16,        0.00,        0.00,        0.00,        0.00,        1.00,        4.25,        0.00,        0.00,        1.00,        1.00,        0.00
     1848.00,       64.52,       22.78,        0.00,        0.00,        0.00,        0.00,        1.00,        4.25,        0.00,        0.00,        1.00,        1.00,        0.00
     1849.00,       64.52,       22.73,        0.00,        0.00,        0.00,        0.00,        1.00,        4.25,        0.00,        0.00,        1.00,        1.00,        0.00
     1850.00,       64.52,       21.93,        0.00,        0.00,        0.00,        0.00,        1.00,        4.25,        0.00,        0.00,        1.00,        1.00,        0.00
     1851.00,       64.52,       22.17,        0.00,        0.00,        0.00,        0.00,        1.00,        4.25,        0.00,        0.00,        1.00,        1.00,        0.00
     1852.00,       64.52,       23.49,        0.00,        0.00,        0.00,        0.00,        1.00,        4.25,        0.00,        0.00,        1.00,        1.00,        0.00
     1853.00,       64.52,       26.31,        0.00,        0.00,        0.00,        0.00,        1.00,        4.25,        0.00,        0.00,        1.00,        1.00,        0.00
     1854.00,       64.52,       33.75,        0.00,        0.00,        0.00,        0.00,        1.00,        4.25,        0.00,        0.00,        1.00,        1.00,        0.00
     1855.00,       64.52,       38.22,        0.00,        0.00,        0.00,        0.00,        1.00,        4.25,        0.00,        0.00,        1.00,        1.00,        0.00
     1856.00,       64.52,       31.15,        0.00,        0.00,        0.00,        0.00,        1.00,        4.25,        0.00,        0.00,        1.00,        1.00,        0.00
     1857.00,       64.52,       27.54,        0.00,        0.00,        0.00,        0.00,        1.00,        4.25,        0.00,        0.00,        1.00,        1.00,        0.00
     1858.00,       64.52,       26.34,        0.00,        0.00,        0.00,        0.00,        1.00,        4.25,        0.00,        0.00,        1.00,        1.00,        0.00
     1859.00,       64.52,       26.38,        0.00,        0.00,        0.00,        0.00,        1.00,        4.25,        0.00,        0.00,        1.00,        1.00,        0.00
     1860.00,       64.52,       25.70,        0.00,        0.00,        0.00,        0.00,        1.00,        4.25,        0.00,        0.00,        1.00,        1.00,        0.00
     1861.00,       64.52,       25.73,        0.00,        0.00,        0.00,        0.00,        1.00,        4.25,        0.00,        0.00,        1.00,        1.00,        0.00
     1862.00,       64.52,       26.30,        0.00,        0.00,        0.00,        0.00,        1.00,        4.25,        0.00,        0.00,        1.00,        1.00,        0.00
     1863.00,       64.52,       27.96,        0.00,        0.00,        0.00,        0.00,        1.00,        4.25,        0.00,        0.00,        1.00,        1.00,        0.00
     1864.00,       64.52,       28.69,        0.00,        0.00,        0.00,        0.00,        1.00,        4.25,        0.00,        0.00,        1.00,        1.00,        0.00
     1865.00,       64.52,       33.51,        0.00,        0.00,        0.00,        0.00,        1.00,        4.25,        0.00,        0.00,        1.00,        1.00,        0.00
     1866.00,       64.52,       36.10,        0.00,        0.00,        0.00,        0.00,        1.00,        4.25,        0.00,        0.00,        1.00,        1.00,        0.00
     1867.00,       64.52,       56.59,        0.00,        0.00,        0.00,        0.00,        1.00,        4.25,        0.00,        0.00,        1.00,        1.00,        0.00
     1868.00,       64.52,       40.83,        0.00,        0.00,        0.00,        0.00,        1.00,        4.25,        0.00,        0.00,        1.00,        1.00,        0.00
     1869.00,       64.52,       35.89,        0.00,        0.00,        0.00,        0.00,        1.00,        4.25,        0.00,        0.00,        1.00,        1.00,        0.00
     1870.00,       64.52,       32.20,        0.00,        0.00,        0.00,        0.00,        1.00,        4.25,        0.00,        0.00,        1.00,        1.00,        0.00
     1871.00,       64.52,       30.01,        0.00,        0.00,        0.00,        0.00,        1.00,        4.25,        0.00,        0.00,        1.00,        1.00,        0.00
     1872.00,       64.52,       24.50,        0.00,        0.00,        0.00,        0.00,        1.00,        4.25,        0.00,        0.00,        1.00,        1.00,        0.00
     1873.00,       64.52,       24.20,        0.00,        0.00,        0.00,        0.00,        1.00,        4.25,        0.00,        0.00,        1.00,        1.00,        0.00
     1874.00,       64.52,       22.75,        0.00,        0.00,        0.00,        0.00,        1.00,        4.25,        0.00,        0.00,        1.00,        1.00,        0.00
     1875.00,       64.52,       22.82,        0.00,        0.00,        0.00,        0.00,        1.00,        4.25,        0.00,        0.00,        1.00,        1.00,        0.00
     1876.00,       64.52,       24.86,        0.00,        0.00,        0.00,        0.00,        1.00,        4.25,        0.00,        0.00,        1.00,        1.00,        0.00
     1877.00,       64.52,       30.14,        0.00,        0.00,        0.00,        0.00,        1.00,        4.25,        0.00,        0.00,        1.00,        1.00,        0.00
     1878.00,       64.52,       36.42,        0.00,        0.00,        0.00,        0.00,        1.00,        4.25,        0.00,        0.00,        1.00,        1.00,        0.00
     1879.00,       64.52,       41.26,        0.00,        0.00,        0.00,        0.00,        1.00,        4.25,        0.00,        0.00,        1.00,        1.00,        0.00
     1880.00,       64.52,       35.04,        0.00,        0.00,        0.00,        0.00,        1.00,        4.25,        0.00,        0.00,        1.00,        1.00,        0.00
     1881.00,       64.52,       30.08,        0.00,        0.00,        0.00,        0.00,        1.00,        4.25,        0.00,        0.00,        1.00,        1.00,        0.00
     1882.00,       64.52,       28.37,        0.00,        0.00,        0.00,        0.00,        1.00,        4.25,        0.00,        0.00,        1.00,        1.00,        0.00
     1883.00,       64.52,       27.92,        0.00,        0.00,        0.00,        0.00,        1.00,        4.25,        0.00,        0.00,        1.00,        1.00,        0.00
     1884.00,       64.52,       27.43,        0.00,        0.00,        0.00,        0.00,        1.00,        4.25,        0.00,        0.00,        1.00,        1.00,        0.00
     1885.00,       64.52,       27.40,        0.00,        0.00,        0.00,        0.00,        1.00,        4.25,        0.00,        0.00,        1.00,        1.00,        0.00
     1886.00,       64.52,       27.37,        0.00,        0.00,        0.00,        0.00,        1.00,        4.25,        0.00,        0.00,        1.00,        1.00,        0.00
     1887.00,       64.52,       27.61,        0.00,        0.00,        0.00,        0.00,        1.00,        4.25,        0.00,        0.00,        1.00,        1.00,        0.00
     1888.00,       64.52,       29.94,        0.00,        0.00,        0.00,        0.00,        1.00,        4.25,        0.00,        0.00,        1.00,        1.00,        0.00
     1889.00,       64.52,       34.43,        0.00,        0.00,        0.00,        0.00,        1.00,        4.25,        0.00,        0.00,        1.00,        1.00,        0.00
     1890.00,       64.52,       39.19,        0.00,        0.00,        0.00,        0.00,        1.00,        4.25,        0.00,        0.00,        1.00,        1.00,        0.00
     1891.00,       64.52,       44.88,        0.00,        0.00,        0.00,        0.00,        1.00,        4.25,        0.00,        0.00,        1.00,        1.00,        0.00
     1892.00,       64.52,       41.32,        0.00,        0.00,        0.00,        0.00,        1.00,        4.25,        0.00,        0.00,        1.00,        1.00,        0.00
     1893.00,       64.52,       36.73,        0.00,        0.00,        0.00,        0.00,        1.00,        4.25,        0.00,        0.00,        1.00,        1.00,        0.00
     1894.00,       64.52,       33.75,        0.00,        0.00,        0.00,        0.00,        1.00,        4.25,        0.00,        0.00,        1.00,        1.00,        0.00
     1895.00,       64.52,       29.21,        0.00,        0.00,        0.00,        0.00,        1.00,        4.25,        0.00,        0.00,        1.00,        1.00,        0.00
     1896.00,       64.52,       24.59,        0.00,        0.00,        0.00,        0.00,        1.00,        4.25,        0.00,        0.00,        1.00,        1.00,        0.00
     1897.00,       64.52,       25.13,        0.00,        0.00,        0.00,        0.00,        1.00,        4.25,        0.00,        0.00,        1.00,        1.00,        0.00
     1898.00,       64.52,       25.03,        0.00,        0.00,        0.00,        0.00,        1.00,        4.25,        0.00,        0.00,        1.00,        1.00,        0.00
     1899.00,       64.52,       23.44,        0.00,        0.00,        0.00,        0.00,        1.00,        4.25,        0.00,        0.00,        1.00,        1.00,        0.00
     1900.00,       64.52,       24.59,        0.00,        0.00,        0.00,        0.00,        1.00,        4.25,        0.00,        0.00,        1.00,        1.00,        0.00
     1901.00,       64.52,       25.00,        0.00,        0.00,        0.00,        0.00,        1.00,        4.25,        0.00,        0.00,        1.00,        1.00,        0.00
     1902.00,       64.52,       26.82,        0.00,        0.00,        0.00,        0.00,        1.00,        4.25,        0.00,        0.00,        1.00,        1.00,        0.00
     1903.00,       64.52,       30.55,        0.00,        0.00,        0.00,        0.00,        1.00,        4.25,        0.00,        0.00,        1.00,        1.00,        0.00
     1904.00,       64.52,       30.44,        0.00,        0.00,        0.00,        0.00,        1.00,        4.25,        0.00,        0.00,        1.00,        1.00,        0.00
     1905.00,       64.52,       38.53,        0.00,        0.00,        0.00,        0.00,        1.00,        4.25,        0.00,        0.00,        1.00,        1.00,        0.00
     1906.00,       64.52,       39.02,        0.00,        0.00,        0.00,        0.00,        1.00,        4.25,        0.00,        0.00,        1.00,        1.00,        0.00
     1907.00,       64.52,       39.90,        0.00,        0.00,        0.00,        0.00,        1.00,        4.25,        0.00,        0.00,        1.00,        1.00,        0.00
     1908.00,       64.52,       39.01,        0.00,        0.00,        0.00,        0.00,        1.00,        4.25,        0.00,        0.00,        1.00,        1.00,        0.00
     1909.00,       64.52,       37.79,        0.00,        0.00,        0.00,        0.00,        1.00,        4.25,        0.00,        0.00,        1.00,        1.00,        0.00
     1910.00,       64.52,       35.22,        0.00,        0.00,        0.00,        0.00,        1.00,        4.25,        0.00,        0.00,        1.00,        1.00,        0.00
     1911.00,       64.52,       36.15,        0.00,        0.00,        0.00,        0.00,        1.00,        4.25,        0.00,        0.00,        1.00,        1.00,        0.00
     1912.00,       64.52,       35.79,        0.00,        0.00,        0.00,        0.00,        1.00,        4.25,        0.00,        0.00,        1.00,        1.00,        0.00
     1913.00,       64.52,       28.66,        0.00,        0.00,        0.00,        0.00,        1.00,        4.25,        0.00,        0.00,        1.00,        1.00,        0.00
     1914.00,       64.52,       37.02,        0.00,        0.00,        0.00,        0.00,        1.00,        4.25,        0.00,        0.00,        1.00,        1.00,        0.00
     1915.00,       64.52,       44.81,        0.00,        0.00,        0.00,        0.00,        1.00,        4.25,        0.00,        0.00,        1.00,        1.00,        0.00
     1916.00,       64.52,       44.03,        0.00,        0.00,        0.00,        0.00,        1.00,        4.25,        0.00,        0.00,        1.00,        1.00,        0.00
     1917.00,       64.52,       37.35,        0.00,        0.00,        0.00,        0.00,        1.00,        4.25,        0.00,        0.00,        1.00,        1.00,        0.00
     1918.00,       64.52,       34.18,        0.00,        0.00,        0.00,        0.00,        1.00,        4.25,        0.00,        0.00,        1.00,        1.00,        0.00
     1919.00,       64.52,       30.54,        0.00,        0.00,        0.00,        0.00,        1.00,        4.25,        0.00,        0.00,        1.00,        1.00,        0.00
     1920.00,       64.52,       28.67,        0.00,        0.00,        0.00,        0.00,        1.00,        4.25,        0.00,        0.00,        1.00,        1.00,        0.00
     1921.00,       64.52,       26.27,        0.00,        0.00,        0.00,        0.00,        1.00,        4.25,        0.00,        0.00,        1.00,        1.00,        0.00
     1922.00,       64.52,       26.07,        0.00,        0.00,        0.00,        0.00,        1.00,        4.25,        0.00,        0.00,        1.00,        1.00,        0.00
     1923.00,       64.52,       25.55,        0.00,        0.00,        0.00,        0.00,        1.00,        4.25,        0.00,        0.00,        1.00,        1.00,        0.00
     1924.00,       64.52,       25.81,        0.00,        0.00,        0.00,        0.00,        1.00,        4.25,        0.00,        0.00,        1.00,        1.00,        0.00
     1925.00,       64.52,       27.62,        0.00,        0.00,        0.00,        0.00,        1.00,        4.25,        0.00,        0.00,        1.00,        1.00,        0.00
     1926.00,       64.52,       27.52,        0.00,        0.00,        0.00,        0.00,        1.00,        4.25,        0.00,        0.00,        1.00,        1.00,        0.00
     1927.00,       64.52,       28.11,        0.00,        0.00,        0.00,        0.00,        1.00,        4.25,        0.00,        0.00,        1.00,        1.00,        0.00
     1928.00,       64.52,       35.61,        0.00,        0.00,        0.00,        0.00,        1.00,        4.25,        0.00,        0.00,        1.00,        1.00,        0.00
     1929.00,       64.52,       36.19,        0.00,        0.00,        0.00,        0.00,        1.00,        4.25,        0.00,        0.00,        1.00,        1.00,        0.00
     1930.00,       64.52,       39.93,        0.00,        0.00,        0.00,        0.00,        1.00,        4.25,        0.00,        0.00,        1.00,        1.00,        0.00
     1931.00,       64.52,       36.70,        0.00,        0.00,        0.00,        0.00,        1.00,        4.25,        0.00,        0.00,        1.00,        1.00,        0.00
     1932.00,       64.52,       35.98,        0.00,        0.00,        0.00,        0.00,        1.00,        4.25,        0.00,        0.00,        1.00,        1.00,        0.00
     1933.00,       64.52,       34.69,        0.00,        0.00,        0.00,        0.00,        1.00,        4.25,        0.00,        0.00,        1.00,        1.00,        0.00
     1934.00,       64.52,       31.03,        0.00,        0.00,        0.00,        0.00,        1.00,        4.25,        0.00,        0.00,        1.00,        1.00,        0.00
     1935.00,       64.52,       30.82,        0.00,        0.00,        0.00,        0.00,        1.00,        4.25,        0.00,        0.00,        1.00,        1.00,        0.00
     1936.00,       64.52,       27.05,        0.00,        0.00,        0.00,        0.00,        1.00,        4.25,        0.00,        0.00,        1.00,        1.00,        0.00
     1937.00,       64.52,       31.48,        0.00,        0.00,        0.00,        0.00,        1.00,        4.25,        0.00,        0.00,        1.00,        1.00,        0.00
     1938.00,       64.52,       36.94,        0.00,        0.00,        0.00,        0.00,        1.00,        4.25,        0.00,        0.00,        1.00,        1.00,        0.00
     1939.00,       64.52,       45.05,        0.00,        0.00,        0.00,        0.00,        1.00,        4.25,        0.00,        0.00,        1.00,        1.00,        0.00
     1940.00,       64.52,       41.65,        0.00,        0.00,        0.00,        0.00,        1.00,        4.25,        0.00,        0.00,        1.00,        1.00,        0.00
     1941.00,       64.52,       37.83,        0.00,        0.00,        0.00,        0.00,        1.00,        4.25,        0.00,        0.00,        1.00,        1.00,        0.00
     1942.00,       64.52,       32.58,        0.00,        0.00,        0.00,        0.00,        1.00,        4.25,        0.00,        0.00,        1.00,        1.00,        0.00
     1943.00,       64.52,       29.75,        0.00,        0.00,        0.00,        0.00,        1.00,        4.25,        0.00,        0.00,        1.00,        1.00,        0.00
     1944.00,       64.52,       24.93,        0.00,        0.00,        0.00,        0.00,        1.00,        4.25,        0.00,        0.00,        1.00,        1.00,        0.00
     1945.00,       64.52,       21.88,        0.00,        0.00,        0.00,        0.00,        1.00,        4.25,        0.00,        0.00,        1.00,        1.00,        0.00
     1946.00,       64.52,       20.81,        0.00,        0.00,        0.00,        0.00,        1.00,        4.25,        0.00,        0.00,        1.00,        1.00,        0.00
     1947.00,       64.52,       21.16,        0.00,        0.00,        0.00,        0.00,        1.00,        4.25,        0.00,        0.00,        1.00,        1.00,        0.00
     1948.00,       64.52,       23.30,        0.00,        0.00,        0.00,        0.00,        1.00,        4.25,        0.00,        0.00,        1.00,        1.00,        0.00
     1949.00,       64.52,       27.21,        0.00,        0.00,        0.00,        0.00,        1.00,        4.25,        0.00,        0.00,        1.00,        1.00,        0.00
     1950.00,       64.52,       35.38,        0.00,        0.00,        0.00,        0.00,        1.00,        4.25,        0.00,        0.00,        1.00,        1.00,        0.00
     1951.00,       64.52,       41.29,        0.00,        0.00,        0.00,        0.00,        1.00,        4.25,        0.00,        0.00,        1.00,        1.00,        0.00
     1952.00,       64.52,       48.09,        0.00,        0.00,        0.00,        0.00,        1.00,        4.25,        0.00,        0.00,        1.00,        1.00,        0.00
     1953.00,       64.52,       43.50,        0.00,        0.00,        0.00,        0.00,        1.00,        4.25,        0.00,        0.00,        1.00,        1.00,        0.00
     1954.00,       64.52,       44.22,        0.00,        0.00,        0.00,        0.00,        1.00,        4.25,        0.00,        0.00,        1.00,        1.00,        0.00
     1955.00,       64.52,       44.01,        0.00,        0.00,        0.00,        0.00,        1.00,        4.25,        0.00,        0.00,        1.00,        1.00,        0.00
     1956.00,       64.52,       41.89,        0.00,        0.00,        0.00,        0.00,        1.00,        4.25,        0.00,        0.00,        1.00,        1.00,        0.00
     1957.00,       64.52,       38.35,        0.00,        0.00,        0.00,        0.00,        1.00,        4.25,        0.00,        0.00,        1.00,        1.00,        0.00
     1958.00,       64.52,       36.82,        0.00,        0.00,        0.00,        0.00,        1.00,        4.25,        0.00,        0.00,        1.00,        1.00,        0.00
     1959.00,       64.52,       38.53,        0.00,        0.00,        0.00,        0.00,        1.00,        4.25,        0.00,        0.00,        1.00,        1.00,        0.00
     1960.00,       64.52,       38.72,        0.00,        0.00,        0.00,        0.00,        1.00,        4.25,        0.00,        0.00,        1.00,        1.00,        0.00
     1961.00,       64.52,       30.62,        0.00,        0.00,        0.00,        0.00,        1.00,        4.25,        0.00,        0.00,        1.00,        1.00,        0.00
     1962.00,       64.52,       38.37,        0.00,        0.00,        0.00,        0.00,        1.00,        4.25,        0.00,        0.00,        1.00,        1.00,        0.00
     1963.00,       64.52,       47.47,        0.00,        0.00,        0.00,        0.00,        1.00,        4.25,        0.00,        0.00,        1.00,        1.00,        0.00
     1964.00,       64.52,       44.72,        0.00,        0.00,        0.00,        0.00,        1.00,        4.25,        0.00,        0.00,        1.00,        1.00,        0.00
     1965.00,       64.52,       38.00,        0.00,        0.00,        0.00,        0.00,        1.00,        4.25,        0.00,        0.00,        1.00,        1.00,        0.00
     1966.00,       64.52,       33.60,        0.00,        0.00,        0.00,        0.00,        1.00,        4.25,        0.00,        0.00,        1.00,        1.00,        0.00
     1967.00,       64.52,       29.36,        0.00,        0.00,        0.00,        0.00,        1.00,        4.25,        0.00,        0.00,        1.00,        1.00,        0.00
     1968.00,       64.52,       25.39,        0.00,        0.00,        0.00,        0.00,        1.00,        4.25,        0.00,        0.00,        1.00,        1.00,        0.00
     1969.00,       64.52,       24.68,        0.00,        0.00,        0.00,        0.00,        1.00,        4.25,        0.00,        0.00,        1.00,        1.00,        0.00
     1970.00,       64.52,       22.31,        0.00,        0.00,        0.00,        0.00,        1.00,        4.25,        0.00,        0.00,        1.00,        1.00,        0.00
     1971.00,       64.52,       22.76,        0.00,        0.00,        0.00,        0.00,        1.00,        4.25,        0.00,        0.00,        1.00,        1.00,        0.00
     1972.00,       64.52,       24.62,        0.00,        0.00,        0.00,        0.00,        1.00,        4.25,        0.00,        0.00,        1.00,        1.00,        0.00
     1973.00,       64.52,       27.29,        0.00,        0.00,        0.00,        0.00,        1.00,        4.25,        0.00,        0.00,        1.00,        1.00,        0.00
     1974.00,       64.52,       33.87,        0.00,        0.00,        0.00,        0.00,        1.00,        4.25,        0.00,        0.00,        1.00,        1.00,        0.00
     1975.00,       64.52,       36.28,        0.00,        0.00,        0.00,        0.00,        1.00,        4.25,        0.00,        0.00,        1.00,        1.00,        0.00
     1976.00,       64.52,       36.66,        0.00,        0.00,        0.00,        0.00,        1.00,        4.25,        0.00,        0.00,        1.00,        1.00,        0.00
     1977.00,       64.52,       39.52,        0.00,        0.00,        0.00,        0.00,        1.00,        4.25,        0.00,        0.00,        1.00,        1.00,        0.00
     1978.00,       64.52,       38.91,        0.00,        0.00,        0.00,        0.00,        1.00,        4.25,        0.00,        0.00,        1.00,        1.00,        0.00
     1979.00,       64.52,       36.11,        0.00,        0.00,        0.00,        0.00,        1.00,        4.25,        0.00,        0.00,        1.00,        1.00,        0.00
     1980.00,       64.52,       33.48,        0.00,        0.00,        0.00,        0.00,        1.00,        4.25,        0.00,        0.00,        1.00,        1.00,        0.00
     1981.00,       64.52,       34.74,        0.00,        0.00,        0.00,        0.00,        1.00,        4.25,        0.00,        0.00,        1.00,        1.00,        0.00
     1982.00,       64.52,       33.43,        0.00,        0.00,        0.00,        0.00,        1.00,        4.25,        0.00,        0.00,        1.00,        1.00,        0.00
     1983.00,       64.52,       34.58,        0.00,        0.00,        0.00,        0.00,        1.00,        4.25,        0.00,        0.00,        1.00,        1.00,        0.00
     1984.00,       64.52,       37.56,        0.00,        0.00,        0.00,        0.00,        1.00,        4.25,        0.00,        0.00,        1.00,        1.00,        0.00
     1985.00,       64.52,       28.97,        0.00,        0.00,        0.00,        0.00,        1.00,        4.25,        0.00,        0.00,        1.00,        1.00,        0.00
     1986.00,       64.52,       36.24,        0.00,        0.00,        0.00,        0.00,        1.00,        4.25,        0.00,        0.00,        1.00,        1.00,        0.00
     1987.00,       64.52,       50.99,        0.00,        0.00,        0.00,        0.00,        1.00,        4.25,        0.00,        0.00,        1.00,        1.00,        0.00
     1988.00,       64.52,       49.25,        0.00,        0.00,        0.00,        0.00,        1.00,        4.25,        0.00,        0.00,        1.00,        1.00,        0.00
     1989.00,       64.52,       37.97,        0.00,        0.00,        0.00,        0.00,        1.00,        4.25,        0.00,        0.00,        1.00,        1.00,        0.00
     1990.00,       64.52,       35.18,        0.00,        0.00,        0.00,        0.00,        1.00,        4.25,        0.00,        0.00,        1.00,        1.00,        0.00
     1991.00,       64.52,       29.90,        0.00,        0.00,        0.00,        0.00,        1.00,        4.25,        0.00,        0.00,        1.00,        1.00,        0.00
     1992.00,       64.52,       25.64,        0.00,        0.00,        0.00,        0.00,        1.00,        4.25,        0.00,        0.00,        1.00,        1.00,        0.00
     1993.00,       64.52,       24.48,        0.00,        0.00,        0.00,        0.00,        1.00,        4.25,        0.00,        0.00,        1.00,        1.00,        0.00
     1994.00,       64.52,       22.26,        0.00,        0.00,        0.00,        0.00,        1.00,        4.25,        0.00,        0.00,        1.00,        1.00,        0.00
     1995.00,       64.52,       23.68,        0.00,        0.00,        0.00,        0.00,        1.00,        4.25,        0.00,        0.00,        1.00,        1.00,        0.00
     1996.00,       64.52,       25.22,        0.00,        0.00,        0.00,        0.00,        1.00,        4.25,        0.00,        0.00,        1.00,        1.00,        0.00
     1997.00,       64.52,       29.19,        0.00,        0.00,        0.00,        0.00,        1.00,        4.25,        0.00,        0.00,        1.00,        1.00,        0.00
     1998.00,       64.52,       39.40,        0.00,        0.00,        0.00,        0.00,        1.00,        4.25,        0.00,        0.00,        1.00,        1.00,        0.00
     1999.00,       64.52,       42.08,        0.00,        0.00,        0.00,        0.00,        1.00,        4.25,        0.00,        0.00,        1.00,        1.00,        0.00
     2000.00,       64.52,       35.71,        0.00,        0.00,        0.00,        0.00,        1.00,        4.25,        0.00,        0.00,        1.00,        1.00,        0.00
     2001.00,       64.52,       36.50,        0.00,        0.00,        0.00,        0.00,        1.00,        4.25,        0.00,        0.00,        1.00,        1.00,        0.00
     2002.00,       64.52,       38.17,        0.00,        0.00,        0.00,        0.00,        1.00,        4.25,        0.00,        0.00,        1.00,        1.00,        0.00
     2003.00,       64.52,       36.50,        0.00,        0.00,        0.00,        0.00,        1.00,        4.25,        0.00,        0.00,        1.00,        1.00,        0.00
     2004.00,       64.52,       34.43,        0.00,        0.00,        0.00,        0.00,        1.00,        4.25,        0.00,        0.00,        1.00,        1.00,        0.00
     2005.00,       64.52,       33.78,        0.00,        0.00,        0.00,        0.00,        1.00,        4.25,        0.00,        0.00,        1.00,        1.00,        0.00
     2006.00,       64.52,       31.47,        0.00,        0.00,        0.00,        0.00,        1.00,        4.25,        0.00,        0.00,        1.00,        1.00,        0.00
     2007.00,       64.52,       34.80,        0.00,        0.00,        0.00,        0.00,        1.00,        4.25,        0.00,        0.00,        1.00,        1.00,        0.00
     2008.00,       64.52,       35.46,        0.00,        0.00,        0.00,        0.00,        1.00,        4.25,        0.00,        0.00,        1.00,        1.00,        0.00
     2009.00,       64.52,       34.76,        0.00,        0.00,        0.00,        0.00,        1.00,        4.25,        0.00,        0.00,        1.00,        1.00,        0.00
     2010.00,       64.52,       39.65,        0.00,        0.00,        0.00,        0.00,        1.00,        4.25,        0.00,        0.00,        1.00,        1.00,        0.00
     2011.00,       64.52,       47.81,        0.00,        0.00,        0.00,        0.00,        1.00,        4.25,        0.00,        0.00,        1.00,        1.00,        0.00
     2012.00,       64.52,       56.32,        0.00,        0.00,        0.00,        0.00,        1.00,        4.25,        0.00,        0.00,        1.00,        1.00,        0.00
     2013.00,       64.52,       40.48,        0.00,        0.00,        0.00,        0.00,        1.00,        4.25,        0.00,        0.00,        1.00,        1.00,        0.00
     2014.00,       64.52,       36.52,        0.00,        0.00,        0.00,        0.00,        1.00,        4.25,        0.00,        0.00,        1.00,        1.00,        0.00
     2015.00,       64.52,       30.75,        0.00,        0.00,        0.00,        0.00,        1.00,        4.25,        0.00,        0.00,        1.00,        1.00,        0.00
     2016.00,       64.52,       27.01,        0.00,        0.00,        0.00,        0.00,        1.00,        4.25,        0.00,        0.00,        1.00,        1.00,        0.00
     2017.00,       64.52,       25.59,        0.00,        0.00,        0.00,        0.00,        1.00,        4.25,        0.00,        0.00,        1.00,        1.00,        0.00
     2018.00,       64.52,       24.15,        0.00,        0.00,        0.00,        0.00,        1.00,        4.25,        0.00,        0.00,        1.00,        1.00,        0.00
     2019.00,       64.52,       24.23,        0.00,        0.00,        0.00,        0.00,        1.00,        4.25,        0.00,        0.00,        1.00,        1.00,        0.00
     2020.00,       64.52,       25.35,        0.00,        0.00,        0.00,        0.00,        1.00,        4.25,        0.00,        0.00,        1.00,        1.00,        0.00
     2021.00,       64.52,       30.02,        0.00,        0.00,        0.00,        0.00,        1.00,        4.25,        0.00,        0.00,        1.00,        1.00,        0.00
     2022.00,       64.52,       37.20,        0.00,        0.00,        0.00,        0.00,        1.00,        4.25,        0.00,        0.00,        1.00,        1.00,        0.00
     2023.00,       64.52,       42.11,        0.00,        0.00,        0.00,        0.00,        1.00,        4.25,        0.00,        0.00,        1.00,        1.00,        0.00
     2024.00,       64.52,       39.20,        0.00,        0.00,        0.00,        0.00,        1.00,        4.25,        0.00,        0.00,        1.00,        1.00,        0.00
     2025.00,       64.52,       37.00,        0.00,        0.00,        0.00,        0.00,        1.00,        4.25,        0.00,        0.00,        1.00,        1.00,        0.00
     2026.00,       64.52,       37.29,        0.00,        0.00,        0.00,        0.00,        1.00,        4.25,        0.00,        0.00,        1.00,        1.00,        0.00
     2027.00,       64.52,       34.64,        0.00,        0.00,        0.00,        0.00,        1.00,        4.25,        0.00,        0.00,        1.00,        1.00,        0.00
     2028.00,       64.52,       32.42,        0.00,        0.00,        0.00,        0.00,        1.00,        4.25,        0.00,        0.00,        1.00,        1.00,        0.00
     2029.00,       64.52,       31.39,        0.00,        0.00,        0.00,        0.00,        1.00,        4.25,        0.00,        0.00,        1.00,        1.00,        0.00
     2030.00,       64.52,       27.14,        0.00,        0.00,        0.00,        0.00,        1.00,        4.25,        0.00,        0.00,        1.00,        1.00,        0.00
     2031.00,       64.52,       33.50,        0.00,        0.00,        0.00,        0.00,        1.00,        4.25,        0.00,        0.00,        1.00,        1.00,        0.00
     2032.00,       64.52,       35.38,        0.00,        0.00,        0.00,        0.00,        1.00,        4.25,        0.00,        0.00,        1.00,        1.00,        0.00
     2033.00,       64.52,       30.54,        0.00,        0.00,        0.00,        0.00,        1.00,        4.25,        0.00,        0.00,        1.00,        1.00,        0.00
     2034.00,       64.52,       37.82,        0.00,        0.00,        0.00,        0.00,        1.00,        4.25,        0.00,        0.00,        1.00,        1.00,        0.00
     2035.00,       64.52,       54.37,        0.00,        0.00,        0.00,        0.00,        1.00,        4.25,        0.00,        0.00,        1.00,        1.00,        0.00
     2036.00,       64.52,       55.00,        0.00,        0.00,        0.00,        0.00,        1.00,        4.25,        0.00,        0.00,        1.00,        1.00,        0.00
     2037.00,       64.52,       42.04,        0.00,        0.00,        0.00,        0.00,        1.00,        4.25,        0.00,        0.00,        1.00,        1.00,        0.00
     2038.00,       64.52,       37.26,        0.00,        0.00,        0.00,        0.00,        1.00,        4.25,        0.00,        0.00,        1.00,        1.00,        0.00
     2039.00,       64.52,       32.67,        0.00,        0.00,        0.00,        0.00,        1.00,        4.25,        0.00,        0.00,        1.00,        1.00,        0.00
     2040.00,       64.52,       26.36,        0.00,        0.00,        0.00,        0.00,        1.00,        4.25,        0.00,        0.00,        1.00,        1.00,        0.00
     2041.00,       64.52,       25.43,        0.00,        0.00,        0.00,        0.00,        1.00,        4.25,        0.00,        0.00,        1.00,        1.00,        0.00
     2042.00,       64.52,       23.45,        0.00,        0.00,        0.00,        0.00,        1.00,        4.25,        0.00,        0.00,        1.00,        1.00,        0.00
     2043.00,       64.52,       23.35,        0.00,        0.00,        0.00,        0.00,        1.00,        4.25,        0.00,        0.00,        1.00,        1.00,        0.00
     2044.00,       64.52,       24.66,        0.00,        0.00,        0.00,        0.00,        1.00,        4.25,        0.00,        0.00,        1.00,        1.00,        0.00
     2045.00,       64.52,       28.91,        0.00,        0.00,        0.00,        0.00,        1.00,        4.25,        0.00,        0.00,        1.00,        1.00,        0.00
     2046.00,       64.52,       34.75,        0.00,        0.00,        0.00,        0.00,        1.00,        4.25,        0.00,        0.00,        1.00,        1.00,        0.00
     2047.00,       64.52,       37.99,        0.00,        0.00,        0.00,        0.00,        1.00,        4.25,        0.00,        0.00,        1.00,        1.00,        0.00
     2048.00,       64.52,       35.83,        0.00,        0.00,        0.00,        0.00,        1.00,        4.25,        0.00,        0.00,        1.00,        1.00,        0.00
     2049.00,       64.52,       34.62,        0.00,        0.00,        0.00,        0.00,        1.00,        4.25,        0.00,        0.00,        1.00,        1.00,        0.00
     2050.00,       64.52,       30.37,        0.00,        0.00,        0.00,        0.00,        1.00,        4.25,        0.00,        0.00,        1.00,        1.00,        0.00
     2051.00,       64.52,       28.22,        0.00,        0.00,        0.00,        0.00,        1.00,        4.25,        0.00,        0.00,        1.00,        1.00,        0.00
     2052.00,       64.52,       29.67,        0.00,        0.00,        0.00,        0.00,        1.00,        4.25,        0.00,        0.00,        1.00,        1.00,        0.00
     2053.00,       64.52,       30.06,        0.00,        0.00,        0.00,        0.00,        1.00,        4.25,        0.00,        0.00,        1.00,        1.00,        0.00
     2054.00,       64.52,       30.13,        0.00,        0.00,        0.00,        0.00,        1.00,        4.25,        0.00,        0.00,        1.00,        1.00,        0.00
     2055.00,       64.52,       32.12,        0.00,        0.00,        0.00,        0.00,        1.00,        4.25,        0.00,        0.00,        1.00,        1.00,        0.00
     2056.00,       64.52,       35.05,        0.00,        0.00,        0.00,        0.00,        1.00,        4.25,        0.00,        0.00,        1.00,        1.00,        0.00
     2057.00,       64.52,       36.34,        0.00,        0.00,        0.00,        0.00,        1.00,        4.25,        0.00,        0.00,        1.00,        1.00,        0.00
     2058.00,       64.52,       40.36,        0.00,        0.00,        0.00,        0.00,        1.00,        4.25,        0.00,        0.00,        1.00,        1.00,        0.00
     2059.00,       64.52,       44.43,        0.00,        0.00,        0.00,        0.00,        1.00,        4.25,        0.00,        0.00,        1.00,        1.00,        0.00
     2060.00,       64.52,       43.95,        0.00,        0.00,        0.00,        0.00,        1.00,        4.25,        0.00,        0.00,        1.00,        1.00,        0.00
     2061.00,       64.52,       37.74,        0.00,        0.00,        0.00,        0.00,        1.00,        4.25,        0.00,        0.00,        1.00,        1.00,        0.00
     2062.00,       64.52,       34.12,        0.00,        0.00,        0.00,        0.00,        1.00,        4.25,        0.00,        0.00,        1.00,        1.00,        0.00
     2063.00,       64.52,       29.47,        0.00,        0.00,        0.00,        0.00,        1.00,        4.25,        0.00,        0.00,        1.00,        1.00,        0.00
     2064.00,       64.52,       23.53,        0.00,        0.00,        0.00,        0.00,        1.00,        4.25,        0.00,        0.00,        1.00,        1.00,        0.00
     2065.00,       64.52,       21.31,        0.00,        0.00,        0.00,        0.00,        1.00,        4.25,        0.00,        0.00,        1.00,        1.00,        0.00
     2066.00,       64.52,       18.29,        0.00,        0.00,        0.00,        0.00,        1.00,        4.25,        0.00,        0.00,        1.00,        1.00,        0.00
     2067.00,       64.52,       17.85,        0.00,        0.00,        0.00,        0.00,        1.00,        4.25,        0.00,        0.00,        1.00,        1.00,        0.00
     2068.00,       64.52,       21.43,        0.00,        0.00,        0.00,        0.00,        1.00,        4.25,        0.00,        0.00,        1.00,        1.00,        0.00
     2069.00,       64.52,       24.93,        0.00,        0.00,        0.00,        0.00,        1.00,        4.25,        0.00,        0.00,        1.00,        1.00,        0.00
     2070.00,       64.52,       25.83,        0.00,        0.00,        0.00,        0.00,        1.00,        4.25,        0.00,        0.00,        1.00,        1.00,        0.00
     2071.00,       64.52,       26.25,        0.00,        0.00,        0.00,        0.00,        1.00,        4.25,        0.00,        0.00,        1.00,        1.00,        0.00
     2072.00,       64.52,       23.58,        0.00,        0.00,        0.00,        0.00,        1.00,        4.25,        0.00,        0.00,        1.00,        1.00,        0.00
     2073.00,       64.52,       27.74,        0.00,        0.00,        0.00,        0.00,        1.00,        4.25,        0.00,        0.00,        1.00,        1.00,        0.00
     2074.00,       64.52,       27.05,        0.00,        0.00,        0.00,        0.00,        1.00,        4.25,        0.00,        0.00,        1.00,        1.00,        0.00
     2075.00,       64.52,       22.84,        0.00,        0.00,        0.00,        0.00,        1.00,        4.25,        0.00,        0.00,        1.00,        1.00,        0.00
     2076.00,       64.52,       24.73,        0.00,        0.00,        0.00,        0.00,        1.00,        4.25,        0.00,        0.00,        1.00,        1.00,        0.00
     2077.00,       64.52,       26.00,        0.00,        0.00,        0.00,        0.00,        1.00,        4.25,        0.00,        0.00,        1.00,        1.00,        0.00
     2078.00,       64.52,       25.66,        0.00,        0.00,        0.00,        0.00,        1.00,        4.25,        0.00,        0.00,        1.00,        1.00,        0.00
     2079.00,       64.52,       30.64,        0.00,        0.00,        0.00,        0.00,        1.00,        4.25,        0.00,        0.00,        1.00,        1.00,        0.00
     2080.00,       64.52,       29.65,        0.00,        0.00,        0.00,        0.00,        1.00,        4.25,        0.00,        0.00,        1.00,        1.00,        0.00
     2081.00,       64.52,       32.16,        0.00,        0.00,        0.00,        0.00,        1.00,        4.25,        0.00,        0.00,        1.00,        1.00,        0.00
     2082.00,       64.52,       36.35,        0.00,        0.00,        0.00,        0.00,        1.00,        4.25,        0.00,        0.00,        1.00,        1.00,        0.00
     2083.00,       64.52,       43.80,        0.00,        0.00,        0.00,        0.00,        1.00,        4.25,        0.00,        0.00,        1.00,        1.00,        0.00
     2084.00,       64.52,       39.85,        0.00,        0.00,        0.00,        0.00,        1.00,        4.25,        0.00,        0.00,        1.00,        1.00,        0.00
     2085.00,       64.52,       35.57,        0.00,        0.00,        0.00,        0.00,        1.00,        4.25,        0.00,        0.00,        1.00,        1.00,        0.00
     2086.00,       64.52,       32.27,        0.00,        0.00,        0.00,        0.00,        1.00,        4.25,        0.00,        0.00,        1.00,        1.00,        0.00
     2087.00,       64.52,       26.26,        0.00,        0.00,        0.00,        0.00,        1.00,        4.25,        0.00,        0.00,        1.00,        1.00,        0.00
     2088.00,       64.52,       23.63,        0.00,        0.00,        0.00,        0.00,        1.00,        4.25,        0.00,        0.00,        1.00,        1.00,        0.00
     2089.00,       64.52,       23.76,        0.00,        0.00,        0.00,        0.00,        1.00,        4.25,        0.00,        0.00,        1.00,        1.00,        0.00
     2090.00,       64.52,       23.44,        0.00,        0.00,        0.00,        0.00,        1.00,        4.25,        0.00,        0.00,        1.00,        1.00,        0.00
     2091.00,       64.52,       22.41,        0.00,        0.00,        0.00,        0.00,        1.00,        4.25,        0.00,        0.00,        1.00,        1.00,        0.00
     2092.00,       64.52,       24.32,        0.00,        0.00,        0.00,        0.00,        1.00,        4.25,        0.00,        0.00,        1.00,        1.00,        0.00
     2093.00,       64.52,       23.09,        0.00,        0.00,        0.00,        0.00,        1.00,        4.25,        0.00,        0.00,        1.00,        1.00,        0.00
     2094.00,       64.52,       24.66,        0.00,        0.00,        0.00,        0.00,        1.00,        4.25,        0.00,        0.00,        1.00,        1.00,        0.00
     2095.00,       64.52,       24.84,        0.00,        0.00,        0.00,        0.00,        1.00,        4.25,        0.00,        0.00,        1.00,        1.00,        0.00
     2096.00,       64.52,       23.99,        0.00,        0.00,        0.00,        0.00,        1.00,        4.25,        0.00,        0.00,        1.00,        1.00,        0.00
     2097.00,       64.52,       28.96,        0.00,        0.00,        0.00,        0.00,        1.00,        4.25,        0.00,        0.00,        1.00,        1.00,        0.00
     2098.00,       64.52,       27.29,        0.00,        0.00,        0.00,        0.00,        1.00,        4.25,        0.00,        0.00,        1.00,        1.00,        0.00
     2099.00,       64.52,       25.98,        0.00,        0.00,        0.00,        0.00,        1.00,        4.25,        0.00,        0.00,        1.00,        1.00,        0.00
     2100.00,       64.52,       28.74,        0.00,        0.00,        0.00,        0.00,        1.00,        4.25,        0.00,        0.00,        1.00,        1.00,        0.00
     2101.00,       64.52,       27.35,        0.00,        0.00,        0.00,        0.00,        1.00,        4.25,        0.00,        0.00,        1.00,        1.00,        0.00
     2102.00,       64.52,       26.82,        0.00,        0.00,        0.00,        0.00,        1.00,        4.25,        0.00,        0.00,        1.00,        1.00,        0.00
     2103.00,       64.52,       25.87,        0.00,        0.00,        0.00,        0.00,        1.00,        4.25,        0.00,        0.00,        1.00,        1.00,        0.00
     2104.00,       64.52,       25.47,        0.00,        0.00,        0.00,        0.00,        1.00,        4.25,        0.00,        0.00,        1.00,        1.00,        0.00
     2105.00,       64.52,       33.02,        0.00,        0.00,        0.00,        0.00,        1.00,        4.25,        0.00,        0.00,        1.00,        1.00,        0.00
     2106.00,       64.52,       38.76,        0.00,        0.00,        0.00,        0.00,        1.00,        4.25,        0.00,        0.00,        1.00,        1.00,        0.00
     2107.00,       64.52,       46.64,        0.00,        0.00,        0.00,        0.00,        1.00,        4.25,        0.00,        0.00,        1.00,        1.00,        0.00
     2108.00,       64.52,       40.81,        0.00,        0.00,        0.00,        0.00,        1.00,        4.25,        0.00,        0.00,        1.00,        1.00,        0.00
     2109.00,       64.52,       37.57,        0.00,        0.00,        0.00,        0.00,        1.00,        4.25,        0.00,        0.00,        1.00,        1.00,        0.00
     2110.00,       64.52,       32.20,        0.00,        0.00,        0.00,        0.00,        1.00,        4.25,        0.00,        0.00,        1.00,        1.00,        0.00
     2111.00,       64.52,       26.06,        0.00,        0.00,        0.00,        0.00,        1.00,        4.25,        0.00,        0.00,        1.00,        1.00,        0.00
     2112.00,       64.52,       25.21,        0.00,        0.00,        0.00,        0.00,        1.00,        4.25,        0.00,        0.00,        1.00,        1.00,        0.00
     2113.00,       64.52,       23.49,        0.00,        0.00,        0.00,        0.00,        1.00,        4.25,        0.00,        0.00,        1.00,        1.00,        0.00
     2114.00,       64.52,       19.74,        0.00,        0.00,        0.00,        0.00,        1.00,        4.25,        0.00,        0.00,        1.00,        1.00,        0.00
     2115.00,       64.52,       20.07,        0.00,        0.00,        0.00,        0.00,        1.00,        4.25,        0.00,        0.00,        1.00,        1.00,        0.00
     2116.00,       64.52,       24.48,        0.00,        0.00,        0.00,        0.00,        1.00,        4.25,        0.00,        0.00,        1.00,        1.00,        0.00
     2117.00,       64.52,       28.07,        0.00,        0.00,        0.00,        0.00,        1.00,        4.25,        0.00,        0.00,        1.00,        1.00,        0.00
     2118.00,       64.52,       36.36,        0.00,        0.00,        0.00,        0.00,        1.00,        4.25,        0.00,        0.00,        1.00,        1.00,        0.00
     2119.00,       64.52,       39.41,        0.00,        0.00,        0.00,        0.00,        1.00,        4.25,        0.00,        0.00,        1.00,        1.00,        0.00
     2120.00,       64.52,       36.05,        0.00,        0.00,        0.00,        0.00,        1.00,        4.25,        0.00,        0.00,        1.00,        1.00,        0.00
     2121.00,       64.52,       33.77,        0.00,        0.00,        0.00,        0.00,        1.00,        4.25,        0.00,        0.00,        1.00,        1.00,        0.00
     2122.00,       64.52,       38.12,        0.00,        0.00,        0.00,        0.00,        1.00,        4.25,        0.00,        0.00,        1.00,        1.00,        0.00
     2123.00,       64.52,       37.54,        0.00,        0.00,        0.00,        0.00,        1.00,        4.25,        0.00,        0.00,        1.00,        1.00,        0.00
     2124.00,       64.52,       37.02,        0.00,        0.00,        0.00,        0.00,        1.00,        4.25,        0.00,        0.00,        1.00,        1.00,        0.00
     2125.00,       64.52,       37.17,        0.00,        0.00,        0.00,        0.00,        1.00,        4.25,        0.00,        0.00,        1.00,        1.00,        0.00
     2126.00,       64.52,       36.24,        0.00,        0.00,        0.00,        0.00,        1.00,        4.25,        0.00,        0.00,        1.00,        1.00,        0.00
     2127.00,       64.52,       37.12,        0.00,        0.00,        0.00,        0.00,        1.00,        4.25,        0.00,        0.00,        1.00,        1.00,        0.00
     2128.00,       64.52,       36.52,        0.00,        0.00,        0.00,        0.00,        1.00,        4.25,        0.00,        0.00,        1.00,        1.00,        0.00
     2129.00,       64.52,       45.35,        0.00,        0.00,        0.00,        0.00,        1.00,        4.25,        0.00,        0.00,        1.00,        1.00,        0.00
     2130.00,       64.52,       41.20,        0.00,        0.00,        0.00,        0.00,        1.00,        4.25,        0.00,        0.00,        1.00,        1.00,        0.00
     2131.00,       64.52,       48.85,        0.00,        0.00,        0.00,        0.00,        1.00,        4.25,        0.00,        0.00,        1.00,        1.00,        0.00
     2132.00,       64.52,       41.91,        0.00,        0.00,        0.00,        0.00,        1.00,        4.25,        0.00,        0.00,        1.00,        1.00,        0.00
     2133.00,       64.52,       37.45,        0.00,        0.00,        0.00,        0.00,        1.00,        4.25,        0.00,        0.00,        1.00,        1.00,        0.00
     2134.00,       64.52,       30.66,        0.00,        0.00,        0.00,        0.00,        1.00,        4.25,        0.00,        0.00,        1.00,        1.00,        0.00
     2135.00,       64.52,       26.50,        0.00,        0.00,        0.00,        0.00,        1.00,        4.25,        0.00,        0.00,        1.00,        1.00,        0.00
     2136.00,       64.52,       19.67,        0.00,        0.00,        0.00,        0.00,        1.00,        4.25,        0.00,        0.00,        1.00,        1.00,        0.00
     2137.00,       64.52,       16.01,        0.00,        0.00,        0.00,        0.00,        1.00,        4.25,        0.00,        0.00,        1.00,        1.00,        0.00
     2138.00,       64.52,       14.60,        0.00,        0.00,        0.00,        0.00,        1.00,        4.25,        0.00,        0.00,        1.00,        1.00,        0.00
     2139.00,       64.52,       21.00,        0.00,        0.00,        0.00,        0.00,        1.00,        4.25,        0.00,        0.00,        1.00,        1.00,        0.00
     2140.00,       64.52,       23.20,        0.00,        0.00,        0.00,        0.00,        1.00,        4.25,        0.00,        0.00,        1.00,        1.00,        0.00
     2141.00,       64.52,       28.88,        0.00,        0.00,        0.00,        0.00,        1.00,        4.25,        0.00,        0.00,        1.00,        1.00,        0.00
     2142.00,       64.52,       36.95,        0.00,        0.00,        0.00,        0.00,        1.00,        4.25,        0.00,        0.00,        1.00,        1.00,        0.00
     2143.00,       64.52,       35.27,        0.00,        0.00,        0.00,        0.00,        1.00,        4.25,        0.00,        0.00,        1.00,        1.00,        0.00
     2144.00,       64.52,       32.38,        0.00,        0.00,        0.00,        0.00,        1.00,        4.25,        0.00,        0.00,        1.00,        1.00,        0.00
     2145.00,       64.52,       43.81,        0.00,        0.00,        0.00,        0.00,        1.00,        4.25,        0.00,        0.00,        1.00,        1.00,        0.00
     2146.00,       64.52,       47.46,        0.00,        0.00,        0.00,        0.00,        1.00,        4.25,        0.00,        0.00,        1.00,        1.00,        0.00
     2147.00,       64.52,       48.44,        0.00,        0.00,        0.00,        0.00,        1.00,        4.25,        0.00,        0.00,        1.00,        1.00,        0.00
     2148.00,       64.52,       46.31,        0.00,        0.00,        0.00,        0.00,        1.00,        4.25,        0.00,        0.00,        1.00,        1.00,        0.00
     2149.00,       64.52,       45.26,        0.00,        0.00,        0.00,        0.00,        1.00,        4.25,        0.00,        0.00,        1.00,        1.00,        0.00
     2150.00,       64.52,       45.78,        0.00,        0.00,        0.00,        0.00,        1.00,        4.25,        0.00,        0.00,        1.00,        1.00,        0.00
     2151.00,       64.52,       45.60,        0.00,        0.00,        0.00,        0.00,        1.00,        4.25,        0.00,        0.00,        1.00,        1.00,        0.00
     2152.00,       64.52,       45.11,        0.00,        0.00,        0.00,        0.00,        1.00,        4.25,        0.00,        0.00,        1.00,        1.00,        0.00
     2153.00,       64.52,       35.03,        0.00,        0.00,        0.00,        0.00,        1.00,        4.25,        0.00,        0.00,        1.00,        1.00,        0.00
     2154.00,       64.52,       38.88,        0.00,        0.00,        0.00,        0.00,        1.00,        4.25,        0.00,        0.00,        1.00,        1.00,        0.00
     2155.00,       64.52,       46.24,        0.00,        0.00,        0.00,        0.00,        1.00,        4.25,        0.00,        0.00,        1.00,        1.00,        0.00
     2156.00,       64.52,       43.81,        0.00,        0.00,        0.00,        0.00,        1.00,        4.25,        0.00,        0.00,        1.00,        1.00,        0.00
     2157.00,       64.52,       40.56,        0.00,        0.00,        0.00,        0.00,        1.00,        4.25,        0.00,        0.00,        1.00,        1.00,        0.00
     2158.00,       64.52,       34.15,        0.00,        0.00,        0.00,        0.00,        1.00,        4.25,        0.00,        0.00,        1.00,        1.00,        0.00
     2159.00,       64.52,       26.88,        0.00,        0.00,        0.00,        0.00,        1.00,        4.25,        0.00,        0.00,        1.00,        1.00,        0.00
     2160.00,       64.52,       28.85,        0.00,        0.00,        0.00,        0.00,        1.00,        4.25,        0.00,        0.00,        1.00,        1.00,        0.00
     2161.00,       64.52,       26.74,        0.00,        0.00,        0.00,        0.00,        1.00,        4.25,        0.00,        0.00,        1.00,        1.00,        0.00
     2162.00,       64.52,       24.52,        0.00,        0.00,        0.00,        0.00,        1.00,        4.25,        0.00,        0.00,        1.00,        1.00,        0.00
     2163.00,       64.52,       23.15,        0.00,        0.00,        0.00,        0.00,        1.00,        4.25,        0.00,        0.00,        1.00,        1.00,        0.00
     2164.00,       64.52,       24.78,        0.00,        0.00,        0.00,        0.00,        1.00,        4.25,        0.00,        0.00,        1.00,        1.00,        0.00
     2165.00,       64.52,       31.23,        0.00,        0.00,        0.00,        0.00,        1.00,        4.25,        0.00,        0.00,        1.00,        1.00,        0.00
     2166.00,       64.52,       40.63,        0.00,        0.00,        0.00,        0.00,        1.00,        4.25,        0.00,        0.00,        1.00,        1.00,        0.00
     2167.00,       64.52,       39.44,        0.00,        0.00,        0.00,        0.00,        1.00,        4.25,        0.00,        0.00,        1.00,        1.00,        0.00
     2168.00,       64.52,       38.98,        0.00,        0.00,        0.00,        0.00,        1.00,        4.25,        0.00,        0.00,        1.00,        1.00,        0.00
     2169.00,       64.52,       37.40,        0.00,        0.00,        0.00,        0.00,        1.00,        4.25,        0.00,        0.00,        1.00,        1.00,        0.00
     2170.00,       64.52,       39.02,        0.00,        0.00,        0.00,        0.00,        1.00,        4.25,        0.00,        0.00,        1.00,        1.00,        0.00
     2171.00,       64.52,       37.29,        0.00,        0.00,        0.00,        0.00,        1.00,        4.25,        0.00,        0.00,        1.00,        1.00,        0.00
     2172.00,       64.52,       38.65,        0.00,        0.00,        0.00,        0.00,        1.00,        4.25,        0.00,        0.00,        1.00,        1.00,        0.00
     2173.00,       64.52,       37.67,        0.00,        0.00,        0.00,        0.00,        1.00,        4.25,        0.00,        0.00,        1.00,        1.00,        0.00
     2174.00,       64.52,       36.72,        0.00,        0.00,        0.00,        0.00,        1.00,        4.25,        0.00,        0.00,        1.00,        1.00,        0.00
     2175.00,       64.52,       34.09,        0.00,        0.00,        0.00,        0.00,        1.00,        4.25,        0.00,        0.00,        1.00,        1.00,        0.00
     2176.00,       64.52,       31.87,        0.00,        0.00,        0.00,        0.00,        1.00,        4.25,        0.00,        0.00,        1.00,        1.00,        0.00
     2177.00,       64.52,       32.25,        0.00,        0.00,        0.00,        0.00,        1.00,        4.25,        0.00,        0.00,        1.00,        1.00,        0.00
     2178.00,       64.52,       37.39,        0.00,        0.00,        0.00,        0.00,        1.00,        4.25,        0.00,        0.00,        1.00,        1.00,        0.00
     2179.00,       64.52,       45.09,        0.00,        0.00,        0.00,        0.00,        1.00,        4.25,        0.00,        0.00,        1.00,        1.00,        0.00
     2180.00,       64.52,       43.95,        0.00,        0.00,        0.00,        0.00,        1.00,        4.25,        0.00,        0.00,        1.00,        1.00,        0.00
     2181.00,       64.52,       40.98,        0.00,        0.00,        0.00,        0.00,        1.00,        4.25,        0.00,        0.00,        1.00,        1.00,        0.00
     2182.00,       64.52,       34.78,        0.00,        0.00,        0.00,        0.00,        1.00,        4.25,        0.00,        0.00,        1.00,        1.00,        0.00
     2183.00,       64.52,       28.87,        0.00,        0.00,        0.00,        0.00,        1.00,        4.25,        0.00,        0.00,        1.00,        1.00,        0.00
     2184.00,       64.52,       25.04,        0.00,        0.00,        0.00,        0.00,        1.00,        4.25,        0.00,        0.00,        1.00,        1.00,        0.00
     2185.00,       64.52,       22.82,        0.00,        0.00,        0.00,        0.00,        1.00,        4.25,        0.00,        0.00,        1.00,        1.00,        0.00
     2186.00,       64.52,       21.23,        0.00,        0.00,        0.00,        0.00,        1.00,        4.25,        0.00,        0.00,        1.00,        1.00,        0.00
     2187.00,       64.52,       20.03,        0.00,        0.00,        0.00,        0.00,        1.00,        4.25,        0.00,        0.00,        1.00,        1.00,        0.00
     2188.00,       64.52,       21.91,        0.00,        0.00,        0.00,        0.00,        1.00,        4.25,        0.00,        0.00,        1.00,        1.00,        0.00
     2189.00,       64.52,       27.75,        0.00,        0.00,        0.00,        0.00,        1.00,        4.25,        0.00,        0.00,        1.00,        1.00,        0.00
     2190.00,       64.52,       35.90,        0.00,        0.00,        0.00,        0.00,        1.00,        4.25,        0.00,        0.00,        1.00,        1.00,        0.00
     2191.00,       64.52,       34.86,        0.00,        0.00,        0.00,        0.00,        1.00,        4.25,        0.00,        0.00,        1.00,        1.00,        0.00
     2192.00,       64.52,       30.98,        0.00,        0.00,        0.00,        0.00,        1.00,        4.25,        0.00,        0.00,        1.00,        1.00,        0.00
     2193.00,       64.52,       27.68,        0.00,        0.00,        0.00,        0.00,        1.00,        4.25,        0.00,        0.00,        1.00,        1.00,        0.00
     2194.00,       64.52,       26.55,        0.00,        0.00,        0.00,        0.00,        1.00,        4.25,        0.00,        0.00,        1.00,        1.00,        0.00
     2195.00,       64.52,       27.32,        0.00,        0.00,        0.00,        0.00,        1.00,        4.25,        0.00,        0.00,        1.00,        1.00,        0.00
     2196.00,       64.52,       24.10,        0.00,        0.00,        0.00,        0.00,        1.00,        4.25,        0.00,        0.00,        1.00,        1.00,        0.00
     2197.00,       64.52,       23.56,        0.00,        0.00,        0.00,        0.00,        1.00,        4.25,        0.00,        0.00,        1.00,        1.00,        0.00
     2198.00,       64.52,       24.12,        0.00,        0.00,        0.00,        0.00,        1.00,        4.25,        0.00,        0.00,        1.00,        1.00,        0.00
     2199.00,       64.52,       24.42,        0.00,        0.00,        0.00,        0.00,        1.00,        4.25,        0.00,        0.00,        1.00,        1.00,        0.00
     2200.00,       64.52,       25.12,        0.00,        0.00,        0.00,        0.00,        1.00,        4.25,        0.00,        0.00,        1.00,        1.00,        0.00
     2201.00,       64.52,       29.35,        0.00,        0.00,        0.00,        0.00,        1.00,        4.25,        0.00,        0.00,        1.00,        1.00,        0.00
     2202.00,       64.52,       35.16,        0.00,        0.00,        0.00,        0.00,        1.00,        4.25,        0.00,        0.00,        1.00,        1.00,        0.00
     2203.00,       64.52,       43.43,        0.00,        0.00,        0.00,        0.00,        1.00,        4.25,        0.00,        0.00,        1.00,        1.00,        0.00
     2204.00,       64.52,       45.00,        0.00,        0.00,        0.00,        0.00,        1.00,        4.25,        0.00,        0.00,        1.00,        1.00,        0.00
     2205.00,       64.52,       39.55,        0.00,        0.00,        0.00,        0.00,        1.00,        4.25,        0.00,        0.00,        1.00,        1.00,        0.00
     2206.00,       64.52,       33.56,        0.00,        0.00,        0.00,        0.00,        1.00,        4.25,        0.00,        0.00,        1.00,        1.00,        0.00
     2207.00,       64.52,       29.32,        0.00,        0.00,        0.00,        0.00,        1.00,        4.25,        0.00,        0.00,        1.00,        1.00,        0.00
     2208.00,       64.52,       27.00,        0.00,        0.00,        0.00,        0.00,        1.00,        4.25,        0.00,        0.00,        1.00,        1.00,        0.00
     2209.00,       64.52,       24.44,        0.00,        0.00,        0.00,        0.00,        1.00,        4.25,        0.00,        0.00,        1.00,        1.00,        0.00
     2210.00,       64.52,       23.33,        0.00,        0.00,        0.00,        0.00,        1.00,        4.25,        0.00,        0.00,        1.00,        1.00,        0.00
     2211.00,       64.52,       22.45,        0.00,        0.00,        0.00,        0.00,        1.00,        4.25,        0.00,        0.00,        1.00,        1.00,        0.00
     2212.00,       64.52,       25.34,        0.00,        0.00,        0.00,        0.00,        1.00,        4.25,        0.00,        0.00,        1.00,        1.00,        0.00
     2213.00,       64.52,       29.14,        0.00,        0.00,        0.00,        0.00,        1.00,        4.25,        0.00,        0.00,        1.00,        1.00,        0.00
     2214.00,       64.52,       36.95,        0.00,        0.00,        0.00,        0.00,        1.00,        4.25,        0.00,        0.00,        1.00,        1.00,        0.00
     2215.00,       64.52,       38.43,        0.00,        0.00,        0.00,        0.00,        1.00,        4.25,        0.00,        0.00,        1.00,        1.00,        0.00
     2216.00,       64.52,       36.75,        0.00,        0.00,        0.00,        0.00,        1.00,        4.25,        0.00,        0.00,        1.00,        1.00,        0.00
     2217.00,       64.52,       34.07,        0.00,        0.00,        0.00,        0.00,        1.00,        4.25,        0.00,        0.00,        1.00,        1.00,        0.00
     2218.00,       64.52,       30.67,        0.00,        0.00,        0.00,        0.00,        1.00,        4.25,        0.00,        0.00,        1.00,        1.00,        0.00
     2219.00,       64.52,       31.25,        0.00,        0.00,        0.00,        0.00,        1.00,        4.25,        0.00,        0.00,        1.00,        1.00,        0.00
     2220.00,       64.52,       26.18,        0.00,        0.00,        0.00,        0.00,        1.00,        4.25,        0.00,        0.00,        1.00,        1.00,        0.00
     2221.00,       64.52,       25.56,        0.00,        0.00,        0.00,        0.00,        1.00,        4.25,        0.00,        0.00,        1.00,        1.00,        0.00
     2222.00,       64.52,       26.14,        0.00,        0.00,        0.00,        0.00,        1.00,        4.25,        0.00,        0.00,        1.00,        1.00,        0.00
     2223.00,       64.52,       25.80,        0.00,        0.00,        0.00,        0.00,        1.00,        4.25,        0.00,        0.00,        1.00,        1.00,        0.00
     2224.00,       64.52,       31.24,        0.00,        0.00,        0.00,        0.00,        1.00,        4.25,        0.00,        0.00,        1.00,        1.00,        0.00
     2225.00,       64.52,       32.89,        0.00,        0.00,        0.00,        0.00,        1.00,        4.25,        0.00,        0.00,        1.00,        1.00,        0.00
     2226.00,       64.52,       36.01,        0.00,        0.00,        0.00,        0.00,        1.00,        4.25,        0.00,        0.00,        1.00,        1.00,        0.00
     2227.00,       64.52,       40.79,        0.00,        0.00,        0.00,        0.00,        1.00,        4.25,        0.00,        0.00,        1.00,        1.00,        0.00
     2228.00,       64.52,       42.51,        0.00,        0.00,        0.00,        0.00,        1.00,        4.25,        0.00,        0.00,        1.00,        1.00,        0.00
     2229.00,       64.52,       36.30,        0.00,        0.00,        0.00,        0.00,        1.00,        4.25,        0.00,        0.00,        1.00,        1.00,        0.00
     2230.00,       64.52,       32.65,        0.00,        0.00,        0.00,        0.00,        1.00,        4.25,        0.00,        0.00,        1.00,        1.00,        0.00
     2231.00,       64.52,       29.07,        0.00,        0.00,        0.00,        0.00,        1.00,        4.25,        0.00,        0.00,        1.00,        1.00,        0.00
     2232.00,       64.52,       25.72,        0.00,        0.00,        0.00,        0.00,        1.00,        4.25,        0.00,        0.00,        1.00,        1.00,        0.00
     2233.00,       64.52,       25.18,        0.00,        0.00,        0.00,        0.00,        1.00,        4.25,        0.00,        0.00,        1.00,        1.00,        0.00
     2234.00,       64.52,       24.33,        0.00,        0.00,        0.00,        0.00,        1.00,        4.25,        0.00,        0.00,        1.00,        1.00,        0.00
     2235.00,       64.52,       22.63,        0.00,        0.00,        0.00,        0.00,        1.00,        4.25,        0.00,        0.00,        1.00,        1.00,        0.00
     2236.00,       64.52,       23.87,        0.00,        0.00,        0.00,        0.00,        1.00,        4.25,        0.00,        0.00,        1.00,        1.00,        0.00
     2237.00,       64.52,       26.77,        0.00,        0.00,        0.00,        0.00,        1.00,        4.25,        0.00,        0.00,        1.00,        1.00,        0.00
     2238.00,       64.52,       27.27,        0.00,        0.00,        0.00,        0.00,        1.00,        4.25,        0.00,        0.00,        1.00,        1.00,        0.00
     2239.00,       64.52,       26.17,        0.00,        0.00,        0.00,        0.00,        1.00,        4.25,        0.00,        0.00,        1.00,        1.00,        0.00
     2240.00,       64.52,       23.61,        0.00,        0.00,        0.00,        0.00,        1.00,        4.25,        0.00,        0.00,        1.00,        1.00,        0.00
     2241.00,       64.52,       27.60,        0.00,        0.00,        0.00,        0.00,        1.00,        4.25,        0.00,        0.00,        1.00,        1.00,        0.00
     2242.00,       64.52,       26.26,        0.00,        0.00,        0.00,        0.00,        1.00,        4.25,        0.00,        0.00,        1.00,        1.00,        0.00
     2243.00,       64.52,       25.96,        0.00,        0.00,        0.00,        0.00,        1.00,        4.25,        0.00,        0.00,        1.00,        1.00,        0.00
     2244.00,       64.52,       24.29,        0.00,        0.00,        0.00,        0.00,        1.00,        4.25,        0.00,        0.00,        1.00,        1.00,        0.00
     2245.00,       64.52,       25.39,        0.00,        0.00,        0.00,        0.00,        1.00,        4.25,        0.00,        0.00,        1.00,        1.00,        0.00
     2246.00,       64.52,       23.88,        0.00,        0.00,        0.00,        0.00,        1.00,        4.25,        0.00,        0.00,        1.00,        1.00,        0.00
     2247.00,       64.52,       23.01,        0.00,        0.00,        0.00,        0.00,        1.00,        4.25,        0.00,        0.00,        1.00,        1.00,        0.00
     2248.00,       64.52,       23.22,        0.00,        0.00,        0.00,        0.00,        1.00,        4.25,        0.00,        0.00,        1.00,        1.00,        0.00
     2249.00,       64.52,       24.56,        0.00,        0.00,        0.00,        0.00,        1.00,        4.25,        0.00,        0.00,        1.00,        1.00,        0.00
     2250.00,       64.52,       31.98,        0.00,        0.00,        0.00,        0.00,        1.00,        4.25,        0.00,        0.00,        1.00,        1.00,        0.00
     2251.00,       64.52,       37.89,        0.00,        0.00,        0.00,        0.00,        1.00,        4.25,        0.00,        0.00,        1.00,        1.00,        0.00
     2252.00,       64.52,       39.25,        0.00,        0.00,        0.00,        0.00,        1.00,        4.25,        0.00,        0.00,        1.00,        1.00,        0.00
     2253.00,       64.52,       35.71,        0.00,        0.00,        0.00,        0.00,        1.00,        4.25,        0.00,        0.00,        1.00,        1.00,        0.00
     2254.00,       64.52,       32.55,        0.00,        0.00,        0.00,        0.00,        1.00,        4.25,        0.00,        0.00,        1.00,        1.00,        0.00
     2255.00,       64.52,       26.48,        0.00,        0.00,        0.00,        0.00,        1.00,        4.25,        0.00,        0.00,        1.00,        1.00,        0.00
     2256.00,       64.52,       26.00,        0.00,        0.00,        0.00,        0.00,        1.00,        4.25,        0.00,        0.00,        1.00,        1.00,        0.00
     2257.00,       64.52,       24.56,        0.00,        0.00,        0.00,        0.00,        1.00,        4.25,        0.00,        0.00,        1.00,        1.00,        0.00
     2258.00,       64.52,       23.41,        0.00,        0.00,        0.00,        0.00,        1.00,        4.25,        0.00,        0.00,        1.00,        1.00,        0.00
     2259.00,       64.52,       22.37,        0.00,        0.00,        0.00,        0.00,        1.00,        4.25,        0.00,        0.00,        1.00,        1.00,        0.00
     2260.00,       64.52,       23.07,        0.00,        0.00,        0.00,        0.00,        1.00,        4.25,        0.00,        0.00,        1.00,        1.00,        0.00
     2261.00,       64.52,       25.06,        0.00,        0.00,        0.00,        0.00,        1.00,        4.25,        0.00,        0.00,        1.00,        1.00,        0.00
     2262.00,       64.52,       26.97,        0.00,        0.00,        0.00,        0.00,        1.00,        4.25,        0.00,        0.00,        1.00,        1.00,        0.00
     2263.00,       64.52,       25.53,        0.00,        0.00,        0.00,        0.00,        1.00,        4.25,        0.00,        0.00,        1.00,        1.00,        0.00
     2264.00,       64.52,       23.53,        0.00,        0.00,        0.00,        0.00,        1.00,        4.25,        0.00,        0.00,        1.00,        1.00,        0.00
     2265.00,       64.52,       28.70,        0.00,        0.00,        0.00,        0.00,        1.00,        4.25,        0.00,        0.00,        1.00,        1.00,        0.00
     2266.00,       64.52,       30.51,        0.00,        0.00,        0.00,        0.00,        1.00,        4.25,        0.00,        0.00,        1.00,        1.00,        0.00
     2267.00,       64.52,       29.11,        0.00,        0.00,        0.00,        0.00,        1.00,        4.25,        0.00,        0.00,        1.00,        1.00,        0.00
     2268.00,       64.52,       27.44,        0.00,        0.00,        0.00,        0.00,        1.00,        4.25,        0.00,        0.00,        1.00,        1.00,        0.00
     2269.00,       64.52,       24.61,        0.00,        0.00,        0.00,        0.00,        1.00,        4.25,        0.00,        0.00,        1.00,        1.00,        0.00
     2270.00,       64.52,       25.27,        0.00,        0.00,        0.00,        0.00,        1.00,        4.25,        0.00,        0.00,        1.00,        1.00,        0.00
     2271.00,       64.52,       22.42,        0.00,        0.00,        0.00,        0.00,        1.00,        4.25,        0.00,        0.00,        1.00,        1.00,        0.00
     2272.00,       64.52,       24.50,        0.00,        0.00,        0.00,        0.00,        1.00,        4.25,        0.00,        0.00,        1.00,        1.00,        0.00
     2273.00,       64.52,       24.72,        0.00,        0.00,        0.00,        0.00,        1.00,        4.25,        0.00,        0.00,        1.00,        1.00,        0.00
     2274.00,       64.52,       32.64,        0.00,        0.00,        0.00,        0.00,        1.00,        4.25,        0.00,        0.00,        1.00,        1.00,        0.00
     2275.00,       64.52,       39.10,        0.00,        0.00,        0.00,        0.00,        1.00,        4.25,        0.00,        0.00,        1.00,        1.00,        0.00
     2276.00,       64.52,       41.53,        0.00,        0.00,        0.00,        0.00,        1.00,        4.25,        0.00,        0.00,        1.00,        1.00,        0.00
     2277.00,       64.52,       37.52,        0.00,        0.00,        0.00,        0.00,        1.00,        4.25,        0.00,        0.00,        1.00,        1.00,        0.00
     2278.00,       64.52,       31.49,        0.00,        0.00,        0.00,        0.00,        1.00,        4.25,        0.00,        0.00,        1.00,        1.00,        0.00
     2279.00,       64.52,       28.26,        0.00,        0.00,        0.00,        0.00,        1.00,        4.25,        0.00,        0.00,        1.00,        1.00,        0.00
     2280.00,       64.52,       25.26,        0.00,        0.00,        0.00,        0.00,        1.00,        4.25,        0.00,        0.00,        1.00,        1.00,        0.00
     2281.00,       64.52,       23.18,        0.00,        0.00,        0.00,        0.00,        1.00,        4.25,        0.00,        0.00,        1.00,        1.00,        0.00
     2282.00,       64.52,       22.49,        0.00,        0.00,        0.00,        0.00,        1.00,        4.25,        0.00,        0.00,        1.00,        1.00,        0.00
     2283.00,       64.52,       20.78,        0.00,        0.00,        0.00,        0.00,        1.00,        4.25,        0.00,        0.00,        1.00,        1.00,        0.00
     2284.00,       64.52,       22.72,        0.00,        0.00,        0.00,        0.00,        1.00,        4.25,        0.00,        0.00,        1.00,        1.00,        0.00
     2285.00,       64.52,       28.61,        0.00,        0.00,        0.00,        0.00,        1.00,        4.25,        0.00,        0.00,        1.00,        1.00,        0.00
     2286.00,       64.52,       36.00,        0.00,        0.00,        0.00,        0.00,        1.00,        4.25,        0.00,        0.00,        1.00,        1.00,        0.00
     2287.00,       64.52,       38.90,        0.00,        0.00,        0.00,        0.00,        1.00,        4.25,        0.00,        0.00,        1.00,        1.00,        0.00
     2288.00,       64.52,       34.65,        0.00,        0.00,        0.00,        0.00,        1.00,        4.25,        0.00,        0.00,        1.00,        1.00,        0.00
     2289.00,       64.52,       36.74,        0.00,        0.00,        0.00,        0.00,        1.00,        4.25,        0.00,        0.00,        1.00,        1.00,        0.00
     2290.00,       64.52,       34.77,        0.00,        0.00,        0.00,        0.00,        1.00,        4.25,        0.00,        0.00,        1.00,        1.00,        0.00
     2291.00,       64.52,       35.17,        0.00,        0.00,        0.00,        0.00,        1.00,        4.25,        0.00,        0.00,        1.00,        1.00,        0.00
     2292.00,       64.52,       34.18,        0.00,        0.00,        0.00,        0.00,        1.00,        4.25,        0.00,        0.00,        1.00,        1.00,        0.00
     2293.00,       64.52,       32.37,        0.00,        0.00,        0.00,        0.00,        1.00,        4.25,        0.00,        0.00,        1.00,        1.00,        0.00
     2294.00,       64.52,       29.83,        0.00,        0.00,        0.00,        0.00,        1.00,        4.25,        0.00,        0.00,        1.00,        1.00,        0.00
     2295.00,       64.52,       29.27,        0.00,        0.00,        0.00,        0.00,        1.00,        4.25,        0.00,        0.00,        1.00,        1.00,        0.00
     2296.00,       64.52,       29.51,        0.00,        0.00,        0.00,        0.00,        1.00,        4.25,        0.00,        0.00,        1.00,        1.00,        0.00
     2297.00,       64.52,       30.51,        0.00,        0.00,        0.00,        0.00,        1.00,        4.25,        0.00,        0.00,        1.00,        1.00,        0.00
     2298.00,       64.52,       35.86,        0.00,        0.00,        0.00,        0.00,        1.00,        4.25,        0.00,        0.00,        1.00,        1.00,        0.00
     2299.00,       64.52,       43.89,        0.00,        0.00,        0.00,        0.00,        1.00,        4.25,        0.00,        0.00,        1.00,        1.00,        0.00
     2300.00,       64.52,       48.06,        0.00,        0.00,        0.00,        0.00,        1.00,        4.25,        0.00,        0.00,        1.00,        1.00,        0.00
     2301.00,       64.52,       40.58,        0.00,        0.00,        0.00,        0.00,        1.00,        4.25,        0.00,        0.00,        1.00,        1.00,        0.00
     2302.00,       64.52,       33.76,        0.00,        0.00,        0.00,        0.00,        1.00,        4.25,        0.00,        0.00,        1.00,        1.00,        0.00
     2303.00,       64.52,       30.49,        0.00,        0.00,        0.00,        0.00,        1.00,        4.25,        0.00,        0.00,        1.00,        1.00,        0.00
     2304.00,       64.52,       27.74,        0.00,        0.00,        0.00,        0.00,        1.00,        4.25,        0.00,        0.00,        1.00,        1.00,        0.00
     2305.00,       64.52,       25.10,        0.00,        0.00,        0.00,        0.00,        1.00,        4.25,        0.00,        0.00,        1.00,        1.00,        0.00
     2306.00,       64.52,       23.64,        0.00,        0.00,        0.00,        0.00,        1.00,        4.25,        0.00,        0.00,        1.00,        1.00,        0.00
     2307.00,       64.52,       23.08,        0.00,        0.00,        0.00,        0.00,        1.00,        4.25,        0.00,        0.00,        1.00,        1.00,        0.00
     2308.00,       64.52,       25.02,        0.00,        0.00,        0.00,        0.00,        1.00,        4.25,        0.00,        0.00,        1.00,        1.00,        0.00
     2309.00,       64.52,       30.35,        0.00,        0.00,        0.00,        0.00,        1.00,        4.25,        0.00,        0.00,        1.00,        1.00,        0.00
     2310.00,       64.52,       39.12,        0.00,        0.00,        0.00,        0.00,        1.00,        4.25,        0.00,        0.00,        1.00,        1.00,        0.00
     2311.00,       64.52,       44.03,        0.00,        0.00,        0.00,        0.00,        1.00,        4.25,        0.00,        0.00,        1.00,        1.00,        0.00
     2312.00,       64.52,       44.12,        0.00,        0.00,        0.00,        0.00,        1.00,        4.25,        0.00,        0.00,        1.00,        1.00,        0.00
     2313.00,       64.52,       60.89,        0.00,        0.00,        0.00,        0.00,        1.00,        4.25,        0.00,        0.00,        1.00,        1.00,        0.00
     2314.00,       64.52,       60.87,        0.00,        0.00,        0.00,        0.00,        1.00,        4.25,        0.00,        0.00,        1.00,        1.00,        0.00
     2315.00,       64.52,       49.57,        0.00,        0.00,        0.00,        0.00,        1.00,        4.25,        0.00,        0.00,        1.00,        1.00,        0.00
     2316.00,       64.52,       44.12,        0.00,        0.00,        0.00,        0.00,        1.00,        4.25,        0.00,        0.00,        1.00,        1.00,        0.00
     2317.00,       64.52,       44.01,        0.00,        0.00,        0.00,        0.00,        1.00,        4.25,        0.00,        0.00,        1.00,        1.00,        0.00
     2318.00,       64.52,       39.54,        0.00,        0.00,        0.00,        0.00,        1.00,        4.25,        0.00,        0.00,        1.00,        1.00,        0.00
     2319.00,       64.52,       45.35,        0.00,        0.00,        0.00,        0.00,        1.00,        4.25,        0.00,        0.00,        1.00,        1.00,        0.00
     2320.00,       64.52,       40.91,        0.00,        0.00,        0.00,        0.00,        1.00,        4.25,        0.00,        0.00,        1.00,        1.00,        0.00
     2321.00,       64.52,       41.96,        0.00,        0.00,        0.00,        0.00,        1.00,        4.25,        0.00,        0.00,        1.00,        1.00,        0.00
     2322.00,       64.52,       42.99,        0.00,        0.00,        0.00,        0.00,        1.00,        4.25,        0.00,        0.00,        1.00,        1.00,        0.00
     2323.00,       64.52,       42.43,        0.00,        0.00,        0.00,        0.00,        1.00,        4.25,        0.00,        0.00,        1.00,        1.00,        0.00
     2324.00,       64.52,       43.67,        0.00,        0.00,        0.00,        0.00,        1.00,        4.25,        0.00,        0.00,        1.00,        1.00,        0.00
     2325.00,       64.52,       37.16,        0.00,        0.00,        0.00,        0.00,        1.00,        4.25,        0.00,        0.00,        1.00,        1.00,        0.00
     2326.00,       64.52,       34.35,        0.00,        0.00,        0.00,        0.00,        1.00,        4.25,        0.00,        0.00,        1.00,        1.00,        0.00
     2327.00,       64.52,       30.45,        0.00,        0.00,        0.00,        0.00,        1.00,        4.25,        0.00,        0.00,        1.00,        1.00,        0.00
     2328.00,       64.52,       26.60,        0.00,        0.00,        0.00,        0.00,        1.00,        4.25,        0.00,        0.00,        1.00,        1.00,        0.00
     2329.00,       64.52,       25.58,        0.00,        0.00,        0.00,        0.00,        1.00,        4.25,        0.00,        0.00,        1.00,        1.00,        0.00
     2330.00,       64.52,       24.38,        0.00,        0.00,        0.00,        0.00,        1.00,        4.25,        0.00,        0.00,        1.00,        1.00,        0.00
     2331.00,       64.52,       26.01,        0.00,        0.00,        0.00,        0.00,        1.00,        4.25,        0.00,        0.00,        1.00,        1.00,        0.00
     2332.00,       64.52,       28.24,        0.00,        0.00,        0.00,        0.00,        1.00,        4.25,        0.00,        0.00,        1.00,        1.00,        0.00
     2333.00,       64.52,       32.54,        0.00,        0.00,        0.00,        0.00,        1.00,        4.25,        0.00,        0.00,        1.00,        1.00,        0.00
     2334.00,       64.52,       40.49,        0.00,        0.00,        0.00,        0.00,        1.00,        4.25,        0.00,        0.00,        1.00,        1.00,        0.00
     2335.00,       64.52,       45.77,        0.00,        0.00,        0.00,        0.00,        1.00,        4.25,        0.00,        0.00,        1.00,        1.00,        0.00
     2336.00,       64.52,       44.10,        0.00,        0.00,        0.00,        0.00,        1.00,        4.25,        0.00,        0.00,        1.00,        1.00,        0.00
     2337.00,       64.52,       49.43,        0.00,        0.00,        0.00,        0.00,        1.00,        4.25,        0.00,        0.00,        1.00,        1.00,        0.00
     2338.00,       64.52,       48.86,        0.00,        0.00,        0.00,        0.00,        1.00,        4.25,        0.00,        0.00,        1.00,        1.00,        0.00
     2339.00,       64.52,       49.42,        0.00,        0.00,        0.00,        0.00,        1.00,        4.25,        0.00,        0.00,        1.00,        1.00,        0.00
     2340.00,       64.52,       45.47,        0.00,        0.00,        0.00,        0.00,        1.00,        4.25,        0.00,        0.00,        1.00,        1.00,        0.00
     2341.00,       64.52,       44.23,        0.00,        0.00,        0.00,        0.00,        1.00,        4.25,        0.00,        0.00,        1.00,        1.00,        0.00
     2342.00,       64.52,       39.48,        0.00,        0.00,        0.00,        0.00,        1.00,        4.25,        0.00,        0.00,        1.00,        1.00,        0.00
     2343.00,       64.52,       43.95,        0.00,        0.00,        0.00,        0.00,        1.00,        4.25,        0.00,        0.00,        1.00,        1.00,        0.00
     2344.00,       64.52,       40.52,        0.00,        0.00,        0.00,        0.00,        1.00,        4.25,        0.00,        0.00,        1.00,        1.00,        0.00
     2345.00,       64.52,       37.52,        0.00,        0.00,        0.00,        0.00,        1.00,        4.25,        0.00,        0.00,        1.00,        1.00,        0.00
     2346.00,       64.52,       36.97,        0.00,        0.00,        0.00,        0.00,        1.00,        4.25,        0.00,        0.00,        1.00,        1.00,        0.00
     2347.00,       64.52,       45.57,        0.00,        0.00,        0.00,        0.00,        1.00,        4.25,        0.00,        0.00,        1.00,        1.00,        0.00
     2348.00,       64.52,       47.74,        0.00,        0.00,        0.00,        0.00,        1.00,        4.25,        0.00,        0.00,        1.00,        1.00,        0.00
     2349.00,       64.52,       42.20,        0.00,        0.00,        0.00,        0.00,        1.00,        4.25,        0.00,        0.00,        1.00,        1.00,        0.00
     2350.00,       64.52,       36.21,        0.00,        0.00,        0.00,        0.00,        1.00,        4.25,        0.00,        0.00,        1.00,        1.00,        0.00
     2351.00,       64.52,       32.73,        0.00,        0.00,        0.00,        0.00,        1.00,        4.25,        0.00,        0.00,        1.00,        1.00,        0.00
     2352.00,       64.52,       29.61,        0.00,        0.00,        0.00,        0.00,        1.00,        4.25,        0.00,        0.00,        1.00,        1.00,        0.00
     2353.00,       64.52,       27.15,        0.00,        0.00,        0.00,        0.00,        1.00,        4.25,        0.00,        0.00,        1.00,        1.00,        0.00
     2354.00,       64.52,       26.06,        0.00,        0.00,        0.00,        0.00,        1.00,        4.25,        0.00,        0.00,        1.00,        1.00,        0.00
     2355.00,       64.52,       25.18,        0.00,        0.00,        0.00,        0.00,        1.00,        4.25,        0.00,        0.00,        1.00,        1.00,        0.00
     2356.00,       64.52,       27.62,        0.00,        0.00,        0.00,        0.00,        1.00,        4.25,        0.00,        0.00,        1.00,        1.00,        0.00
     2357.00,       64.52,       34.77,        0.00,        0.00,        0.00,        0.00,        1.00,        4.25,        0.00,        0.00,        1.00,        1.00,        0.00
     2358.00,       64.52,       43.20,        0.00,        0.00,        0.00,        0.00,        1.00,        4.25,        0.00,        0.00,        1.00,        1.00,        0.00
     2359.00,       64.52,       48.37,        0.00,        0.00,        0.00,        0.00,        1.00,        4.25,        0.00,        0.00,        1.00,        1.00,        0.00
     2360.00,       64.52,       42.77,        0.00,        0.00,        0.00,        0.00,        1.00,        4.25,        0.00,        0.00,        1.00,        1.00,        0.00
     2361.00,       64.52,       38.30,        0.00,        0.00,        0.00,        0.00,        1.00,        4.25,        0.00,        0.00,        1.00,        1.00,        0.00
     2362.00,       64.52,       39.44,        0.00,        0.00,        0.00,        0.00,        1.00,        4.25,        0.00,        0.00,        1.00,        1.00,        0.00
     2363.00,       64.52,       40.28,        0.00,        0.00,        0.00,        0.00,        1.00,        4.25,        0.00,        0.00,        1.00,        1.00,        0.00
     2364.00,       64.52,       36.48,        0.00,        0.00,        0.00,        0.00,        1.00,        4.25,        0.00,        0.00,        1.00,        1.00,        0.00
     2365.00,       64.52,       30.91,        0.00,        0.00,        0.00,        0.00,        1.00,        4.25,        0.00,        0.00,        1.00,        1.00,        0.00
     2366.00,       64.52,       31.89,        0.00,        0.00,        0.00,        0.00,        1.00,        4.25,        0.00,        0.00,        1.00,        1.00,        0.00
     2367.00,       64.52,       35.45,        0.00,        0.00,        0.00,        0.00,        1.00,        4.25,        0.00,        0.00,        1.00,        1.00,        0.00
     2368.00,       64.52,       29.70,        0.00,        0.00,        0.00,        0.00,        1.00,        4.25,        0.00,        0.00,        1.00,        1.00,        0.00
     2369.00,       64.52,       31.15,        0.00,        0.00,        0.00,        0.00,        1.00,        4.25,        0.00,        0.00,        1.00,        1.00,        0.00
     2370.00,       64.52,       38.52,        0.00,        0.00,        0.00,        0.00,        1.00,        4.25,        0.00,        0.00,        1.00,        1.00,        0.00
     2371.00,       64.52,       46.41,        0.00,        0.00,        0.00,        0.00,        1.00,        4.25,        0.00,        0.00,        1.00,        1.00,        0.00
     2372.00,       64.52,       46.41,        0.00,        0.00,        0.00,        0.00,        1.00,        4.25,        0.00,        0.00,        1.00,        1.00,        0.00
     2373.00,       64.52,       39.98,        0.00,        0.00,        0.00,        0.00,        1.00,        4.25,        0.00,        0.00,        1.00,        1.00,        0.00
     2374.00,       64.52,       34.87,        0.00,        0.00,        0.00,        0.00,        1.00,        4.25,        0.00,        0.00,        1.00,        1.00,        0.00
     2375.00,       64.52,       31.40,        0.00,        0.00,        0.00,        0.00,        1.00,        4.25,        0.00,        0.00,        1.00,        1.00,        0.00
     2376.00,       64.52,       31.92,        0.00,        0.00,        0.00,        0.00,        1.00,        4.25,        0.00,        0.00,        1.00,        1.00,        0.00
     2377.00,       64.52,       28.12,        0.00,        0.00,        0.00,        0.00,        1.00,        4.25,        0.00,        0.00,        1.00,        1.00,        0.00
     2378.00,       64.52,       26.00,        0.00,        0.00,        0.00,        0.00,        1.00,        4.25,        0.00,        0.00,        1.00,        1.00,        0.00
     2379.00,       64.52,       25.31,        0.00,        0.00,        0.00,        0.00,        1.00,        4.25,        0.00,        0.00,        1.00,        1.00,        0.00
     2380.00,       64.52,       28.66,        0.00,        0.00,        0.00,        0.00,        1.00,        4.25,        0.00,        0.00,        1.00,        1.00,        0.00
     2381.00,       64.52,       40.07,        0.00,        0.00,        0.00,        0.00,        1.00,        4.25,        0.00,        0.00,        1.00,        1.00,        0.00
     2382.00,       64.52,       44.25,        0.00,        0.00,        0.00,        0.00,        1.00,        4.25,        0.00,        0.00,        1.00,        1.00,        0.00
     2383.00,       64.52,       46.13,        0.00,        0.00,        0.00,        0.00,        1.00,        4.25,        0.00,        0.00,        1.00,        1.00,        0.00
     2384.00,       64.52,       42.27,        0.00,        0.00,        0.00,        0.00,        1.00,        4.25,        0.00,        0.00,        1.00,        1.00,        0.00
     2385.00,       64.52,       41.90,        0.00,        0.00,        0.00,        0.00,        1.00,        4.25,        0.00,        0.00,        1.00,        1.00,        0.00
     2386.00,       64.52,       42.27,        0.00,        0.00,        0.00,        0.00,        1.00,        4.25,        0.00,        0.00,        1.00,        1.00,        0.00
     2387.00,       64.52,       38.63,        0.00,        0.00,        0.00,        0.00,        1.00,        4.25,        0.00,        0.00,        1.00,        1.00,        0.00
     2388.00,       64.52,       36.50,        0.00,        0.00,        0.00,        0.00,        1.00,        4.25,        0.00,        0.00,        1.00,        1.00,        0.00
     2389.00,       64.52,       32.93,        0.00,        0.00,        0.00,        0.00,        1.00,        4.25,        0.00,        0.00,        1.00,        1.00,        0.00
     2390.00,       64.52,       32.04,        0.00,        0.00,        0.00,        0.00,        1.00,        4.25,        0.00,        0.00,        1.00,        1.00,        0.00
     2391.00,       64.52,       39.28,        0.00,        0.00,        0.00,        0.00,        1.00,        4.25,        0.00,        0.00,        1.00,        1.00,        0.00
     2392.00,       64.52,       36.85,        0.00,        0.00,        0.00,        0.00,        1.00,        4.25,        0.00,        0.00,        1.00,        1.00,        0.00
     2393.00,       64.52,       30.57,        0.00,        0.00,        0.00,        0.00,        1.00,        4.25,        0.00,        0.00,        1.00,        1.00,        0.00
     2394.00,       64.52,       35.74,        0.00,        0.00,        0.00,        0.00,        1.00,        4.25,        0.00,        0.00,        1.00,        1.00,        0.00
     2395.00,       64.52,       41.90,        0.00,        0.00,        0.00,        0.00,        1.00,        4.25,        0.00,        0.00,        1.00,        1.00,        0.00
     2396.00,       64.52,       43.14,        0.00,        0.00,        0.00,        0.00,        1.00,        4.25,        0.00,        0.00,        1.00,        1.00,        0.00
     2397.00,       64.52,       39.23,        0.00,        0.00,        0.00,        0.00,        1.00,        4.25,        0.00,        0.00,        1.00,        1.00,        0.00
     2398.00,       64.52,       35.63,        0.00,        0.00,        0.00,        0.00,        1.00,        4.25,        0.00,        0.00,        1.00,        1.00,        0.00
     2399.00,       64.52,       33.10,        0.00,        0.00,        0.00,        0.00,        1.00,        4.25,        0.00,        0.00,        1.00,        1.00,        0.00
     2400.00,       64.52,       29.10,        0.00,        0.00,        0.00,        0.00,        1.00,        4.25,        0.00,        0.00,        1.00,        1.00,        0.00
     2401.00,       64.52,       25.93,        0.00,        0.00,        0.00,        0.00,        1.00,        4.25,        0.00,        0.00,        1.00,        1.00,        0.00
     2402.00,       64.52,       25.09,        0.00,        0.00,        0.00,        0.00,        1.00,        4.25,        0.00,        0.00,        1.00,        1.00,        0.00
     2403.00,       64.52,       23.72,        0.00,        0.00,        0.00,        0.00,        1.00,        4.25,        0.00,        0.00,        1.00,        1.00,        0.00
     2404.00,       64.52,       25.04,        0.00,        0.00,        0.00,        0.00,        1.00,        4.25,        0.00,        0.00,        1.00,        1.00,        0.00
     2405.00,       64.52,       28.82,        0.00,        0.00,        0.00,        0.00,        1.00,        4.25,        0.00,        0.00,        1.00,        1.00,        0.00
     2406.00,       64.52,       30.36,        0.00,        0.00,        0.00,        0.00,        1.00,        4.25,        0.00,        0.00,        1.00,        1.00,        0.00
     2407.00,       64.52,       30.78,        0.00,        0.00,        0.00,        0.00,        1.00,        4.25,        0.00,        0.00,        1.00,        1.00,        0.00
     2408.00,       64.52,       32.50,        0.00,        0.00,        0.00,        0.00,        1.00,        4.25,        0.00,        0.00,        1.00,        1.00,        0.00
     2409.00,       64.52,       41.73,        0.00,        0.00,        0.00,        0.00,        1.00,        4.25,        0.00,        0.00,        1.00,        1.00,        0.00
     2410.00,       64.52,       39.75,        0.00,        0.00,        0.00,        0.00,        1.00,        4.25,        0.00,        0.00,        1.00,        1.00,        0.00
     2411.00,       64.52,       41.76,        0.00,        0.00,        0.00,        0.00,        1.00,        4.25,        0.00,        0.00,        1.00,        1.00,        0.00
     2412.00,       64.52,       38.26,        0.00,        0.00,        0.00,        0.00,        1.00,        4.25,        0.00,        0.00,        1.00,        1.00,        0.00
     2413.00,       64.52,       41.77,        0.00,        0.00,        0.00,        0.00,        1.00,        4.25,        0.00,        0.00,        1.00,        1.00,        0.00
     2414.00,       64.52,       42.51,        0.00,        0.00,        0.00,        0.00,        1.00,        4.25,        0.00,        0.00,        1.00,        1.00,        0.00
     2415.00,       64.52,       42.65,        0.00,        0.00,        0.00,        0.00,        1.00,        4.25,        0.00,        0.00,        1.00,        1.00,        0.00
     2416.00,       64.52,       40.95,        0.00,        0.00,        0.00,        0.00,        1.00,        4.25,        0.00,        0.00,        1.00,        1.00,        0.00
     2417.00,       64.52,       39.20,        0.00,        0.00,        0.00,        0.00,        1.00,        4.25,        0.00,        0.00,        1.00,        1.00,        0.00
     2418.00,       64.52,       36.59,        0.00,        0.00,        0.00,        0.00,        1.00,        4.25,        0.00,        0.00,        1.00,        1.00,        0.00
     2419.00,       64.52,       42.19,        0.00,        0.00,        0.00,        0.00,        1.00,        4.25,        0.00,        0.00,        1.00,        1.00,        0.00
     2420.00,       64.52,       42.89,        0.00,        0.00,        0.00,        0.00,        1.00,        4.25,        0.00,        0.00,        1.00,        1.00,        0.00
     2421.00,       64.52,       40.46,        0.00,        0.00,        0.00,        0.00,        1.00,        4.25,        0.00,        0.00,        1.00,        1.00,        0.00
     2422.00,       64.52,       36.26,        0.00,        0.00,        0.00,        0.00,        1.00,        4.25,        0.00,        0.00,        1.00,        1.00,        0.00
     2423.00,       64.52,       31.59,        0.00,        0.00,        0.00,        0.00,        1.00,        4.25,        0.00,        0.00,        1.00,        1.00,        0.00
     2424.00,       64.52,       31.37,        0.00,        0.00,        0.00,        0.00,        1.00,        4.25,        0.00,        0.00,        1.00,        1.00,        0.00
     2425.00,       64.52,       26.99,        0.00,        0.00,        0.00,        0.00,        1.00,        4.25,        0.00,        0.00,        1.00,        1.00,        0.00
     2426.00,       64.52,       31.54,        0.00,        0.00,        0.00,        0.00,        1.00,        4.25,        0.00,        0.00,        1.00,        1.00,        0.00
     2427.00,       64.52,       26.76,        0.00,        0.00,        0.00,        0.00,        1.00,        4.25,        0.00,        0.00,        1.00,        1.00,        0.00
     2428.00,       64.52,       25.96,        0.00,        0.00,        0.00,        0.00,        1.00,        4.25,        0.00,        0.00,        1.00,        1.00,        0.00
     2429.00,       64.52,       28.89,        0.00,        0.00,        0.00,        0.00,        1.00,        4.25,        0.00,        0.00,        1.00,        1.00,        0.00
     2430.00,       64.52,       31.35,        0.00,        0.00,        0.00,        0.00,        1.00,        4.25,        0.00,        0.00,        1.00,        1.00,        0.00
     2431.00,       64.52,       27.26,        0.00,        0.00,        0.00,        0.00,        1.00,        4.25,        0.00,        0.00,        1.00,        1.00,        0.00
     2432.00,       64.52,       32.15,        0.00,        0.00,        0.00,        0.00,        1.00,        4.25,        0.00,        0.00,        1.00,        1.00,        0.00
     2433.00,       64.52,       38.77,        0.00,        0.00,        0.00,        0.00,        1.00,        4.25,        0.00,        0.00,        1.00,        1.00,        0.00
     2434.00,       64.52,       39.26,        0.00,        0.00,        0.00,        0.00,        1.00,        4.25,        0.00,        0.00,        1.00,        1.00,        0.00
     2435.00,       64.52,       47.05,        0.00,        0.00,        0.00,        0.00,        1.00,        4.25,        0.00,        0.00,        1.00,        1.00,        0.00
     2436.00,       64.52,       42.45,        0.00,        0.00,        0.00,        0.00,        1.00,        4.25,        0.00,        0.00,        1.00,        1.00,        0.00
     2437.00,       64.52,       36.76,        0.00,        0.00,        0.00,        0.00,        1.00,        4.25,        0.00,        0.00,        1.00,        1.00,        0.00
     2438.00,       64.52,       35.71,        0.00,        0.00,        0.00,        0.00,        1.00,        4.25,        0.00,        0.00,        1.00,        1.00,        0.00
     2439.00,       64.52,       36.97,        0.00,        0.00,        0.00,        0.00,        1.00,        4.25,        0.00,        0.00,        1.00,        1.00,        0.00
     2440.00,       64.52,       38.87,        0.00,        0.00,        0.00,        0.00,        1.00,        4.25,        0.00,        0.00,        1.00,        1.00,        0.00
     2441.00,       64.52,       35.73,        0.00,        0.00,        0.00,        0.00,        1.00,        4.25,        0.00,        0.00,        1.00,        1.00,        0.00
     2442.00,       64.52,       38.34,        0.00,        0.00,        0.00,        0.00,        1.00,        4.25,        0.00,        0.00,        1.00,        1.00,        0.00
     2443.00,       64.52,       42.83,        0.00,        0.00,        0.00,        0.00,        1.00,        4.25,        0.00,        0.00,        1.00,        1.00,        0.00
     2444.00,       64.52,       44.68,        0.00,        0.00,        0.00,        0.00,        1.00,        4.25,        0.00,        0.00,        1.00,        1.00,        0.00
     2445.00,       64.52,       41.21,        0.00,        0.00,        0.00,        0.00,        1.00,        4.25,        0.00,        0.00,        1.00,        1.00,        0.00
     2446.00,       64.52,       36.79,        0.00,        0.00,        0.00,        0.00,        1.00,        4.25,        0.00,        0.00,        1.00,        1.00,        0.00
     2447.00,       64.52,       30.89,        0.00,        0.00,        0.00,        0.00,        1.00,        4.25,        0.00,        0.00,        1.00,        1.00,        0.00
     2448.00,       64.52,       27.26,        0.00,        0.00,        0.00,        0.00,        1.00,        4.25,        0.00,        0.00,        1.00,        1.00,        0.00
     2449.00,       64.52,       23.90,        0.00,        0.00,        0.00,        0.00,        1.00,        4.25,        0.00,        0.00,        1.00,        1.00,        0.00
     2450.00,       64.52,       23.85,        0.00,        0.00,        0.00,        0.00,        1.00,        4.25,        0.00,        0.00,        1.00,        1.00,        0.00
     2451.00,       64.52,       23.53,        0.00,        0.00,        0.00,        0.00,        1.00,        4.25,        0.00,        0.00,        1.00,        1.00,        0.00
     2452.00,       64.52,       27.88,        0.00,        0.00,        0.00,        0.00,        1.00,        4.25,        0.00,        0.00,        1.00,        1.00,        0.00
     2453.00,       64.52,       35.63,        0.00,        0.00,        0.00,        0.00,        1.00,        4.25,        0.00,        0.00,        1.00,        1.00,        0.00
     2454.00,       64.52,       41.69,        0.00,        0.00,        0.00,        0.00,        1.00,        4.25,        0.00,        0.00,        1.00,        1.00,        0.00
     2455.00,       64.52,       40.78,        0.00,        0.00,        0.00,        0.00,        1.00,        4.25,        0.00,        0.00,        1.00,        1.00,        0.00
     2456.00,       64.52,       39.52,        0.00,        0.00,        0.00,        0.00,        1.00,        4.25,        0.00,        0.00,        1.00,        1.00,        0.00
     2457.00,       64.52,       35.77,        0.00,        0.00,        0.00,        0.00,        1.00,        4.25,        0.00,        0.00,        1.00,        1.00,        0.00
     2458.00,       64.52,       37.91,        0.00,        0.00,        0.00,        0.00,        1.00,        4.25,        0.00,        0.00,        1.00,        1.00,        0.00
     2459.00,       64.52,       37.36,        0.00,        0.00,        0.00,        0.00,        1.00,        4.25,        0.00,        0.00,        1.00,        1.00,        0.00
     2460.00,       64.52,       35.69,        0.00,        0.00,        0.00,        0.00,        1.00,        4.25,        0.00,        0.00,        1.00,        1.00,        0.00
     2461.00,       64.52,       33.85,        0.00,        0.00,        0.00,        0.00,        1.00,        4.25,        0.00,        0.00,        1.00,        1.00,        0.00
     2462.00,       64.52,       36.08,        0.00,        0.00,        0.00,        0.00,        1.00,        4.25,        0.00,        0.00,        1.00,        1.00,        0.00
     2463.00,       64.52,       33.72,        0.00,        0.00,        0.00,        0.00,        1.00,        4.25,        0.00,        0.00,        1.00,        1.00,        0.00
     2464.00,       64.52,       29.04,        0.00,        0.00,        0.00,        0.00,        1.00,        4.25,        0.00,        0.00,        1.00,        1.00,        0.00
     2465.00,       64.52,       32.42,        0.00,        0.00,        0.00,        0.00,        1.00,        4.25,        0.00,        0.00,        1.00,        1.00,        0.00
     2466.00,       64.52,       35.84,        0.00,        0.00,        0.00,        0.00,        1.00,        4.25,        0.00,        0.00,        1.00,        1.00,        0.00
     2467.00,       64.52,       40.92,        0.00,        0.00,        0.00,        0.00,        1.00,        4.25,        0.00,        0.00,        1.00,        1.00,        0.00
     2468.00,       64.52,       43.29,        0.00,        0.00,        0.00,        0.00,        1.00,        4.25,        0.00,        0.00,        1.00,        1.00,        0.00
     2469.00,       64.52,       38.87,        0.00,        0.00,        0.00,        0.00,        1.00,        4.25,        0.00,        0.00,        1.00,        1.00,        0.00
     2470.00,       64.52,       33.73,        0.00,        0.00,        0.00,        0.00,        1.00,        4.25,        0.00,        0.00,        1.00,        1.00,        0.00
     2471.00,       64.52,       28.99,        0.00,        0.00,        0.00,        0.00,        1.00,        4.25,        0.00,        0.00,        1.00,        1.00,        0.00
     2472.00,       64.52,       26.19,        0.00,        0.00,        0.00,        0.00,        1.00,        4.25,        0.00,        0.00,        1.00,        1.00,        0.00
     2473.00,       64.52,       24.24,        0.00,        0.00,        0.00,        0.00,        1.00,        4.25,        0.00,        0.00,        1.00,        1.00,        0.00
     2474.00,       64.52,       23.84,        0.00,        0.00,        0.00,        0.00,        1.00,        4.25,        0.00,        0.00,        1.00,        1.00,        0.00
     2475.00,       64.52,       22.40,        0.00,        0.00,        0.00,        0.00,        1.00,        4.25,        0.00,        0.00,        1.00,        1.00,        0.00
     2476.00,       64.52,       24.29,        0.00,        0.00,        0.00,        0.00,        1.00,        4.25,        0.00,        0.00,        1.00,        1.00,        0.00
     2477.00,       64.52,       29.36,        0.00,        0.00,        0.00,        0.00,        1.00,        4.25,        0.00,        0.00,        1.00,        1.00,        0.00
     2478.00,       64.52,       39.61,        0.00,        0.00,        0.00,        0.00,        1.00,        4.25,        0.00,        0.00,        1.00,        1.00,        0.00
     2479.00,       64.52,       39.97,        0.00,        0.00,        0.00,        0.00,        1.00,        4.25,        0.00,        0.00,        1.00,        1.00,        0.00
     2480.00,       64.52,       39.31,        0.00,        0.00,        0.00,        0.00,        1.00,        4.25,        0.00,        0.00,        1.00,        1.00,        0.00
     2481.00,       64.52,       46.92,        0.00,        0.00,        0.00,        0.00,        1.00,        4.25,        0.00,        0.00,        1.00,        1.00,        0.00
     2482.00,       64.52,       51.32,        0.00,        0.00,        0.00,        0.00,        1.00,        4.25,        0.00,        0.00,        1.00,        1.00,        0.00
     2483.00,       64.52,       50.89,        0.00,        0.00,        0.00,        0.00,        1.00,        4.25,        0.00,        0.00,        1.00,        1.00,        0.00
     2484.00,       64.52,       49.98,        0.00,        0.00,        0.00,        0.00,        1.00,        4.25,        0.00,        0.00,        1.00,        1.00,        0.00
     2485.00,       64.52,       46.85,        0.00,        0.00,        0.00,        0.00,        1.00,        4.25,        0.00,        0.00,        1.00,        1.00,        0.00
     2486.00,       64.52,       45.03,        0.00,        0.00,        0.00,        0.00,        1.00,        4.25,        0.00,        0.00,        1.00,        1.00,        0.00
     2487.00,       64.52,       46.54,        0.00,        0.00,        0.00,        0.00,        1.00,        4.25,        0.00,        0.00,        1.00,        1.00,        0.00
     2488.00,       64.52,       42.70,        0.00,        0.00,        0.00,        0.00,        1.00,        4.25,        0.00,        0.00,        1.00,        1.00,        0.00
     2489.00,       64.52,       38.49,        0.00,        0.00,        0.00,        0.00,        1.00,        4.25,        0.00,        0.00,        1.00,        1.00,        0.00
     2490.00,       64.52,       38.22,        0.00,        0.00,        0.00,        0.00,        1.00,        4.25,        0.00,        0.00,        1.00,        1.00,        0.00
     2491.00,       64.52,       42.44,        0.00,        0.00,        0.00,        0.00,        1.00,        4.25,        0.00,        0.00,        1.00,        1.00,        0.00
     2492.00,       64.52,       45.25,        0.00,        0.00,        0.00,        0.00,        1.00,        4.25,        0.00,        0.00,        1.00,        1.00,        0.00
     2493.00,       64.52,       40.57,        0.00,        0.00,        0.00,        0.00,        1.00,        4.25,        0.00,        0.00,        1.00,        1.00,        0.00
     2494.00,       64.52,       37.46,        0.00,        0.00,        0.00,        0.00,        1.00,        4.25,        0.00,        0.00,        1.00,        1.00,        0.00
     2495.00,       64.52,       33.45,        0.00,        0.00,        0.00,        0.00,        1.00,        4.25,        0.00,        0.00,        1.00,        1.00,        0.00
     2496.00,       64.52,       28.18,        0.00,        0.00,        0.00,        0.00,        1.00,        4.25,        0.00,        0.00,        1.00,        1.00,        0.00
     2497.00,       64.52,       26.62,        0.00,        0.00,        0.00,        0.00,        1.00,        4.25,        0.00,        0.00,        1.00,        1.00,        0.00
     2498.00,       64.52,       25.45,        0.00,        0.00,        0.00,        0.00,        1.00,        4.25,        0.00,        0.00,        1.00,        1.00,        0.00
     2499.00,       64.52,       24.33,        0.00,        0.00,        0.00,        0.00,        1.00,        4.25,        0.00,        0.00,        1.00,        1.00,        0.00
     2500.00,       64.52,       26.96,        0.00,        0.00,        0.00,        0.00,        1.00,        4.25,        0.00,        0.00,        1.00,        1.00,        0.00
     2501.00,       64.52,       34.01,        0.00,        0.00,        0.00,        0.00,        1.00,        4.25,        0.00,        0.00,        1.00,        1.00,        0.00
     2502.00,       64.52,       41.00,        0.00,        0.00,        0.00,        0.00,        1.00,        4.25,        0.00,        0.00,        1.00,        1.00,        0.00
     2503.00,       64.52,       39.58,        0.00,        0.00,        0.00,        0.00,        1.00,        4.25,        0.00,        0.00,        1.00,        1.00,        0.00
     2504.00,       64.52,       38.61,        0.00,        0.00,        0.00,        0.00,        1.00,        4.25,        0.00,        0.00,        1.00,        1.00,        0.00
     2505.00,       64.52,       39.24,        0.00,        0.00,        0.00,        0.00,        1.00,        4.25,        0.00,        0.00,        1.00,        1.00,        0.00
     2506.00,       64.52,       39.81,        0.00,        0.00,        0.00,        0.00,        1.00,        4.25,        0.00,        0.00,        1.00,        1.00,        0.00
     2507.00,       64.52,       39.74,        0.00,        0.00,        0.00,        0.00,        1.00,        4.25,        0.00,        0.00,        1.00,        1.00,        0.00
     2508.00,       64.52,       39.29,        0.00,        0.00,        0.00,        0.00,        1.00,        4.25,        0.00,        0.00,        1.00,        1.00,        0.00
     2509.00,       64.52,       34.55,        0.00,        0.00,        0.00,        0.00,        1.00,        4.25,        0.00,        0.00,        1.00,        1.00,        0.00
     2510.00,       64.52,       33.98,        0.00,        0.00,        0.00,        0.00,        1.00,        4.25,        0.00,        0.00,        1.00,        1.00,        0.00
     2511.00,       64.52,       35.88,        0.00,        0.00,        0.00,        0.00,        1.00,        4.25,        0.00,        0.00,        1.00,        1.00,        0.00
     2512.00,       64.52,       34.36,        0.00,        0.00,        0.00,        0.00,        1.00,        4.25,        0.00,        0.00,        1.00,        1.00,        0.00
     2513.00,       64.52,       35.76,        0.00,        0.00,        0.00,        0.00,        1.00,        4.25,        0.00,        0.00,        1.00,        1.00,        0.00
     2514.00,       64.52,       40.79,        0.00,        0.00,        0.00,        0.00,        1.00,        4.25,        0.00,        0.00,        1.00,        1.00,        0.00
     2515.00,       64.52,       59.78,        0.00,        0.00,        0.00,        0.00,        1.00,        4.25,        0.00,        0.00,        1.00,        1.00,        0.00
     2516.00,       64.52,       50.90,        0.00,        0.00,        0.00,        0.00,        1.00,        4.25,        0.00,        0.00,        1.00,        1.00,        0.00
     2517.00,       64.52,       41.57,        0.00,        0.00,        0.00,        0.00,        1.00,        4.25,        0.00,        0.00,        1.00,        1.00,        0.00
     2518.00,       64.52,       37.38,        0.00,        0.00,        0.00,        0.00,        1.00,        4.25,        0.00,        0.00,        1.00,        1.00,        0.00
     2519.00,       64.52,       32.97,        0.00,        0.00,        0.00,        0.00,        1.00,        4.25,        0.00,        0.00,        1.00,        1.00,        0.00
     2520.00,       64.52,       28.66,        0.00,        0.00,        0.00,        0.00,        1.00,        4.25,        0.00,        0.00,        1.00,        1.00,        0.00
     2521.00,       64.52,       26.73,        0.00,        0.00,        0.00,        0.00,        1.00,        4.25,        0.00,        0.00,        1.00,        1.00,        0.00
     2522.00,       64.52,       25.15,        0.00,        0.00,        0.00,        0.00,        1.00,        4.25,        0.00,        0.00,        1.00,        1.00,        0.00
     2523.00,       64.52,       24.68,        0.00,        0.00,        0.00,        0.00,        1.00,        4.25,        0.00,        0.00,        1.00,        1.00,        0.00
     2524.00,       64.52,       27.14,        0.00,        0.00,        0.00,        0.00,        1.00,        4.25,        0.00,        0.00,        1.00,        1.00,        0.00
     2525.00,       64.52,       35.59,        0.00,        0.00,        0.00,        0.00,        1.00,        4.25,        0.00,        0.00,        1.00,        1.00,        0.00
     2526.00,       64.52,       44.82,        0.00,        0.00,        0.00,        0.00,        1.00,        4.25,        0.00,        0.00,        1.00,        1.00,        0.00
     2527.00,       64.52,       47.95,        0.00,        0.00,        0.00,        0.00,        1.00,        4.25,        0.00,        0.00,        1.00,        1.00,        0.00
     2528.00,       64.52,       36.73,        0.00,        0.00,        0.00,        0.00,        1.00,        4.25,        0.00,        0.00,        1.00,        1.00,        0.00
     2529.00,       64.52,       36.21,        0.00,        0.00,        0.00,        0.00,        1.00,        4.25,        0.00,        0.00,        1.00,        1.00,        0.00
     2530.00,       64.52,       40.53,        0.00,        0.00,        0.00,        0.00,        1.00,        4.25,        0.00,        0.00,        1.00,        1.00,        0.00
     2531.00,       64.52,       38.38,        0.00,        0.00,        0.00,        0.00,        1.00,        4.25,        0.00,        0.00,        1.00,        1.00,        0.00
     2532.00,       64.52,       43.73,        0.00,        0.00,        0.00,        0.00,        1.00,        4.25,        0.00,        0.00,        1.00,        1.00,        0.00
     2533.00,       64.52,       37.02,        0.00,        0.00,        0.00,        0.00,        1.00,        4.25,        0.00,        0.00,        1.00,        1.00,        0.00
     2534.00,       64.52,       38.35,        0.00,        0.00,        0.00,        0.00,        1.00,        4.25,        0.00,        0.00,        1.00,        1.00,        0.00
     2535.00,       64.52,       38.28,        0.00,        0.00,        0.00,        0.00,        1.00,        4.25,        0.00,        0.00,        1.00,        1.00,        0.00
     2536.00,       64.52,       42.84,        0.00,        0.00,        0.00,        0.00,        1.00,        4.25,        0.00,        0.00,        1.00,        1.00,        0.00
     2537.00,       64.52,       46.41,        0.00,        0.00,        0.00,        0.00,        1.00,        4.25,        0.00,        0.00,        1.00,        1.00,        0.00
     2538.00,       64.52,       53.41,        0.00,        0.00,        0.00,        0.00,        1.00,        4.25,        0.00,        0.00,        1.00,        1.00,        0.00
     2539.00,       64.52,       73.34,        0.00,        0.00,        0.00,        0.00,        1.00,        4.25,        0.00,        0.00,        1.00,        1.00,        0.00
     2540.00,       64.52,       69.47,        0.00,        0.00,        0.00,        0.00,        1.00,        4.25,        0.00,        0.00,        1.00,        1.00,        0.00
     2541.00,       64.52,       55.30,        0.00,        0.00,        0.00,        0.00,        1.00,        4.25,        0.00,        0.00,        1.00,        1.00,        0.00
     2542.00,       64.52,       37.57,        0.00,        0.00,        0.00,        0.00,        1.00,        4.25,        0.00,        0.00,        1.00,        1.00,        0.00
     2543.00,       64.52,       33.94,        0.00,        0.00,        0.00,        0.00,        1.00,        4.25,        0.00,        0.00,        1.00,        1.00,        0.00
     2544.00,       64.52,       27.74,        0.00,        0.00,        0.00,        0.00,        1.00,        4.25,        0.00,        0.00,        1.00,        1.00,        0.00
     2545.00,       64.52,       25.60,        0.00,        0.00,        0.00,        0.00,        1.00,        4.25,        0.00,        0.00,        1.00,        1.00,        0.00
     2546.00,       64.52,       24.20,        0.00,        0.00,        0.00,        0.00,        1.00,        4.25,        0.00,        0.00,        1.00,        1.00,        0.00
     2547.00,       64.52,       22.95,        0.00,        0.00,        0.00,        0.00,        1.00,        4.25,        0.00,        0.00,        1.00,        1.00,        0.00
     2548.00,       64.52,       25.78,        0.00,        0.00,        0.00,        0.00,        1.00,        4.25,        0.00,        0.00,        1.00,        1.00,        0.00
     2549.00,       64.52,       34.87,        0.00,        0.00,        0.00,        0.00,        1.00,        4.25,        0.00,        0.00,        1.00,        1.00,        0.00
     2550.00,       64.52,       43.20,        0.00,        0.00,        0.00,        0.00,        1.00,        4.25,        0.00,        0.00,        1.00,        1.00,        0.00
     2551.00,       64.52,       40.93,        0.00,        0.00,        0.00,        0.00,        1.00,        4.25,        0.00,        0.00,        1.00,        1.00,        0.00
     2552.00,       64.52,       41.53,        0.00,        0.00,        0.00,        0.00,        1.00,        4.25,        0.00,        0.00,        1.00,        1.00,        0.00
     2553.00,       64.52,       43.04,        0.00,        0.00,        0.00,        0.00,        1.00,        4.25,        0.00,        0.00,        1.00,        1.00,        0.00
     2554.00,       64.52,       47.33,        0.00,        0.00,        0.00,        0.00,        1.00,        4.25,        0.00,        0.00,        1.00,        1.00,        0.00
     2555.00,       64.52,       47.62,        0.00,        0.00,        0.00,        0.00,        1.00,        4.25,        0.00,        0.00,        1.00,        1.00,        0.00
     2556.00,       64.52,       48.96,        0.00,        0.00,        0.00,        0.00,        1.00,        4.25,        0.00,        0.00,        1.00,        1.00,        0.00
     2557.00,       64.52,       48.63,        0.00,        0.00,        0.00,        0.00,        1.00,        4.25,        0.00,        0.00,        1.00,        1.00,        0.00
     2558.00,       64.52,       46.38,        0.00,        0.00,        0.00,        0.00,        1.00,        4.25,        0.00,        0.00,        1.00,        1.00,        0.00
     2559.00,       64.52,       46.88,        0.00,        0.00,        0.00,        0.00,        1.00,        4.25,        0.00,        0.00,        1.00,        1.00,        0.00
     2560.00,       64.52,       43.79,        0.00,        0.00,        0.00,        0.00,        1.00,        4.25,        0.00,        0.00,        1.00,        1.00,        0.00
     2561.00,       64.52,       42.93,        0.00,        0.00,        0.00,        0.00,        1.00,        4.25,        0.00,        0.00,        1.00,        1.00,        0.00
     2562.00,       64.52,       40.39,        0.00,        0.00,        0.00,        0.00,        1.00,        4.25,        0.00,        0.00,        1.00,        1.00,        0.00
     2563.00,       64.52,       46.46,        0.00,        0.00,        0.00,        0.00,        1.00,        4.25,        0.00,        0.00,        1.00,        1.00,        0.00
     2564.00,       64.52,       47.09,        0.00,        0.00,        0.00,        0.00,        1.00,        4.25,        0.00,        0.00,        1.00,        1.00,        0.00
     2565.00,       64.52,       39.49,        0.00,        0.00,        0.00,        0.00,        1.00,        4.25,        0.00,        0.00,        1.00,        1.00,        0.00
     2566.00,       64.52,       35.11,        0.00,        0.00,        0.00,        0.00,        1.00,        4.25,        0.00,        0.00,        1.00,        1.00,        0.00
     2567.00,       64.52,       32.00,        0.00,        0.00,        0.00,        0.00,        1.00,        4.25,        0.00,        0.00,        1.00,        1.00,        0.00
     2568.00,       64.52,       30.27,        0.00,        0.00,        0.00,        0.00,        1.00,        4.25,        0.00,        0.00,        1.00,        1.00,        0.00
     2569.00,       64.52,       27.82,        0.00,        0.00,        0.00,        0.00,        1.00,        4.25,        0.00,        0.00,        1.00,        1.00,        0.00
     2570.00,       64.52,       26.44,        0.00,        0.00,        0.00,        0.00,        1.00,        4.25,        0.00,        0.00,        1.00,        1.00,        0.00
     2571.00,       64.52,       25.54,        0.00,        0.00,        0.00,        0.00,        1.00,        4.25,        0.00,        0.00,        1.00,        1.00,        0.00
     2572.00,       64.52,       28.51,        0.00,        0.00,        0.00,        0.00,        1.00,        4.25,        0.00,        0.00,        1.00,        1.00,        0.00
     2573.00,       64.52,       30.19,        0.00,        0.00,        0.00,        0.00,        1.00,        4.25,        0.00,        0.00,        1.00,        1.00,        0.00
     2574.00,       64.52,       32.39,        0.00,        0.00,        0.00,        0.00,        1.00,        4.25,        0.00,        0.00,        1.00,        1.00,        0.00
     2575.00,       64.52,       37.10,        0.00,        0.00,        0.00,        0.00,        1.00,        4.25,        0.00,        0.00,        1.00,        1.00,        0.00
     2576.00,       64.52,       38.24,        0.00,        0.00,        0.00,        0.00,        1.00,        4.25,        0.00,        0.00,        1.00,        1.00,        0.00
     2577.00,       64.52,       45.88,        0.00,        0.00,        0.00,        0.00,        1.00,        4.25,        0.00,        0.00,        1.00,        1.00,        0.00
     2578.00,       64.52,       47.46,        0.00,        0.00,        0.00,        0.00,        1.00,        4.25,        0.00,        0.00,        1.00,        1.00,        0.00
     2579.00,       64.52,       42.77,        0.00,        0.00,        0.00,        0.00,        1.00,        4.25,        0.00,        0.00,        1.00,        1.00,        0.00
     2580.00,       64.52,       42.85,        0.00,        0.00,        0.00,        0.00,        1.00,        4.25,        0.00,        0.00,        1.00,        1.00,        0.00
     2581.00,       64.52,       41.99,        0.00,        0.00,        0.00,        0.00,        1.00,        4.25,        0.00,        0.00,        1.00,        1.00,        0.00
     2582.00,       64.52,       42.75,        0.00,        0.00,        0.00,        0.00,        1.00,        4.25,        0.00,        0.00,        1.00,        1.00,        0.00
     2583.00,       64.52,       44.04,        0.00,        0.00,        0.00,        0.00,        1.00,        4.25,        0.00,        0.00,        1.00,        1.00,        0.00
     2584.00,       64.52,       44.59,        0.00,        0.00,        0.00,        0.00,        1.00,        4.25,        0.00,        0.00,        1.00,        1.00,        0.00
     2585.00,       64.52,       41.34,        0.00,        0.00,        0.00,        0.00,        1.00,        4.25,        0.00,        0.00,        1.00,        1.00,        0.00
     2586.00,       64.52,       40.60,        0.00,        0.00,        0.00,        0.00,        1.00,        4.25,        0.00,        0.00,        1.00,        1.00,        0.00
     2587.00,       64.52,       45.08,        0.00,        0.00,        0.00,        0.00,        1.00,        4.25,        0.00,        0.00,        1.00,        1.00,        0.00
     2588.00,       64.52,       49.60,        0.00,        0.00,        0.00,        0.00,        1.00,        4.25,        0.00,        0.00,        1.00,        1.00,        0.00
     2589.00,       64.52,       41.42,        0.00,        0.00,        0.00,        0.00,        1.00,        4.25,        0.00,        0.00,        1.00,        1.00,        0.00
     2590.00,       64.52,       37.21,        0.00,        0.00,        0.00,        0.00,        1.00,        4.25,        0.00,        0.00,        1.00,        1.00,        0.00
     2591.00,       64.52,       32.55,        0.00,        0.00,        0.00,        0.00,        1.00,        4.25,        0.00,        0.00,        1.00,        1.00,        0.00
     2592.00,       64.52,       33.47,        0.00,        0.00,        0.00,        0.00,        1.00,        4.25,        0.00,        0.00,        1.00,        1.00,        0.00
     2593.00,       64.52,       29.48,        0.00,        0.00,        0.00,        0.00,        1.00,        4.25,        0.00,        0.00,        1.00,        1.00,        0.00
     2594.00,       64.52,       27.24,        0.00,        0.00,        0.00,        0.00,        1.00,        4.25,        0.00,        0.00,        1.00,        1.00,        0.00
     2595.00,       64.52,       25.74,        0.00,        0.00,        0.00,        0.00,        1.00,        4.25,        0.00,        0.00,        1.00,        1.00,        0.00
     2596.00,       64.52,       27.09,        0.00,        0.00,        0.00,        0.00,        1.00,        4.25,        0.00,        0.00,        1.00,        1.00,        0.00
     2597.00,       64.52,       28.92,        0.00,        0.00,        0.00,        0.00,        1.00,        4.25,        0.00,        0.00,        1.00,        1.00,        0.00
     2598.00,       64.52,       29.25,        0.00,        0.00,        0.00,        0.00,        1.00,        4.25,        0.00,        0.00,        1.00,        1.00,        0.00
     2599.00,       64.52,       27.91,        0.00,        0.00,        0.00,        0.00,        1.00,        4.25,        0.00,        0.00,        1.00,        1.00,        0.00
     2600.00,       64.52,       33.72,        0.00,        0.00,        0.00,        0.00,        1.00,        4.25,        0.00,        0.00,        1.00,        1.00,        0.00
     2601.00,       64.52,       49.77,        0.00,        0.00,        0.00,        0.00,        1.00,        4.25,        0.00,        0.00,        1.00,        1.00,        0.00
     2602.00,       64.52,       50.07,        0.00,        0.00,        0.00,        0.00,        1.00,        4.25,        0.00,        0.00,        1.00,        1.00,        0.00
     2603.00,       64.52,       48.87,        0.00,        0.00,        0.00,        0.00,        1.00,        4.25,        0.00,        0.00,        1.00,        1.00,        0.00
     2604.00,       64.52,       48.43,        0.00,        0.00,        0.00,        0.00,        1.00,        4.25,        0.00,        0.00,        1.00,        1.00,        0.00
     2605.00,       64.52,       48.07,        0.00,        0.00,        0.00,        0.00,        1.00,        4.25,        0.00,        0.00,        1.00,        1.00,        0.00
     2606.00,       64.52,       47.60,        0.00,        0.00,        0.00,        0.00,        1.00,        4.25,        0.00,        0.00,        1.00,        1.00,        0.00
     2607.00,       64.52,       47.04,        0.00,        0.00,        0.00,        0.00,        1.00,        4.25,        0.00,        0.00,        1.00,        1.00,        0.00
     2608.00,       64.52,       46.18,        0.00,        0.00,        0.00,        0.00,        1.00,        4.25,        0.00,        0.00,        1.00,        1.00,        0.00
     2609.00,       64.52,       40.08,        0.00,        0.00,        0.00,        0.00,        1.00,        4.25,        0.00,        0.00,        1.00,        1.00,        0.00
     2610.00,       64.52,       41.25,        0.00,        0.00,        0.00,        0.00,        1.00,        4.25,        0.00,        0.00,        1.00,        1.00,        0.00
     2611.00,       64.52,       48.08,        0.00,        0.00,        0.00,        0.00,        1.00,        4.25,        0.00,        0.00,        1.00,        1.00,        0.00
     2612.00,       64.52,       49.82,        0.00,        0.00,        0.00,        0.00,        1.00,        4.25,        0.00,        0.00,        1.00,        1.00,        0.00
     2613.00,       64.52,       41.69,        0.00,        0.00,        0.00,        0.00,        1.00,        4.25,        0.00,        0.00,        1.00,        1.00,        0.00
     2614.00,       64.52,       36.17,        0.00,        0.00,        0.00,        0.00,        1.00,        4.25,        0.00,        0.00,        1.00,        1.00,        0.00
     2615.00,       64.52,       31.33,        0.00,        0.00,        0.00,        0.00,        1.00,        4.25,        0.00,        0.00,        1.00,        1.00,        0.00
     2616.00,       64.52,       31.30,        0.00,        0.00,        0.00,        0.00,        1.00,        4.25,        0.00,        0.00,        1.00,        1.00,        0.00
     2617.00,       64.52,       29.15,        0.00,        0.00,        0.00,        0.00,        1.00,        4.25,        0.00,        0.00,        1.00,        1.00,        0.00
     2618.00,       64.52,       27.91,        0.00,        0.00,        0.00,        0.00,        1.00,        4.25,        0.00,        0.00,        1.00,        1.00,        0.00
     2619.00,       64.52,       27.80,        0.00,        0.00,        0.00,        0.00,        1.00,        4.25,        0.00,        0.00,        1.00,        1.00,        0.00
     2620.00,       64.52,       28.62,        0.00,        0.00,        0.00,        0.00,        1.00,        4.25,        0.00,        0.00,        1.00,        1.00,        0.00
     2621.00,       64.52,       35.12,        0.00,        0.00,        0.00,        0.00,        1.00,        4.25,        0.00,        0.00,        1.00,        1.00,        0.00
     2622.00,       64.52,       39.46,        0.00,        0.00,        0.00,        0.00,        1.00,        4.25,        0.00,        0.00,        1.00,        1.00,        0.00
     2623.00,       64.52,       42.86,        0.00,        0.00,        0.00,        0.00,        1.00,        4.25,        0.00,        0.00,        1.00,        1.00,        0.00
     2624.00,       64.52,       40.70,        0.00,        0.00,        0.00,        0.00,        1.00,        4.25,        0.00,        0.00,        1.00,        1.00,        0.00
     2625.00,       64.52,       39.83,        0.00,        0.00,        0.00,        0.00,        1.00,        4.25,        0.00,        0.00,        1.00,        1.00,        0.00
     2626.00,       64.52,       40.22,        0.00,        0.00,        0.00,        0.00,        1.00,        4.25,        0.00,        0.00,        1.00,        1.00,        0.00
     2627.00,       64.52,       42.14,        0.00,        0.00,        0.00,        0.00,        1.00,        4.25,        0.00,        0.00,        1.00,        1.00,        0.00
     2628.00,       64.52,       40.86,        0.00,        0.00,        0.00,        0.00,        1.00,        4.25,        0.00,        0.00,        1.00,        1.00,        0.00
     2629.00,       64.52,       41.43,        0.00,        0.00,        0.00,        0.00,        1.00,        4.25,        0.00,        0.00,        1.00,        1.00,        0.00
     2630.00,       64.52,       41.82,        0.00,        0.00,        0.00,        0.00,        1.00,        4.25,        0.00,        0.00,        1.00,        1.00,        0.00
     2631.00,       64.52,       38.66,        0.00,        0.00,        0.00,        0.00,        1.00,        4.25,        0.00,        0.00,        1.00,        1.00,        0.00
     2632.00,       64.52,       41.91,        0.00,        0.00,        0.00,        0.00,        1.00,        4.25,        0.00,        0.00,        1.00,        1.00,        0.00
     2633.00,       64.52,       38.70,        0.00,        0.00,        0.00,        0.00,        1.00,        4.25,        0.00,        0.00,        1.00,        1.00,        0.00
     2634.00,       64.52,       40.66,        0.00,        0.00,        0.00,        0.00,        1.00,        4.25,        0.00,        0.00,        1.00,        1.00,        0.00
     2635.00,       64.52,       51.55,        0.00,        0.00,        0.00,        0.00,        1.00,        4.25,        0.00,        0.00,        1.00,        1.00,        0.00
     2636.00,       64.52,       54.80,        0.00,        0.00,        0.00,        0.00,        1.00,        4.25,        0.00,        0.00,        1.00,        1.00,        0.00
     2637.00,       64.52,       42.71,        0.00,        0.00,        0.00,        0.00,        1.00,        4.25,        0.00,        0.00,        1.00,        1.00,        0.00
     2638.00,       64.52,       35.96,        0.00,        0.00,        0.00,        0.00,        1.00,        4.25,        0.00,        0.00,        1.00,        1.00,        0.00
     2639.00,       64.52,       33.04,        0.00,        0.00,        0.00,        0.00,        1.00,        4.25,        0.00,        0.00,        1.00,        1.00,        0.00
     2640.00,       64.52,       29.96,        0.00,        0.00,        0.00,        0.00,        1.00,        4.25,        0.00,        0.00,        1.00,        1.00,        0.00
     2641.00,       64.52,       26.72,        0.00,        0.00,        0.00,        0.00,        1.00,        4.25,        0.00,        0.00,        1.00,        1.00,        0.00
     2642.00,       64.52,       24.85,        0.00,        0.00,        0.00,        0.00,        1.00,        4.25,        0.00,        0.00,        1.00,        1.00,        0.00
     2643.00,       64.52,       24.84,        0.00,        0.00,        0.00,        0.00,        1.00,        4.25,        0.00,        0.00,        1.00,        1.00,        0.00
     2644.00,       64.52,       27.80,        0.00,        0.00,        0.00,        0.00,        1.00,        4.25,        0.00,        0.00,        1.00,        1.00,        0.00
     2645.00,       64.52,       34.55,        0.00,        0.00,        0.00,        0.00,        1.00,        4.25,        0.00,        0.00,        1.00,        1.00,        0.00
     2646.00,       64.52,       40.82,        0.00,        0.00,        0.00,        0.00,        1.00,        4.25,        0.00,        0.00,        1.00,        1.00,        0.00
     2647.00,       64.52,       40.81,        0.00,        0.00,        0.00,        0.00,        1.00,        4.25,        0.00,        0.00,        1.00,        1.00,        0.00
     2648.00,       64.52,       42.17,        0.00,        0.00,        0.00,        0.00,        1.00,        4.25,        0.00,        0.00,        1.00,        1.00,        0.00
     2649.00,       64.52,       41.85,        0.00,        0.00,        0.00,        0.00,        1.00,        4.25,        0.00,        0.00,        1.00,        1.00,        0.00
     2650.00,       64.52,       43.08,        0.00,        0.00,        0.00,        0.00,        1.00,        4.25,        0.00,        0.00,        1.00,        1.00,        0.00
     2651.00,       64.52,       45.22,        0.00,        0.00,        0.00,        0.00,        1.00,        4.25,        0.00,        0.00,        1.00,        1.00,        0.00
     2652.00,       64.52,       43.18,        0.00,        0.00,        0.00,        0.00,        1.00,        4.25,        0.00,        0.00,        1.00,        1.00,        0.00
     2653.00,       64.52,       43.85,        0.00,        0.00,        0.00,        0.00,        1.00,        4.25,        0.00,        0.00,        1.00,        1.00,        0.00
     2654.00,       64.52,       45.09,        0.00,        0.00,        0.00,        0.00,        1.00,        4.25,        0.00,        0.00,        1.00,        1.00,        0.00
     2655.00,       64.52,       44.24,        0.00,        0.00,        0.00,        0.00,        1.00,        4.25,        0.00,        0.00,        1.00,        1.00,        0.00
     2656.00,       64.52,       43.47,        0.00,        0.00,        0.00,        0.00,        1.00,        4.25,        0.00,        0.00,        1.00,        1.00,        0.00
     2657.00,       64.52,       39.69,        0.00,        0.00,        0.00,        0.00,        1.00,        4.25,        0.00,        0.00,        1.00,        1.00,        0.00
     2658.00,       64.52,       42.36,        0.00,        0.00,        0.00,        0.00,        1.00,        4.25,        0.00,        0.00,        1.00,        1.00,        0.00
     2659.00,       64.52,       50.24,        0.00,        0.00,        0.00,        0.00,        1.00,        4.25,        0.00,        0.00,        1.00,        1.00,        0.00
     2660.00,       64.52,       57.13,        0.00,        0.00,        0.00,        0.00,        1.00,        4.25,        0.00,        0.00,        1.00,        1.00,        0.00
     2661.00,       64.52,       45.00,        0.00,        0.00,        0.00,        0.00,        1.00,        4.25,        0.00,        0.00,        1.00,        1.00,        0.00
     2662.00,       64.52,       39.16,        0.00,        0.00,        0.00,        0.00,        1.00,        4.25,        0.00,        0.00,        1.00,        1.00,        0.00
     2663.00,       64.52,       35.44,        0.00,        0.00,        0.00,        0.00,        1.00,        4.25,        0.00,        0.00,        1.00,        1.00,        0.00
     2664.00,       64.52,       32.16,        0.00,        0.00,        0.00,        0.00,        1.00,        4.25,        0.00,        0.00,        1.00,        1.00,        0.00
     2665.00,       64.52,       29.19,        0.00,        0.00,        0.00,        0.00,        1.00,        4.25,        0.00,        0.00,        1.00,        1.00,        0.00
     2666.00,       64.52,       26.97,        0.00,        0.00,        0.00,        0.00,        1.00,        4.25,        0.00,        0.00,        1.00,        1.00,        0.00
     2667.00,       64.52,       26.22,        0.00,        0.00,        0.00,        0.00,        1.00,        4.25,        0.00,        0.00,        1.00,        1.00,        0.00
     2668.00,       64.52,       29.01,        0.00,        0.00,        0.00,        0.00,        1.00,        4.25,        0.00,        0.00,        1.00,        1.00,        0.00
     2669.00,       64.52,       39.37,        0.00,        0.00,        0.00,        0.00,        1.00,        4.25,        0.00,        0.00,        1.00,        1.00,        0.00
     2670.00,       64.52,       40.70,        0.00,        0.00,        0.00,        0.00,        1.00,        4.25,        0.00,        0.00,        1.00,        1.00,        0.00
     2671.00,       64.52,       42.62,        0.00,        0.00,        0.00,        0.00,        1.00,        4.25,        0.00,        0.00,        1.00,        1.00,        0.00
     2672.00,       64.52,       44.81,        0.00,        0.00,        0.00,        0.00,        1.00,        4.25,        0.00,        0.00,        1.00,        1.00,        0.00
     2673.00,       64.52,       45.61,        0.00,        0.00,        0.00,        0.00,        1.00,        4.25,        0.00,        0.00,        1.00,        1.00,        0.00
     2674.00,       64.52,       46.92,        0.00,        0.00,        0.00,        0.00,        1.00,        4.25,        0.00,        0.00,        1.00,        1.00,        0.00
     2675.00,       64.52,       47.93,        0.00,        0.00,        0.00,        0.00,        1.00,        4.25,        0.00,        0.00,        1.00,        1.00,        0.00
     2676.00,       64.52,       46.84,        0.00,        0.00,        0.00,        0.00,        1.00,        4.25,        0.00,        0.00,        1.00,        1.00,        0.00
     2677.00,       64.52,       47.42,        0.00,        0.00,        0.00,        0.00,        1.00,        4.25,        0.00,        0.00,        1.00,        1.00,        0.00
     2678.00,       64.52,       45.66,        0.00,        0.00,        0.00,        0.00,        1.00,        4.25,        0.00,        0.00,        1.00,        1.00,        0.00
     2679.00,       64.52,       46.24,        0.00,        0.00,        0.00,        0.00,        1.00,        4.25,        0.00,        0.00,        1.00,        1.00,        0.00
     2680.00,       64.52,       45.29,        0.00,        0.00,        0.00,        0.00,        1.00,        4.25,        0.00,        0.00,        1.00,        1.00,        0.00
     2681.00,       64.52,       40.61,        0.00,        0.00,        0.00,        0.00,        1.00,        4.25,        0.00,        0.00,        1.00,        1.00,        0.00
     2682.00,       64.52,       44.28,        0.00,        0.00,        0.00,        0.00,        1.00,        4.25,        0.00,        0.00,        1.00,        1.00,        0.00
     2683.00,       64.52,       51.92,        0.00,        0.00,        0.00,        0.00,        1.00,        4.25,        0.00,        0.00,        1.00,        1.00,        0.00
     2684.00,       64.52,       54.98,        0.00,        0.00,        0.00,        0.00,        1.00,        4.25,        0.00,        0.00,        1.00,        1.00,        0.00
     2685.00,       64.52,       43.57,        0.00,        0.00,        0.00,        0.00,        1.00,        4.25,        0.00,        0.00,        1.00,        1.00,        0.00
     2686.00,       64.52,       40.59,        0.00,        0.00,        0.00,        0.00,        1.00,        4.25,        0.00,        0.00,        1.00,        1.00,        0.00
     2687.00,       64.52,       36.99,        0.00,        0.00,        0.00,        0.00,        1.00,        4.25,        0.00,        0.00,        1.00,        1.00,        0.00
     2688.00,       64.52,       29.63,        0.00,        0.00,        0.00,        0.00,        1.00,        4.25,        0.00,        0.00,        1.00,        1.00,        0.00
     2689.00,       64.52,       27.64,        0.00,        0.00,        0.00,        0.00,        1.00,        4.25,        0.00,        0.00,        1.00,        1.00,        0.00
     2690.00,       64.52,       25.75,        0.00,        0.00,        0.00,        0.00,        1.00,        4.25,        0.00,        0.00,        1.00,        1.00,        0.00
     2691.00,       64.52,       25.02,        0.00,        0.00,        0.00,        0.00,        1.00,        4.25,        0.00,        0.00,        1.00,        1.00,        0.00
     2692.00,       64.52,       28.03,        0.00,        0.00,        0.00,        0.00,        1.00,        4.25,        0.00,        0.00,        1.00,        1.00,        0.00
     2693.00,       64.52,       36.26,        0.00,        0.00,        0.00,        0.00,        1.00,        4.25,        0.00,        0.00,        1.00,        1.00,        0.00
     2694.00,       64.52,       38.70,        0.00,        0.00,        0.00,        0.00,        1.00,        4.25,        0.00,        0.00,        1.00,        1.00,        0.00
     2695.00,       64.52,       38.78,        0.00,        0.00,        0.00,        0.00,        1.00,        4.25,        0.00,        0.00,        1.00,        1.00,        0.00
     2696.00,       64.52,       37.71,        0.00,        0.00,        0.00,        0.00,        1.00,        4.25,        0.00,        0.00,        1.00,        1.00,        0.00
     2697.00,       64.52,       40.48,        0.00,        0.00,        0.00,        0.00,        1.00,        4.25,        0.00,        0.00,        1.00,        1.00,        0.00
     2698.00,       64.52,       42.21,        0.00,        0.00,        0.00,        0.00,        1.00,        4.25,        0.00,        0.00,        1.00,        1.00,        0.00
     2699.00,       64.52,       41.46,        0.00,        0.00,        0.00,        0.00,        1.00,        4.25,        0.00,        0.00,        1.00,        1.00,        0.00
     2700.00,       64.52,       38.13,        0.00,        0.00,        0.00,        0.00,        1.00,        4.25,        0.00,        0.00,        1.00,        1.00,        0.00
     2701.00,       64.52,       38.28,        0.00,        0.00,        0.00,        0.00,        1.00,        4.25,        0.00,        0.00,        1.00,        1.00,        0.00
     2702.00,       64.52,       35.26,        0.00,        0.00,        0.00,        0.00,        1.00,        4.25,        0.00,        0.00,        1.00,        1.00,        0.00
     2703.00,       64.52,       35.75,        0.00,        0.00,        0.00,        0.00,        1.00,        4.25,        0.00,        0.00,        1.00,        1.00,        0.00
     2704.00,       64.52,       31.37,        0.00,        0.00,        0.00,        0.00,        1.00,        4.25,        0.00,        0.00,        1.00,        1.00,        0.00
     2705.00,       64.52,       32.71,        0.00,        0.00,        0.00,        0.00,        1.00,        4.25,        0.00,        0.00,        1.00,        1.00,        0.00
     2706.00,       64.52,       40.80,        0.00,        0.00,        0.00,        0.00,        1.00,        4.25,        0.00,        0.00,        1.00,        1.00,        0.00
     2707.00,       64.52,       46.23,        0.00,        0.00,        0.00,        0.00,        1.00,        4.25,        0.00,        0.00,        1.00,        1.00,        0.00
     2708.00,       64.52,       54.23,        0.00,        0.00,        0.00,        0.00,        1.00,        4.25,        0.00,        0.00,        1.00,        1.00,        0.00
     2709.00,       64.52,       42.09,        0.00,        0.00,        0.00,        0.00,        1.00,        4.25,        0.00,        0.00,        1.00,        1.00,        0.00
     2710.00,       64.52,       38.35,        0.00,        0.00,        0.00,        0.00,        1.00,        4.25,        0.00,        0.00,        1.00,        1.00,        0.00
     2711.00,       64.52,       33.50,        0.00,        0.00,        0.00,        0.00,        1.00,        4.25,        0.00,        0.00,        1.00,        1.00,        0.00
     2712.00,       64.52,       32.19,        0.00,        0.00,        0.00,        0.00,        1.00,        4.25,        0.00,        0.00,        1.00,        1.00,        0.00
     2713.00,       64.52,       28.44,        0.00,        0.00,        0.00,        0.00,        1.00,        4.25,        0.00,        0.00,        1.00,        1.00,        0.00
     2714.00,       64.52,       28.20,        0.00,        0.00,        0.00,        0.00,        1.00,        4.25,        0.00,        0.00,        1.00,        1.00,        0.00
     2715.00,       64.52,       26.71,        0.00,        0.00,        0.00,        0.00,        1.00,        4.25,        0.00,        0.00,        1.00,        1.00,        0.00
     2716.00,       64.52,       28.50,        0.00,        0.00,        0.00,        0.00,        1.00,        4.25,        0.00,        0.00,        1.00,        1.00,        0.00
     2717.00,       64.52,       35.55,        0.00,        0.00,        0.00,        0.00,        1.00,        4.25,        0.00,        0.00,        1.00,        1.00,        0.00
     2718.00,       64.52,       38.70,        0.00,        0.00,        0.00,        0.00,        1.00,        4.25,        0.00,        0.00,        1.00,        1.00,        0.00
     2719.00,       64.52,       38.87,        0.00,        0.00,        0.00,        0.00,        1.00,        4.25,        0.00,        0.00,        1.00,        1.00,        0.00
     2720.00,       64.52,       33.48,        0.00,        0.00,        0.00,        0.00,        1.00,        4.25,        0.00,        0.00,        1.00,        1.00,        0.00
     2721.00,       64.52,       37.11,        0.00,        0.00,        0.00,        0.00,        1.00,        4.25,        0.00,        0.00,        1.00,        1.00,        0.00
     2722.00,       64.52,       35.71,        0.00,        0.00,        0.00,        0.00,        1.00,        4.25,        0.00,        0.00,        1.00,        1.00,        0.00
     2723.00,       64.52,       36.57,        0.00,        0.00,        0.00,        0.00,        1.00,        4.25,        0.00,        0.00,        1.00,        1.00,        0.00
     2724.00,       64.52,       35.58,        0.00,        0.00,        0.00,        0.00,        1.00,        4.25,        0.00,        0.00,        1.00,        1.00,        0.00
     2725.00,       64.52,       35.57,        0.00,        0.00,        0.00,        0.00,        1.00,        4.25,        0.00,        0.00,        1.00,        1.00,        0.00
     2726.00,       64.52,       35.54,        0.00,        0.00,        0.00,        0.00,        1.00,        4.25,        0.00,        0.00,        1.00,        1.00,        0.00
     2727.00,       64.52,       36.01,        0.00,        0.00,        0.00,        0.00,        1.00,        4.25,        0.00,        0.00,        1.00,        1.00,        0.00
     2728.00,       64.52,       33.76,        0.00,        0.00,        0.00,        0.00,        1.00,        4.25,        0.00,        0.00,        1.00,        1.00,        0.00
     2729.00,       64.52,       33.32,        0.00,        0.00,        0.00,        0.00,        1.00,        4.25,        0.00,        0.00,        1.00,        1.00,        0.00
     2730.00,       64.52,       37.08,        0.00,        0.00,        0.00,        0.00,        1.00,        4.25,        0.00,        0.00,        1.00,        1.00,        0.00
     2731.00,       64.52,       43.42,        0.00,        0.00,        0.00,        0.00,        1.00,        4.25,        0.00,        0.00,        1.00,        1.00,        0.00
     2732.00,       64.52,       50.50,        0.00,        0.00,        0.00,        0.00,        1.00,        4.25,        0.00,        0.00,        1.00,        1.00,        0.00
     2733.00,       64.52,       42.09,        0.00,        0.00,        0.00,        0.00,        1.00,        4.25,        0.00,        0.00,        1.00,        1.00,        0.00
     2734.00,       64.52,       37.25,        0.00,        0.00,        0.00,        0.00,        1.00,        4.25,        0.00,        0.00,        1.00,        1.00,        0.00
     2735.00,       64.52,       31.98,        0.00,        0.00,        0.00,        0.00,        1.00,        4.25,        0.00,        0.00,        1.00,        1.00,        0.00
     2736.00,       64.52,       30.55,        0.00,        0.00,        0.00,        0.00,        1.00,        4.25,        0.00,        0.00,        1.00,        1.00,        0.00
     2737.00,       64.52,       28.10,        0.00,        0.00,        0.00,        0.00,        1.00,        4.25,        0.00,        0.00,        1.00,        1.00,        0.00
     2738.00,       64.52,       27.74,        0.00,        0.00,        0.00,        0.00,        1.00,        4.25,        0.00,        0.00,        1.00,        1.00,        0.00
     2739.00,       64.52,       27.02,        0.00,        0.00,        0.00,        0.00,        1.00,        4.25,        0.00,        0.00,        1.00,        1.00,        0.00
     2740.00,       64.52,       28.76,        0.00,        0.00,        0.00,        0.00,        1.00,        4.25,        0.00,        0.00,        1.00,        1.00,        0.00
     2741.00,       64.52,       32.83,        0.00,        0.00,        0.00,        0.00,        1.00,        4.25,        0.00,        0.00,        1.00,        1.00,        0.00
     2742.00,       64.52,       33.68,        0.00,        0.00,        0.00,        0.00,        1.00,        4.25,        0.00,        0.00,        1.00,        1.00,        0.00
     2743.00,       64.52,       35.75,        0.00,        0.00,        0.00,        0.00,        1.00,        4.25,        0.00,        0.00,        1.00,        1.00,        0.00
     2744.00,       64.52,       36.76,        0.00,        0.00,        0.00,        0.00,        1.00,        4.25,        0.00,        0.00,        1.00,        1.00,        0.00
     2745.00,       64.52,       44.89,        0.00,        0.00,        0.00,        0.00,        1.00,        4.25,        0.00,        0.00,        1.00,        1.00,        0.00
     2746.00,       64.52,       44.47,        0.00,        0.00,        0.00,        0.00,        1.00,        4.25,        0.00,        0.00,        1.00,        1.00,        0.00
     2747.00,       64.52,       45.54,        0.00,        0.00,        0.00,        0.00,        1.00,        4.25,        0.00,        0.00,        1.00,        1.00,        0.00
     2748.00,       64.52,       44.64,        0.00,        0.00,        0.00,        0.00,        1.00,        4.25,        0.00,        0.00,        1.00,        1.00,        0.00
     2749.00,       64.52,       42.85,        0.00,        0.00,        0.00,        0.00,        1.00,        4.25,        0.00,        0.00,        1.00,        1.00,        0.00
     2750.00,       64.52,       42.97,        0.00,        0.00,        0.00,        0.00,        1.00,        4.25,        0.00,        0.00,        1.00,        1.00,        0.00
     2751.00,       64.52,       42.23,        0.00,        0.00,        0.00,        0.00,        1.00,        4.25,        0.00,        0.00,        1.00,        1.00,        0.00
     2752.00,       64.52,       41.41,        0.00,        0.00,        0.00,        0.00,        1.00,        4.25,        0.00,        0.00,        1.00,        1.00,        0.00
     2753.00,       64.52,       40.89,        0.00,        0.00,        0.00,        0.00,        1.00,        4.25,        0.00,        0.00,        1.00,        1.00,        0.00
     2754.00,       64.52,       36.71,        0.00,        0.00,        0.00,        0.00,        1.00,        4.25,        0.00,        0.00,        1.00,        1.00,        0.00
     2755.00,       64.52,       41.67,        0.00,        0.00,        0.00,        0.00,        1.00,        4.25,        0.00,        0.00,        1.00,        1.00,        0.00
     2756.00,       64.52,       52.08,        0.00,        0.00,        0.00,        0.00,        1.00,        4.25,        0.00,        0.00,        1.00,        1.00,        0.00
     2757.00,       64.52,       44.08,        0.00,        0.00,        0.00,        0.00,        1.00,        4.25,        0.00,        0.00,        1.00,        1.00,        0.00
     2758.00,       64.52,       35.74,        0.00,        0.00,        0.00,        0.00,        1.00,        4.25,        0.00,        0.00,        1.00,        1.00,        0.00
     2759.00,       64.52,       31.53,        0.00,        0.00,        0.00,        0.00,        1.00,        4.25,        0.00,        0.00,        1.00,        1.00,        0.00
     2760.00,       64.52,       34.31,        0.00,        0.00,        0.00,        0.00,        1.00,        4.25,        0.00,        0.00,        1.00,        1.00,        0.00
     2761.00,       64.52,       31.14,        0.00,        0.00,        0.00,        0.00,        1.00,        4.25,        0.00,        0.00,        1.00,        1.00,        0.00
     2762.00,       64.52,       30.33,        0.00,        0.00,        0.00,        0.00,        1.00,        4.25,        0.00,        0.00,        1.00,        1.00,        0.00
     2763.00,       64.52,       27.69,        0.00,        0.00,        0.00,        0.00,        1.00,        4.25,        0.00,        0.00,        1.00,        1.00,        0.00
     2764.00,       64.52,       27.99,        0.00,        0.00,        0.00,        0.00,        1.00,        4.25,        0.00,        0.00,        1.00,        1.00,        0.00
     2765.00,       64.52,       31.15,        0.00,        0.00,        0.00,        0.00,        1.00,        4.25,        0.00,        0.00,        1.00,        1.00,        0.00
     2766.00,       64.52,       30.97,        0.00,        0.00,        0.00,        0.00,        1.00,        4.25,        0.00,        0.00,        1.00,        1.00,        0.00
     2767.00,       64.52,       30.57,        0.00,        0.00,        0.00,        0.00,        1.00,        4.25,        0.00,        0.00,        1.00,        1.00,        0.00
     2768.00,       64.52,       35.28,        0.00,        0.00,        0.00,        0.00,        1.00,        4.25,        0.00,        0.00,        1.00,        1.00,        0.00
     2769.00,       64.52,       40.23,        0.00,        0.00,        0.00,        0.00,        1.00,        4.25,        0.00,        0.00,        1.00,        1.00,        0.00
     2770.00,       64.52,       39.80,        0.00,        0.00,        0.00,        0.00,        1.00,        4.25,        0.00,        0.00,        1.00,        1.00,        0.00
     2771.00,       64.52,       39.13,        0.00,        0.00,        0.00,        0.00,        1.00,        4.25,        0.00,        0.00,        1.00,        1.00,        0.00
     2772.00,       64.52,       37.27,        0.00,        0.00,        0.00,        0.00,        1.00,        4.25,        0.00,        0.00,        1.00,        1.00,        0.00
     2773.00,       64.52,       33.57,        0.00,        0.00,        0.00,        0.00,        1.00,        4.25,        0.00,        0.00,        1.00,        1.00,        0.00
     2774.00,       64.52,       36.89,        0.00,        0.00,        0.00,        0.00,        1.00,        4.25,        0.00,        0.00,        1.00,        1.00,        0.00
     2775.00,       64.52,       34.34,        0.00,        0.00,        0.00,        0.00,        1.00,        4.25,        0.00,        0.00,        1.00,        1.00,        0.00
     2776.00,       64.52,       35.40,        0.00,        0.00,        0.00,        0.00,        1.00,        4.25,        0.00,        0.00,        1.00,        1.00,        0.00
     2777.00,       64.52,       35.35,        0.00,        0.00,        0.00,        0.00,        1.00,        4.25,        0.00,        0.00,        1.00,        1.00,        0.00
     2778.00,       64.52,       36.07,        0.00,        0.00,        0.00,        0.00,        1.00,        4.25,        0.00,        0.00,        1.00,        1.00,        0.00
     2779.00,       64.52,       43.32,        0.00,        0.00,        0.00,        0.00,        1.00,        4.25,        0.00,        0.00,        1.00,        1.00,        0.00
     2780.00,       64.52,       54.87,        0.00,        0.00,        0.00,        0.00,        1.00,        4.25,        0.00,        0.00,        1.00,        1.00,        0.00
     2781.00,       64.52,       43.81,        0.00,        0.00,        0.00,        0.00,        1.00,        4.25,        0.00,        0.00,        1.00,        1.00,        0.00
     2782.00,       64.52,       37.80,        0.00,        0.00,        0.00,        0.00,        1.00,        4.25,        0.00,        0.00,        1.00,        1.00,        0.00
     2783.00,       64.52,       33.40,        0.00,        0.00,        0.00,        0.00,        1.00,        4.25,        0.00,        0.00,        1.00,        1.00,        0.00
     2784.00,       64.52,       32.34,        0.00,        0.00,        0.00,        0.00,        1.00,        4.25,        0.00,        0.00,        1.00,        1.00,        0.00
     2785.00,       64.52,       29.19,        0.00,        0.00,        0.00,        0.00,        1.00,        4.25,        0.00,        0.00,        1.00,        1.00,        0.00
     2786.00,       64.52,       28.47,        0.00,        0.00,        0.00,        0.00,        1.00,        4.25,        0.00,        0.00,        1.00,        1.00,        0.00
     2787.00,       64.52,       26.92,        0.00,        0.00,        0.00,        0.00,        1.00,        4.25,        0.00,        0.00,        1.00,        1.00,        0.00
     2788.00,       64.52,       29.87,        0.00,        0.00,        0.00,        0.00,        1.00,        4.25,        0.00,        0.00,        1.00,        1.00,        0.00
     2789.00,       64.52,       37.80,        0.00,        0.00,        0.00,        0.00,        1.00,        4.25,        0.00,        0.00,        1.00,        1.00,        0.00
     2790.00,       64.52,       35.90,        0.00,        0.00,        0.00,        0.00,        1.00,        4.25,        0.00,        0.00,        1.00,        1.00,        0.00
     2791.00,       64.52,       40.67,        0.00,        0.00,        0.00,        0.00,        1.00,        4.25,        0.00,        0.00,        1.00,        1.00,        0.00
     2792.00,       64.52,       40.40,        0.00,        0.00,        0.00,        0.00,        1.00,        4.25,        0.00,        0.00,        1.00,        1.00,        0.00
     2793.00,       64.52,       40.23,        0.00,        0.00,        0.00,        0.00,        1.00,        4.25,        0.00,        0.00,        1.00,        1.00,        0.00
     2794.00,       64.52,       38.71,        0.00,        0.00,        0.00,        0.00,        1.00,        4.25,        0.00,        0.00,        1.00,        1.00,        0.00
     2795.00,       64.52,       38.46,        0.00,        0.00,        0.00,        0.00,        1.00,        4.25,        0.00,        0.00,        1.00,        1.00,        0.00
     2796.00,       64.52,       34.77,        0.00,        0.00,        0.00,        0.00,        1.00,        4.25,        0.00,        0.00,        1.00,        1.00,        0.00
     2797.00,       64.52,       34.43,        0.00,        0.00,        0.00,        0.00,        1.00,        4.25,        0.00,        0.00,        1.00,        1.00,        0.00
     2798.00,       64.52,       35.89,        0.00,        0.00,        0.00,        0.00,        1.00,        4.25,        0.00,        0.00,        1.00,        1.00,        0.00
     2799.00,       64.52,       32.36,        0.00,        0.00,        0.00,        0.00,        1.00,        4.25,        0.00,        0.00,        1.00,        1.00,        0.00
     2800.00,       64.52,       35.27,        0.00,        0.00,        0.00,        0.00,        1.00,        4.25,        0.00,        0.00,        1.00,        1.00,        0.00
     2801.00,       64.52,       39.85,        0.00,        0.00,        0.00,        0.00,        1.00,        4.25,        0.00,        0.00,        1.00,        1.00,        0.00
     2802.00,       64.52,       43.82,        0.00,        0.00,        0.00,        0.00,        1.00,        4.25,        0.00,        0.00,        1.00,        1.00,        0.00
     2803.00,       64.52,       52.05,        0.00,        0.00,        0.00,        0.00,        1.00,        4.25,        0.00,        0.00,        1.00,        1.00,        0.00
     2804.00,       64.52,       52.04,        0.00,        0.00,        0.00,        0.00,        1.00,        4.25,        0.00,        0.00,        1.00,        1.00,        0.00
     2805.00,       64.52,       45.62,        0.00,        0.00,        0.00,        0.00,        1.00,        4.25,        0.00,        0.00,        1.00,        1.00,        0.00
     2806.00,       64.52,       38.19,        0.00,        0.00,        0.00,        0.00,        1.00,        4.25,        0.00,        0.00,        1.00,        1.00,        0.00
     2807.00,       64.52,       35.33,        0.00,        0.00,        0.00,        0.00,        1.00,        4.25,        0.00,        0.00,        1.00,        1.00,        0.00
     2808.00,       64.52,       31.82,        0.00,        0.00,        0.00,        0.00,        1.00,        4.25,        0.00,        0.00,        1.00,        1.00,        0.00
     2809.00,       64.52,       28.82,        0.00,        0.00,        0.00,        0.00,        1.00,        4.25,        0.00,        0.00,        1.00,        1.00,        0.00
     2810.00,       64.52,       26.52,        0.00,        0.00,        0.00,        0.00,        1.00,        4.25,        0.00,        0.00,        1.00,        1.00,        0.00
     2811.00,       64.52,       27.13,        0.00,        0.00,        0.00,        0.00,        1.00,        4.25,        0.00,        0.00,        1.00,        1.00,        0.00
     2812.00,       64.52,       32.78,        0.00,        0.00,        0.00,        0.00,        1.00,        4.25,        0.00,        0.00,        1.00,        1.00,        0.00
     2813.00,       64.52,       34.55,        0.00,        0.00,        0.00,        0.00,        1.00,        4.25,        0.00,        0.00,        1.00,        1.00,        0.00
     2814.00,       64.52,       37.13,        0.00,        0.00,        0.00,        0.00,        1.00,        4.25,        0.00,        0.00,        1.00,        1.00,        0.00
     2815.00,       64.52,       38.97,        0.00,        0.00,        0.00,        0.00,        1.00,        4.25,        0.00,        0.00,        1.00,        1.00,        0.00
     2816.00,       64.52,       43.99,        0.00,        0.00,        0.00,        0.00,        1.00,        4.25,        0.00,        0.00,        1.00,        1.00,        0.00
     2817.00,       64.52,       47.62,        0.00,        0.00,        0.00,        0.00,        1.00,        4.25,        0.00,        0.00,        1.00,        1.00,        0.00
     2818.00,       64.52,       46.37,        0.00,        0.00,        0.00,        0.00,        1.00,        4.25,        0.00,        0.00,        1.00,        1.00,        0.00
     2819.00,       64.52,       44.24,        0.00,        0.00,        0.00,        0.00,        1.00,        4.25,        0.00,        0.00,        1.00,        1.00,        0.00
     2820.00,       64.52,       42.76,        0.00,        0.00,        0.00,        0.00,        1.00,        4.25,        0.00,        0.00,        1.00,        1.00,        0.00
     2821.00,       64.52,       44.35,        0.00,        0.00,        0.00,        0.00,        1.00,        4.25,        0.00,        0.00,        1.00,        1.00,        0.00
     2822.00,       64.52,       39.72,        0.00,        0.00,        0.00,        0.00,        1.00,        4.25,        0.00,        0.00,        1.00,        1.00,        0.00
     2823.00,       64.52,       36.32,        0.00,        0.00,        0.00,        0.00,        1.00,        4.25,        0.00,        0.00,        1.00,        1.00,        0.00
     2824.00,       64.52,       44.81,        0.00,        0.00,        0.00,        0.00,        1.00,        4.25,        0.00,        0.00,        1.00,        1.00,        0.00
     2825.00,       64.52,       39.37,        0.00,        0.00,        0.00,        0.00,        1.00,        4.25,        0.00,        0.00,        1.00,        1.00,        0.00
     2826.00,       64.52,       40.46,        0.00,        0.00,        0.00,        0.00,        1.00,        4.25,        0.00,        0.00,        1.00,        1.00,        0.00
     2827.00,       64.52,       45.31,        0.00,        0.00,        0.00,        0.00,        1.00,        4.25,        0.00,        0.00,        1.00,        1.00,        0.00
     2828.00,       64.52,       48.89,        0.00,        0.00,        0.00,        0.00,        1.00,        4.25,        0.00,        0.00,        1.00,        1.00,        0.00
     2829.00,       64.52,       42.01,        0.00,        0.00,        0.00,        0.00,        1.00,        4.25,        0.00,        0.00,        1.00,        1.00,        0.00
     2830.00,       64.52,       36.51,        0.00,        0.00,        0.00,        0.00,        1.00,        4.25,        0.00,        0.00,        1.00,        1.00,        0.00
     2831.00,       64.52,       36.93,        0.00,        0.00,        0.00,        0.00,        1.00,        4.25,        0.00,        0.00,        1.00,        1.00,        0.00
     2832.00,       64.52,       30.54,        0.00,        0.00,        0.00,        0.00,        1.00,        4.25,        0.00,        0.00,        1.00,        1.00,        0.00
     2833.00,       64.52,       26.23,        0.00,        0.00,        0.00,        0.00,        1.00,        4.25,        0.00,        0.00,        1.00,        1.00,        0.00
     2834.00,       64.52,       24.41,        0.00,        0.00,        0.00,        0.00,        1.00,        4.25,        0.00,        0.00,        1.00,        1.00,        0.00
     2835.00,       64.52,       23.63,        0.00,        0.00,        0.00,        0.00,        1.00,        4.25,        0.00,        0.00,        1.00,        1.00,        0.00
     2836.00,       64.52,       27.63,        0.00,        0.00,        0.00,        0.00,        1.00,        4.25,        0.00,        0.00,        1.00,        1.00,        0.00
     2837.00,       64.52,       34.50,        0.00,        0.00,        0.00,        0.00,        1.00,        4.25,        0.00,        0.00,        1.00,        1.00,        0.00
     2838.00,       64.52,       44.37,        0.00,        0.00,        0.00,        0.00,        1.00,        4.25,        0.00,        0.00,        1.00,        1.00,        0.00
     2839.00,       64.52,       50.46,        0.00,        0.00,        0.00,        0.00,        1.00,        4.25,        0.00,        0.00,        1.00,        1.00,        0.00
     2840.00,       64.52,       44.03,        0.00,        0.00,        0.00,        0.00,        1.00,        4.25,        0.00,        0.00,        1.00,        1.00,        0.00
     2841.00,       64.52,       48.53,        0.00,        0.00,        0.00,        0.00,        1.00,        4.25,        0.00,        0.00,        1.00,        1.00,        0.00
     2842.00,       64.52,       45.78,        0.00,        0.00,        0.00,        0.00,        1.00,        4.25,        0.00,        0.00,        1.00,        1.00,        0.00
     2843.00,       64.52,       47.84,        0.00,        0.00,        0.00,        0.00,        1.00,        4.25,        0.00,        0.00,        1.00,        1.00,        0.00
     2844.00,       64.52,       45.56,        0.00,        0.00,        0.00,        0.00,        1.00,        4.25,        0.00,        0.00,        1.00,        1.00,        0.00
     2845.00,       64.52,       51.59,        0.00,        0.00,        0.00,        0.00,        1.00,        4.25,        0.00,        0.00,        1.00,        1.00,        0.00
     2846.00,       64.52,       48.95,        0.00,        0.00,        0.00,        0.00,        1.00,        4.25,        0.00,        0.00,        1.00,        1.00,        0.00
     2847.00,       64.52,       53.57,        0.00,        0.00,        0.00,        0.00,        1.00,        4.25,        0.00,        0.00,        1.00,        1.00,        0.00
     2848.00,       64.52,       67.25,        0.00,        0.00,        0.00,        0.00,        1.00,        4.25,        0.00,        0.00,        1.00,        1.00,        0.00
     2849.00,       64.52,       82.12,        0.00,        0.00,        0.00,        0.00,        1.00,        4.25,        0.00,        0.00,        1.00,        1.00,        0.00
     2850.00,       64.52,      109.91,        0.00,        0.00,        0.00,        0.00,        1.00,        4.25,        0.00,        0.00,        1.00,        1.00,        0.00
     2851.00,       64.52,       74.67,        0.00,        0.00,        0.00,        0.00,        1.00,        4.25,        0.00,        0.00,        1.00,        1.00,        0.00
     2852.00,       64.52,       78.20,        0.00,        0.00,        0.00,        0.00,        1.00,        4.25,        0.00,        0.00,        1.00,        1.00,        0.00
     2853.00,       64.52,       65.96,        0.00,        0.00,        0.00,        0.00,        1.00,        4.25,        0.00,        0.00,        1.00,        1.00,        0.00
     2854.00,       64.52,       41.63,        0.00,        0.00,        0.00,        0.00,        1.00,        4.25,        0.00,        0.00,        1.00,        1.00,        0.00
     2855.00,       64.52,       36.69,        0.00,        0.00,        0.00,        0.00,        1.00,        4.25,        0.00,        0.00,        1.00,        1.00,        0.00
     2856.00,       64.52,       30.27,        0.00,        0.00,        0.00,        0.00,        1.00,        4.25,        0.00,        0.00,        1.00,        1.00,        0.00
     2857.00,       64.52,       28.59,        0.00,        0.00,        0.00,        0.00,        1.00,        4.25,        0.00,        0.00,        1.00,        1.00,        0.00
     2858.00,       64.52,       24.25,        0.00,        0.00,        0.00,        0.00,        1.00,        4.25,        0.00,        0.00,        1.00,        1.00,        0.00
     2859.00,       64.52,       25.11,        0.00,        0.00,        0.00,        0.00,        1.00,        4.25,        0.00,        0.00,        1.00,        1.00,        0.00
     2860.00,       64.52,       29.21,        0.00,        0.00,        0.00,        0.00,        1.00,        4.25,        0.00,        0.00,        1.00,        1.00,        0.00
     2861.00,       64.52,       34.47,        0.00,        0.00,        0.00,        0.00,        1.00,        4.25,        0.00,        0.00,        1.00,        1.00,        0.00
     2862.00,       64.52,       36.88,        0.00,        0.00,        0.00,        0.00,        1.00,        4.25,        0.00,        0.00,        1.00,        1.00,        0.00
     2863.00,       64.52,       38.69,        0.00,        0.00,        0.00,        0.00,        1.00,        4.25,        0.00,        0.00,        1.00,        1.00,        0.00
     2864.00,       64.52,       40.20,        0.00,        0.00,        0.00,        0.00,        1.00,        4.25,        0.00,        0.00,        1.00,        1.00,        0.00
     2865.00,       64.52,       47.46,        0.00,        0.00,        0.00,        0.00,        1.00,        4.25,        0.00,        0.00,        1.00,        1.00,        0.00
     2866.00,       64.52,       48.52,        0.00,        0.00,        0.00,        0.00,        1.00,        4.25,        0.00,        0.00,        1.00,        1.00,        0.00
     2867.00,       64.52,       56.35,        0.00,        0.00,        0.00,        0.00,        1.00,        4.25,        0.00,        0.00,        1.00,        1.00,        0.00
     2868.00,       64.52,       53.55,        0.00,        0.00,        0.00,        0.00,        1.00,        4.25,        0.00,        0.00,        1.00,        1.00,        0.00
     2869.00,       64.52,       66.98,        0.00,        0.00,        0.00,        0.00,        1.00,        4.25,        0.00,        0.00,        1.00,        1.00,        0.00
     2870.00,       64.52,       73.77,        0.00,        0.00,        0.00,        0.00,        1.00,        4.25,        0.00,        0.00,        1.00,        1.00,        0.00
     2871.00,       64.52,      182.11,        0.00,        0.00,        0.00,        0.00,        1.00,        4.25,        0.00,        0.00,        1.00,        1.00,        0.00
     2872.00,       64.52,      496.53,        0.00,        0.00,        0.00,        0.00,        1.00,        4.25,        0.00,        0.00,        1.00,        1.00,        0.00
     2873.00,       64.52,      116.90,        0.00,        0.00,        0.00,        0.00,        1.00,        4.25,        0.00,        0.00,        1.00,        1.00,        0.00
     2874.00,       64.52,      129.95,        0.00,        0.00,        0.00,        0.00,        1.00,        4.25,        0.00,        0.00,        1.00,        1.00,        0.00
     2875.00,       64.52,       95.63,        0.00,        0.00,        0.00,        0.00,        1.00,        4.25,        0.00,        0.00,        1.00,        1.00,        0.00
     2876.00,       64.52,       90.14,        0.00,        0.00,        0.00,        0.00,        1.00,        4.25,        0.00,        0.00,        1.00,        1.00,        0.00
     2877.00,       64.52,       68.99,        0.00,        0.00,        0.00,        0.00,        1.00,        4.25,        0.00,        0.00,        1.00,        1.00,        0.00
     2878.00,       64.52,       42.96,        0.00,        0.00,        0.00,        0.00,        1.00,        4.25,        0.00,        0.00,        1.00,        1.00,        0.00
     2879.00,       64.52,       38.15,        0.00,        0.00,        0.00,        0.00,        1.00,        4.25,        0.00,        0.00,        1.00,        1.00,        0.00
     2880.00,       64.52,       38.25,        0.00,        0.00,        0.00,        0.00,        1.00,        4.25,        0.00,        0.00,        1.00,        1.00,        0.00
     2881.00,       64.52,       36.91,        0.00,        0.00,        0.00,        0.00,        1.00,        4.25,        0.00,        0.00,        1.00,        1.00,        0.00
     2882.00,       64.52,       35.84,        0.00,        0.00,        0.00,        0.00,        1.00,        4.25,        0.00,        0.00,        1.00,        1.00,        0.00
     2883.00,       64.52,       33.46,        0.00,        0.00,        0.00,        0.00,        1.00,        4.25,        0.00,        0.00,        1.00,        1.00,        0.00
     2884.00,       64.52,       35.37,        0.00,        0.00,        0.00,        0.00,        1.00,        4.25,        0.00,        0.00,        1.00,        1.00,        0.00
     2885.00,       64.52,       40.15,        0.00,        0.00,        0.00,        0.00,        1.00,        4.25,        0.00,        0.00,        1.00,        1.00,        0.00
     2886.00,       64.52,       35.95,        0.00,        0.00,        0.00,        0.00,        1.00,        4.25,        0.00,        0.00,        1.00,        1.00,        0.00
     2887.00,       64.52,       41.16,        0.00,        0.00,        0.00,        0.00,        1.00,        4.25,        0.00,        0.00,        1.00,        1.00,        0.00
     2888.00,       64.52,       42.52,        0.00,        0.00,        0.00,        0.00,        1.00,        4.25,        0.00,        0.00,        1.00,        1.00,        0.00
     2889.00,       64.52,       43.06,        0.00,        0.00,        0.00,        0.00,        1.00,        4.25,        0.00,        0.00,        1.00,        1.00,        0.00
     2890.00,       64.52,       41.12,        0.00,        0.00,        0.00,        0.00,        1.00,        4.25,        0.00,        0.00,        1.00,        1.00,        0.00
     2891.00,       64.52,       42.50,        0.00,        0.00,        0.00,        0.00,        1.00,        4.25,        0.00,        0.00,        1.00,        1.00,        0.00
     2892.00,       64.52,       40.00,        0.00,        0.00,        0.00,        0.00,        1.00,        4.25,        0.00,        0.00,        1.00,        1.00,        0.00
     2893.00,       64.52,       41.79,        0.00,        0.00,        0.00,        0.00,        1.00,        4.25,        0.00,        0.00,        1.00,        1.00,        0.00
     2894.00,       64.52,       51.23,        0.00,        0.00,        0.00,        0.00,        1.00,        4.25,        0.00,        0.00,        1.00,        1.00,        0.00
     2895.00,       64.52,       61.07,        0.00,        0.00,        0.00,        0.00,        1.00,        4.25,        0.00,        0.00,        1.00,        1.00,        0.00
     2896.00,       64.52,      128.43,        0.00,        0.00,        0.00,        0.00,        1.00,        4.25,        0.00,        0.00,        1.00,        1.00,        0.00
     2897.00,       64.52,       74.03,        0.00,        0.00,        0.00,        0.00,        1.00,        4.25,        0.00,        0.00,        1.00,        1.00,        0.00
     2898.00,       64.52,       56.65,        0.00,        0.00,        0.00,        0.00,        1.00,        4.25,        0.00,        0.00,        1.00,        1.00,        0.00
     2899.00,       64.52,       57.65,        0.00,        0.00,        0.00,        0.00,        1.00,        4.25,        0.00,        0.00,        1.00,        1.00,        0.00
     2900.00,       64.52,       60.47,        0.00,        0.00,        0.00,        0.00,        1.00,        4.25,        0.00,        0.00,        1.00,        1.00,        0.00
     2901.00,       64.52,       46.95,        0.00,        0.00,        0.00,        0.00,        1.00,        4.25,        0.00,        0.00,        1.00,        1.00,        0.00
     2902.00,       64.52,       39.01,        0.00,        0.00,        0.00,        0.00,        1.00,        4.25,        0.00,        0.00,        1.00,        1.00,        0.00
     2903.00,       64.52,       36.22,        0.00,        0.00,        0.00,        0.00,        1.00,        4.25,        0.00,        0.00,        1.00,        1.00,        0.00
     2904.00,       64.52,       36.93,        0.00,        0.00,        0.00,        0.00,        1.00,        4.25,        0.00,        0.00,        1.00,        1.00,        0.00
     2905.00,       64.52,       34.15,        0.00,        0.00,        0.00,        0.00,        1.00,        4.25,        0.00,        0.00,        1.00,        1.00,        0.00
     2906.00,       64.52,       33.56,        0.00,        0.00,        0.00,        0.00,        1.00,        4.25,        0.00,        0.00,        1.00,        1.00,        0.00
     2907.00,       64.52,       30.75,        0.00,        0.00,        0.00,        0.00,        1.00,        4.25,        0.00,        0.00,        1.00,        1.00,        0.00
     2908.00,       64.52,       31.28,        0.00,        0.00,        0.00,        0.00,        1.00,        4.25,        0.00,        0.00,        1.00,        1.00,        0.00
     2909.00,       64.52,       35.05,        0.00,        0.00,        0.00,        0.00,        1.00,        4.25,        0.00,        0.00,        1.00,        1.00,        0.00
     2910.00,       64.52,       33.45,        0.00,        0.00,        0.00,        0.00,        1.00,        4.25,        0.00,        0.00,        1.00,        1.00,        0.00
     2911.00,       64.52,       38.21,        0.00,        0.00,        0.00,        0.00,        1.00,        4.25,        0.00,        0.00,        1.00,        1.00,        0.00
     2912.00,       64.52,       41.03,        0.00,        0.00,        0.00,        0.00,        1.00,        4.25,        0.00,        0.00,        1.00,        1.00,        0.00
     2913.00,       64.52,       41.18,        0.00,        0.00,        0.00,        0.00,        1.00,        4.25,        0.00,        0.00,        1.00,        1.00,        0.00
     2914.00,       64.52,       43.10,        0.00,        0.00,        0.00,        0.00,        1.00,        4.25,        0.00,        0.00,        1.00,        1.00,        0.00
     2915.00,       64.52,       45.79,        0.00,        0.00,        0.00,        0.00,        1.00,        4.25,        0.00,        0.00,        1.00,        1.00,        0.00
     2916.00,       64.52,       46.20,        0.00,        0.00,        0.00,        0.00,        1.00,        4.25,        0.00,        0.00,        1.00,        1.00,        0.00
     2917.00,       64.52,       44.87,        0.00,        0.00,        0.00,        0.00,        1.00,        4.25,        0.00,        0.00,        1.00,        1.00,        0.00
     2918.00,       64.52,       55.77,        0.00,        0.00,        0.00,        0.00,        1.00,        4.25,        0.00,        0.00,        1.00,        1.00,        0.00
     2919.00,       64.52,       56.72,        0.00,        0.00,        0.00,        0.00,        1.00,        4.25,        0.00,        0.00,        1.00,        1.00,        0.00
     2920.00,       64.52,       59.05,        0.00,        0.00,        0.00,        0.00,        1.00,        4.25,        0.00,        0.00,        1.00,        1.00,        0.00
     2921.00,       64.52,       58.54,        0.00,        0.00,        0.00,        0.00,        1.00,        4.25,        0.00,        0.00,        1.00,        1.00,        0.00
     2922.00,       64.52,       62.49,        0.00,        0.00,        0.00,        0.00,        1.00,        4.25,        0.00,        0.00,        1.00,        1.00,        0.00
     2923.00,       64.52,       62.68,        0.00,        0.00,        0.00,        0.00,        1.00,        4.25,        0.00,        0.00,        1.00,        1.00,        0.00
     2924.00,       64.52,      124.69,        0.00,        0.00,        0.00,        0.00,        1.00,        4.25,        0.00,        0.00,        1.00,        1.00,        0.00
     2925.00,       64.52,       62.63,        0.00,        0.00,        0.00,        0.00,        1.00,        4.25,        0.00,        0.00,        1.00,        1.00,        0.00
     2926.00,       64.52,       40.88,        0.00,        0.00,        0.00,        0.00,        1.00,        4.25,        0.00,        0.00,        1.00,        1.00,        0.00
     2927.00,       64.52,       35.03,        0.00,        0.00,        0.00,        0.00,        1.00,        4.25,        0.00,        0.00,        1.00,        1.00,        0.00
     2928.00,       64.52,       30.88,        0.00,        0.00,        0.00,        0.00,        1.00,        4.25,        0.00,        0.00,        1.00,        1.00,        0.00
     2929.00,       64.52,       29.39,        0.00,        0.00,        0.00,        0.00,        1.00,        4.25,        0.00,        0.00,        1.00,        1.00,        0.00
     2930.00,       64.52,       27.36,        0.00,        0.00,        0.00,        0.00,        1.00,        4.25,        0.00,        0.00,        1.00,        1.00,        0.00
     2931.00,       64.52,       26.82,        0.00,        0.00,        0.00,        0.00,        1.00,        4.25,        0.00,        0.00,        1.00,        1.00,        0.00
     2932.00,       64.52,       27.50,        0.00,        0.00,        0.00,        0.00,        1.00,        4.25,        0.00,        0.00,        1.00,        1.00,        0.00
     2933.00,       64.52,       27.58,        0.00,        0.00,        0.00,        0.00,        1.00,        4.25,        0.00,        0.00,        1.00,        1.00,        0.00
     2934.00,       64.52,       27.76,        0.00,        0.00,        0.00,        0.00,        1.00,        4.25,        0.00,        0.00,        1.00,        1.00,        0.00
     2935.00,       64.52,       26.64,        0.00,        0.00,        0.00,        0.00,        1.00,        4.25,        0.00,        0.00,        1.00,        1.00,        0.00
     2936.00,       64.52,       25.92,        0.00,        0.00,        0.00,        0.00,        1.00,        4.25,        0.00,        0.00,        1.00,        1.00,        0.00
     2937.00,       64.52,       31.90,        0.00,        0.00,        0.00,        0.00,        1.00,        4.25,        0.00,        0.00,        1.00,        1.00,        0.00
     2938.00,       64.52,       34.90,        0.00,        0.00,        0.00,        0.00,        1.00,        4.25,        0.00,        0.00,        1.00,        1.00,        0.00
     2939.00,       64.52,       31.82,        0.00,        0.00,        0.00,        0.00,        1.00,        4.25,        0.00,        0.00,        1.00,        1.00,        0.00
     2940.00,       64.52,       33.78,        0.00,        0.00,        0.00,        0.00,        1.00,        4.25,        0.00,        0.00,        1.00,        1.00,        0.00
     2941.00,       64.52,       29.57,        0.00,        0.00,        0.00,        0.00,        1.00,        4.25,        0.00,        0.00,        1.00,        1.00,        0.00
     2942.00,       64.52,       34.25,        0.00,        0.00,        0.00,        0.00,        1.00,        4.25,        0.00,        0.00,        1.00,        1.00,        0.00
     2943.00,       64.52,       33.94,        0.00,        0.00,        0.00,        0.00,        1.00,        4.25,        0.00,        0.00,        1.00,        1.00,        0.00
     2944.00,       64.52,       33.24,        0.00,        0.00,        0.00,        0.00,        1.00,        4.25,        0.00,        0.00,        1.00,        1.00,        0.00
     2945.00,       64.52,       36.79,        0.00,        0.00,        0.00,        0.00,        1.00,        4.25,        0.00,        0.00,        1.00,        1.00,        0.00
     2946.00,       64.52,       42.90,        0.00,        0.00,        0.00,        0.00,        1.00,        4.25,        0.00,        0.00,        1.00,        1.00,        0.00
     2947.00,       64.52,       45.03,        0.00,        0.00,        0.00,        0.00,        1.00,        4.25,        0.00,        0.00,        1.00,        1.00,        0.00
     2948.00,       64.52,       61.93,        0.00,        0.00,        0.00,        0.00,        1.00,        4.25,        0.00,        0.00,        1.00,        1.00,        0.00
     2949.00,       64.52,       49.49,        0.00,        0.00,        0.00,        0.00,        1.00,        4.25,        0.00,        0.00,        1.00,        1.00,        0.00
     2950.00,       64.52,       34.45,        0.00,        0.00,        0.00,        0.00,        1.00,        4.25,        0.00,        0.00,        1.00,        1.00,        0.00
     2951.00,       64.52,       38.12,        0.00,        0.00,        0.00,        0.00,        1.00,        4.25,        0.00,        0.00,        1.00,        1.00,        0.00
     2952.00,       64.52,       43.25,        0.00,        0.00,        0.00,        0.00,        1.00,        4.25,        0.00,        0.00,        1.00,        1.00,        0.00
     2953.00,       64.52,       38.85,        0.00,        0.00,        0.00,        0.00,        1.00,        4.25,        0.00,        0.00,        1.00,        1.00,        0.00
     2954.00,       64.52,       32.78,        0.00,        0.00,        0.00,        0.00,        1.00,        4.25,        0.00,        0.00,        1.00,        1.00,        0.00
     2955.00,       64.52,       33.76,        0.00,        0.00,        0.00,        0.00,        1.00,        4.25,        0.00,        0.00,        1.00,        1.00,        0.00
     2956.00,       64.52,       36.91,        0.00,        0.00,        0.00,        0.00,        1.00,        4.25,        0.00,        0.00,        1.00,        1.00,        0.00
     2957.00,       64.52,       41.52,        0.00,        0.00,        0.00,        0.00,        1.00,        4.25,        0.00,        0.00,        1.00,        1.00,        0.00
     2958.00,       64.52,       48.97,        0.00,        0.00,        0.00,        0.00,        1.00,        4.25,        0.00,        0.00,        1.00,        1.00,        0.00
     2959.00,       64.52,       51.09,        0.00,        0.00,        0.00,        0.00,        1.00,        4.25,        0.00,        0.00,        1.00,        1.00,        0.00
     2960.00,       64.52,       48.70,        0.00,        0.00,        0.00,        0.00,        1.00,        4.25,        0.00,        0.00,        1.00,        1.00,        0.00
     2961.00,       64.52,       57.20,        0.00,        0.00,        0.00,        0.00,        1.00,        4.25,        0.00,        0.00,        1.00,        1.00,        0.00
     2962.00,       64.52,       54.64,        0.00,        0.00,        0.00,        0.00,        1.00,        4.25,        0.00,        0.00,        1.00,        1.00,        0.00
     2963.00,       64.52,       52.29,        0.00,        0.00,        0.00,        0.00,        1.00,        4.25,        0.00,        0.00,        1.00,        1.00,        0.00
     2964.00,       64.52,       49.78,        0.00,        0.00,        0.00,        0.00,        1.00,        4.25,        0.00,        0.00,        1.00,        1.00,        0.00
     2965.00,       64.52,       47.86,        0.00,        0.00,        0.00,        0.00,        1.00,        4.25,        0.00,        0.00,        1.00,        1.00,        0.00
     2966.00,       64.52,       48.11,        0.00,        0.00,        0.00,        0.00,        1.00,        4.25,        0.00,        0.00,        1.00,        1.00,        0.00
     2967.00,       64.52,       37.66,        0.00,        0.00,        0.00,        0.00,        1.00,        4.25,        0.00,        0.00,        1.00,        1.00,        0.00
     2968.00,       64.52,       38.58,        0.00,        0.00,        0.00,        0.00,        1.00,        4.25,        0.00,        0.00,        1.00,        1.00,        0.00
     2969.00,       64.52,       34.78,        0.00,        0.00,        0.00,        0.00,        1.00,        4.25,        0.00,        0.00,        1.00,        1.00,        0.00
     2970.00,       64.52,       39.53,        0.00,        0.00,        0.00,        0.00,        1.00,        4.25,        0.00,        0.00,        1.00,        1.00,        0.00
     2971.00,       64.52,       44.52,        0.00,        0.00,        0.00,        0.00,        1.00,        4.25,        0.00,        0.00,        1.00,        1.00,        0.00
     2972.00,       64.52,       51.08,        0.00,        0.00,        0.00,        0.00,        1.00,        4.25,        0.00,        0.00,        1.00,        1.00,        0.00
     2973.00,       64.52,       44.68,        0.00,        0.00,        0.00,        0.00,        1.00,        4.25,        0.00,        0.00,        1.00,        1.00,        0.00
     2974.00,       64.52,       35.99,        0.00,        0.00,        0.00,        0.00,        1.00,        4.25,        0.00,        0.00,        1.00,        1.00,        0.00
     2975.00,       64.52,       35.33,        0.00,        0.00,        0.00,        0.00,        1.00,        4.25,        0.00,        0.00,        1.00,        1.00,        0.00
     2976.00,       64.52,       28.12,        0.00,        0.00,        0.00,        0.00,        1.00,        4.25,        0.00,        0.00,        1.00,        1.00,        0.00
     2977.00,       64.52,       25.97,        0.00,        0.00,        0.00,        0.00,        1.00,        4.25,        0.00,        0.00,        1.00,        1.00,        0.00
     2978.00,       64.52,       24.66,        0.00,        0.00,        0.00,        0.00,        1.00,        4.25,        0.00,        0.00,        1.00,        1.00,        0.00
     2979.00,       64.52,       27.31,        0.00,        0.00,        0.00,        0.00,        1.00,        4.25,        0.00,        0.00,        1.00,        1.00,        0.00
     2980.00,       64.52,       25.59,        0.00,        0.00,        0.00,        0.00,        1.00,        4.25,        0.00,        0.00,        1.00,        1.00,        0.00
     2981.00,       64.52,       30.66,        0.00,        0.00,        0.00,        0.00,        1.00,        4.25,        0.00,        0.00,        1.00,        1.00,        0.00
     2982.00,       64.52,       38.08,        0.00,        0.00,        0.00,        0.00,        1.00,        4.25,        0.00,        0.00,        1.00,        1.00,        0.00
     2983.00,       64.52,       38.86,        0.00,        0.00,        0.00,        0.00,        1.00,        4.25,        0.00,        0.00,        1.00,        1.00,        0.00
     2984.00,       64.52,       44.03,        0.00,        0.00,        0.00,        0.00,        1.00,        4.25,        0.00,        0.00,        1.00,        1.00,        0.00
     2985.00,       64.52,       48.66,        0.00,        0.00,        0.00,        0.00,        1.00,        4.25,        0.00,        0.00,        1.00,        1.00,        0.00
     2986.00,       64.52,       47.24,        0.00,        0.00,        0.00,        0.00,        1.00,        4.25,        0.00,        0.00,        1.00,        1.00,        0.00
     2987.00,       64.52,       49.98,        0.00,        0.00,        0.00,        0.00,        1.00,        4.25,        0.00,        0.00,        1.00,        1.00,        0.00
     2988.00,       64.52,       47.37,        0.00,        0.00,        0.00,        0.00,        1.00,        4.25,        0.00,        0.00,        1.00,        1.00,        0.00
     2989.00,       64.52,       48.11,        0.00,        0.00,        0.00,        0.00,        1.00,        4.25,        0.00,        0.00,        1.00,        1.00,        0.00
     2990.00,       64.52,       46.20,        0.00,        0.00,        0.00,        0.00,        1.00,        4.25,        0.00,        0.00,        1.00,        1.00,        0.00
     2991.00,       64.52,       44.72,        0.00,        0.00,        0.00,        0.00,        1.00,        4.25,        0.00,        0.00,        1.00,        1.00,        0.00
     2992.00,       64.52,       42.98,        0.00,        0.00,        0.00,        0.00,        1.00,        4.25,        0.00,        0.00,        1.00,        1.00,        0.00
     2993.00,       64.52,       38.55,        0.00,        0.00,        0.00,        0.00,        1.00,        4.25,        0.00,        0.00,        1.00,        1.00,        0.00
     2994.00,       64.52,       39.89,        0.00,        0.00,        0.00,        0.00,        1.00,        4.25,        0.00,        0.00,        1.00,        1.00,        0.00
     2995.00,       64.52,       45.75,        0.00,        0.00,        0.00,        0.00,        1.00,        4.25,        0.00,        0.00,        1.00,        1.00,        0.00
     2996.00,       64.52,       52.18,        0.00,        0.00,        0.00,        0.00,        1.00,        4.25,        0.00,        0.00,        1.00,        1.00,        0.00
     2997.00,       64.52,       43.57,        0.00,        0.00,        0.00,        0.00,        1.00,        4.25,        0.00,        0.00,        1.00,        1.00,        0.00
     2998.00,       64.52,       36.91,        0.00,        0.00,        0.00,        0.00,        1.00,        4.25,        0.00,        0.00,        1.00,        1.00,        0.00
     2999.00,       64.52,       31.58,        0.00,        0.00,        0.00,        0.00,        1.00,        4.25,        0.00,        0.00,        1.00,        1.00,        0.00
     3000.00,       64.52,       31.75,        0.00,        0.00,        0.00,        0.00,        1.00,        4.25,        0.00,        0.00,        1.00,        1.00,        0.00
     3001.00,       64.52,       29.12,        0.00,        0.00,        0.00,        0.00,        1.00,        4.25,        0.00,        0.00,        1.00,        1.00,        0.00
     3002.00,       64.52,       28.94,        0.00,        0.00,        0.00,        0.00,        1.00,        4.25,        0.00,        0.00,        1.00,        1.00,        0.00
     3003.00,       64.52,       29.11,        0.00,        0.00,        0.00,        0.00,        1.00,        4.25,        0.00,        0.00,        1.00,        1.00,        0.00
     3004.00,       64.52,       35.36,        0.00,        0.00,        0.00,        0.00,        1.00,        4.25,        0.00,        0.00,        1.00,        1.00,        0.00
     3005.00,       64.52,       33.92,        0.00,        0.00,        0.00,        0.00,        1.00,        4.25,        0.00,        0.00,        1.00,        1.00,        0.00
     3006.00,       64.52,       43.20,        0.00,        0.00,        0.00,        0.00,        1.00,        4.25,        0.00,        0.00,        1.00,        1.00,        0.00
     3007.00,       64.52,       55.21,        0.00,        0.00,        0.00,        0.00,        1.00,        4.25,        0.00,        0.00,        1.00,        1.00,        0.00
     3008.00,       64.52,       62.51,        0.00,        0.00,        0.00,        0.00,        1.00,        4.25,        0.00,        0.00,        1.00,        1.00,        0.00
     3009.00,       64.52,       87.86,        0.00,        0.00,        0.00,        0.00,        1.00,        4.25,        0.00,        0.00,        1.00,        1.00,        0.00
     3010.00,       64.52,       62.70,        0.00,        0.00,        0.00,        0.00,        1.00,        4.25,        0.00,        0.00,        1.00,        1.00,        0.00
     3011.00,       64.52,       61.72,        0.00,        0.00,        0.00,        0.00,        1.00,        4.25,        0.00,        0.00,        1.00,        1.00,        0.00
     3012.00,       64.52,       57.56,        0.00,        0.00,        0.00,        0.00,        1.00,        4.25,        0.00,        0.00,        1.00,        1.00,        0.00
     3013.00,       64.52,       60.65,        0.00,        0.00,        0.00,        0.00,        1.00,        4.25,        0.00,        0.00,        1.00,        1.00,        0.00
     3014.00,       64.52,       58.77,        0.00,        0.00,        0.00,        0.00,        1.00,        4.25,        0.00,        0.00,        1.00,        1.00,        0.00
     3015.00,       64.52,       55.60,        0.00,        0.00,        0.00,        0.00,        1.00,        4.25,        0.00,        0.00,        1.00,        1.00,        0.00
     3016.00,       64.52,       61.22,        0.00,        0.00,        0.00,        0.00,        1.00,        4.25,        0.00,        0.00,        1.00,        1.00,        0.00
     3017.00,       64.52,       50.00,        0.00,        0.00,        0.00,        0.00,        1.00,        4.25,        0.00,        0.00,        1.00,        1.00,        0.00
     3018.00,       64.52,       55.26,        0.00,        0.00,        0.00,        0.00,        1.00,        4.25,        0.00,        0.00,        1.00,        1.00,        0.00
     3019.00,       64.52,       50.90,        0.00,        0.00,        0.00,        0.00,        1.00,        4.25,        0.00,        0.00,        1.00,        1.00,        0.00
     3020.00,       64.52,       74.30,        0.00,        0.00,        0.00,        0.00,        1.00,        4.25,        0.00,        0.00,        1.00,        1.00,        0.00
     3021.00,       64.52,       46.53,        0.00,        0.00,        0.00,        0.00,        1.00,        4.25,        0.00,        0.00,        1.00,        1.00,        0.00
     3022.00,       64.52,       40.41,        0.00,        0.00,        0.00,        0.00,        1.00,        4.25,        0.00,        0.00,        1.00,        1.00,        0.00
     3023.00,       64.52,       36.29,        0.00,        0.00,        0.00,        0.00,        1.00,        4.25,        0.00,        0.00,        1.00,        1.00,        0.00
     3024.00,       64.52,       35.16,        0.00,        0.00,        0.00,        0.00,        1.00,        4.25,        0.00,        0.00,        1.00,        1.00,        0.00
     3025.00,       64.52,       32.93,        0.00,        0.00,        0.00,        0.00,        1.00,        4.25,        0.00,        0.00,        1.00,        1.00,        0.00
     3026.00,       64.52,       26.81,        0.00,        0.00,        0.00,        0.00,        1.00,        4.25,        0.00,        0.00,        1.00,        1.00,        0.00
     3027.00,       64.52,       29.38,        0.00,        0.00,        0.00,        0.00,        1.00,        4.25,        0.00,        0.00,        1.00,        1.00,        0.00
     3028.00,       64.52,       31.80,        0.00,        0.00,        0.00,        0.00,        1.00,        4.25,        0.00,        0.00,        1.00,        1.00,        0.00
     3029.00,       64.52,       37.65,        0.00,        0.00,        0.00,        0.00,        1.00,        4.25,        0.00,        0.00,        1.00,        1.00,        0.00
     3030.00,       64.52,       41.38,        0.00,        0.00,        0.00,        0.00,        1.00,        4.25,        0.00,        0.00,        1.00,        1.00,        0.00
     3031.00,       64.52,       43.26,        0.00,        0.00,        0.00,        0.00,        1.00,        4.25,        0.00,        0.00,        1.00,        1.00,        0.00
     3032.00,       64.52,       46.06,        0.00,        0.00,        0.00,        0.00,        1.00,        4.25,        0.00,        0.00,        1.00,        1.00,        0.00
     3033.00,       64.52,       50.15,        0.00,        0.00,        0.00,        0.00,        1.00,        4.25,        0.00,        0.00,        1.00,        1.00,        0.00
     3034.00,       64.52,       49.56,        0.00,        0.00,        0.00,        0.00,        1.00,        4.25,        0.00,        0.00,        1.00,        1.00,        0.00
     3035.00,       64.52,       51.08,        0.00,        0.00,        0.00,        0.00,        1.00,        4.25,        0.00,        0.00,        1.00,        1.00,        0.00
     3036.00,       64.52,       48.86,        0.00,        0.00,        0.00,        0.00,        1.00,        4.25,        0.00,        0.00,        1.00,        1.00,        0.00
     3037.00,       64.52,       49.93,        0.00,        0.00,        0.00,        0.00,        1.00,        4.25,        0.00,        0.00,        1.00,        1.00,        0.00
     3038.00,       64.52,       45.12,        0.00,        0.00,        0.00,        0.00,        1.00,        4.25,        0.00,        0.00,        1.00,        1.00,        0.00
     3039.00,       64.52,       45.61,        0.00,        0.00,        0.00,        0.00,        1.00,        4.25,        0.00,        0.00,        1.00,        1.00,        0.00
     3040.00,       64.52,       49.37,        0.00,        0.00,        0.00,        0.00,        1.00,        4.25,        0.00,        0.00,        1.00,        1.00,        0.00
     3041.00,       64.52,       47.02,        0.00,        0.00,        0.00,        0.00,        1.00,        4.25,        0.00,        0.00,        1.00,        1.00,        0.00
     3042.00,       64.52,       46.93,        0.00,        0.00,        0.00,        0.00,        1.00,        4.25,        0.00,        0.00,        1.00,        1.00,        0.00
     3043.00,       64.52,       47.40,        0.00,        0.00,        0.00,        0.00,        1.00,        4.25,        0.00,        0.00,        1.00,        1.00,        0.00
     3044.00,       64.52,       59.95,        0.00,        0.00,        0.00,        0.00,        1.00,        4.25,        0.00,        0.00,        1.00,        1.00,        0.00
     3045.00,       64.52,       50.18,        0.00,        0.00,        0.00,        0.00,        1.00,        4.25,        0.00,        0.00,        1.00,        1.00,        0.00
     3046.00,       64.52,       44.49,        0.00,        0.00,        0.00,        0.00,        1.00,        4.25,        0.00,        0.00,        1.00,        1.00,        0.00
     3047.00,       64.52,       40.00,        0.00,        0.00,        0.00,        0.00,        1.00,        4.25,        0.00,        0.00,        1.00,        1.00,        0.00
     3048.00,       64.52,       36.06,        0.00,        0.00,        0.00,        0.00,        1.00,        4.25,        0.00,        0.00,        1.00,        1.00,        0.00
     3049.00,       64.52,       33.07,        0.00,        0.00,        0.00,        0.00,        1.00,        4.25,        0.00,        0.00,        1.00,        1.00,        0.00
     3050.00,       64.52,       32.43,        0.00,        0.00,        0.00,        0.00,        1.00,        4.25,        0.00,        0.00,        1.00,        1.00,        0.00
     3051.00,       64.52,       32.66,        0.00,        0.00,        0.00,        0.00,        1.00,        4.25,        0.00,        0.00,        1.00,        1.00,        0.00
     3052.00,       64.52,       36.92,        0.00,        0.00,        0.00,        0.00,        1.00,        4.25,        0.00,        0.00,        1.00,        1.00,        0.00
     3053.00,       64.52,       44.89,        0.00,        0.00,        0.00,        0.00,        1.00,        4.25,        0.00,        0.00,        1.00,        1.00,        0.00
     3054.00,       64.52,       43.59,        0.00,        0.00,        0.00,        0.00,        1.00,        4.25,        0.00,        0.00,        1.00,        1.00,        0.00
     3055.00,       64.52,       44.37,        0.00,        0.00,        0.00,        0.00,        1.00,        4.25,        0.00,        0.00,        1.00,        1.00,        0.00
     3056.00,       64.52,       47.71,        0.00,        0.00,        0.00,        0.00,        1.00,        4.25,        0.00,        0.00,        1.00,        1.00,        0.00
     3057.00,       64.52,       49.62,        0.00,        0.00,        0.00,        0.00,        1.00,        4.25,        0.00,        0.00,        1.00,        1.00,        0.00
     3058.00,       64.52,       49.60,        0.00,        0.00,        0.00,        0.00,        1.00,        4.25,        0.00,        0.00,        1.00,        1.00,        0.00
     3059.00,       64.52,       48.39,        0.00,        0.00,        0.00,        0.00,        1.00,        4.25,        0.00,        0.00,        1.00,        1.00,        0.00
     3060.00,       64.52,       48.24,        0.00,        0.00,        0.00,        0.00,        1.00,        4.25,        0.00,        0.00,        1.00,        1.00,        0.00
     3061.00,       64.52,       47.21,        0.00,        0.00,        0.00,        0.00,        1.00,        4.25,        0.00,        0.00,        1.00,        1.00,        0.00
     3062.00,       64.52,       46.84,        0.00,        0.00,        0.00,        0.00,        1.00,        4.25,        0.00,        0.00,        1.00,        1.00,        0.00
     3063.00,       64.52,       48.17,        0.00,        0.00,        0.00,        0.00,        1.00,        4.25,        0.00,        0.00,        1.00,        1.00,        0.00
     3064.00,       64.52,       48.56,        0.00,        0.00,        0.00,        0.00,        1.00,        4.25,        0.00,        0.00,        1.00,        1.00,        0.00
     3065.00,       64.52,       46.37,        0.00,        0.00,        0.00,        0.00,        1.00,        4.25,        0.00,        0.00,        1.00,        1.00,        0.00
     3066.00,       64.52,       43.94,        0.00,        0.00,        0.00,        0.00,        1.00,        4.25,        0.00,        0.00,        1.00,        1.00,        0.00
     3067.00,       64.52,       43.54,        0.00,        0.00,        0.00,        0.00,        1.00,        4.25,        0.00,        0.00,        1.00,        1.00,        0.00
     3068.00,       64.52,       53.13,        0.00,        0.00,        0.00,        0.00,        1.00,        4.25,        0.00,        0.00,        1.00,        1.00,        0.00
     3069.00,       64.52,       47.38,        0.00,        0.00,        0.00,        0.00,        1.00,        4.25,        0.00,        0.00,        1.00,        1.00,        0.00
     3070.00,       64.52,       39.27,        0.00,        0.00,        0.00,        0.00,        1.00,        4.25,        0.00,        0.00,        1.00,        1.00,        0.00
     3071.00,       64.52,       37.78,        0.00,        0.00,        0.00,        0.00,        1.00,        4.25,        0.00,        0.00,        1.00,        1.00,        0.00
     3072.00,       64.52,       38.02,        0.00,        0.00,        0.00,        0.00,        1.00,        4.25,        0.00,        0.00,        1.00,        1.00,        0.00
     3073.00,       64.52,       34.85,        0.00,        0.00,        0.00,        0.00,        1.00,        4.25,        0.00,        0.00,        1.00,        1.00,        0.00
     3074.00,       64.52,       33.88,        0.00,        0.00,        0.00,        0.00,        1.00,        4.25,        0.00,        0.00,        1.00,        1.00,        0.00
     3075.00,       64.52,       31.41,        0.00,        0.00,        0.00,        0.00,        1.00,        4.25,        0.00,        0.00,        1.00,        1.00,        0.00
     3076.00,       64.52,       35.19,        0.00,        0.00,        0.00,        0.00,        1.00,        4.25,        0.00,        0.00,        1.00,        1.00,        0.00
     3077.00,       64.52,       40.40,        0.00,        0.00,        0.00,        0.00,        1.00,        4.25,        0.00,        0.00,        1.00,        1.00,        0.00
     3078.00,       64.52,       42.68,        0.00,        0.00,        0.00,        0.00,        1.00,        4.25,        0.00,        0.00,        1.00,        1.00,        0.00
     3079.00,       64.52,       42.25,        0.00,        0.00,        0.00,        0.00,        1.00,        4.25,        0.00,        0.00,        1.00,        1.00,        0.00
     3080.00,       64.52,       47.77,        0.00,        0.00,        0.00,        0.00,        1.00,        4.25,        0.00,        0.00,        1.00,        1.00,        0.00
     3081.00,       64.52,       57.26,        0.00,        0.00,        0.00,        0.00,        1.00,        4.25,        0.00,        0.00,        1.00,        1.00,        0.00
     3082.00,       64.52,       56.32,        0.00,        0.00,        0.00,        0.00,        1.00,        4.25,        0.00,        0.00,        1.00,        1.00,        0.00
     3083.00,       64.52,       59.95,        0.00,        0.00,        0.00,        0.00,        1.00,        4.25,        0.00,        0.00,        1.00,        1.00,        0.00
     3084.00,       64.52,       58.96,        0.00,        0.00,        0.00,        0.00,        1.00,        4.25,        0.00,        0.00,        1.00,        1.00,        0.00
     3085.00,       64.52,       59.31,        0.00,        0.00,        0.00,        0.00,        1.00,        4.25,        0.00,        0.00,        1.00,        1.00,        0.00
     3086.00,       64.52,       58.76,        0.00,        0.00,        0.00,        0.00,        1.00,        4.25,        0.00,        0.00,        1.00,        1.00,        0.00
     3087.00,       64.52,       55.60,        0.00,        0.00,        0.00,        0.00,        1.00,        4.25,        0.00,        0.00,        1.00,        1.00,        0.00
     3088.00,       64.52,       55.75,        0.00,        0.00,        0.00,        0.00,        1.00,        4.25,        0.00,        0.00,        1.00,        1.00,        0.00
     3089.00,       64.52,       51.41,        0.00,        0.00,        0.00,        0.00,        1.00,        4.25,        0.00,        0.00,        1.00,        1.00,        0.00
     3090.00,       64.52,       47.03,        0.00,        0.00,        0.00,        0.00,        1.00,        4.25,        0.00,        0.00,        1.00,        1.00,        0.00
     3091.00,       64.52,       47.04,        0.00,        0.00,        0.00,        0.00,        1.00,        4.25,        0.00,        0.00,        1.00,        1.00,        0.00
     3092.00,       64.52,       62.30,        0.00,        0.00,        0.00,        0.00,        1.00,        4.25,        0.00,        0.00,        1.00,        1.00,        0.00
     3093.00,       64.52,       47.86,        0.00,        0.00,        0.00,        0.00,        1.00,        4.25,        0.00,        0.00,        1.00,        1.00,        0.00
     3094.00,       64.52,       40.92,        0.00,        0.00,        0.00,        0.00,        1.00,        4.25,        0.00,        0.00,        1.00,        1.00,        0.00
     3095.00,       64.52,       37.99,        0.00,        0.00,        0.00,        0.00,        1.00,        4.25,        0.00,        0.00,        1.00,        1.00,        0.00
     3096.00,       64.52,       35.40,        0.00,        0.00,        0.00,        0.00,        1.00,        4.25,        0.00,        0.00,        1.00,        1.00,        0.00
     3097.00,       64.52,       33.40,        0.00,        0.00,        0.00,        0.00,        1.00,        4.25,        0.00,        0.00,        1.00,        1.00,        0.00
     3098.00,       64.52,       33.51,        0.00,        0.00,        0.00,        0.00,        1.00,        4.25,        0.00,        0.00,        1.00,        1.00,        0.00
     3099.00,       64.52,       29.35,        0.00,        0.00,        0.00,        0.00,        1.00,        4.25,        0.00,        0.00,        1.00,        1.00,        0.00
     3100.00,       64.52,       30.42,        0.00,        0.00,        0.00,        0.00,        1.00,        4.25,        0.00,        0.00,        1.00,        1.00,        0.00
     3101.00,       64.52,       36.04,        0.00,        0.00,        0.00,        0.00,        1.00,        4.25,        0.00,        0.00,        1.00,        1.00,        0.00
     3102.00,       64.52,       37.22,        0.00,        0.00,        0.00,        0.00,        1.00,        4.25,        0.00,        0.00,        1.00,        1.00,        0.00
     3103.00,       64.52,       44.56,        0.00,        0.00,        0.00,        0.00,        1.00,        4.25,        0.00,        0.00,        1.00,        1.00,        0.00
     3104.00,       64.52,       50.03,        0.00,        0.00,        0.00,        0.00,        1.00,        4.25,        0.00,        0.00,        1.00,        1.00,        0.00
     3105.00,       64.52,       55.43,        0.00,        0.00,        0.00,        0.00,        1.00,        4.25,        0.00,        0.00,        1.00,        1.00,        0.00
     3106.00,       64.52,       53.80,        0.00,        0.00,        0.00,        0.00,        1.00,        4.25,        0.00,        0.00,        1.00,        1.00,        0.00
     3107.00,       64.52,       53.41,        0.00,        0.00,        0.00,        0.00,        1.00,        4.25,        0.00,        0.00,        1.00,        1.00,        0.00
     3108.00,       64.52,       52.99,        0.00,        0.00,        0.00,        0.00,        1.00,        4.25,        0.00,        0.00,        1.00,        1.00,        0.00
     3109.00,       64.52,       51.12,        0.00,        0.00,        0.00,        0.00,        1.00,        4.25,        0.00,        0.00,        1.00,        1.00,        0.00
     3110.00,       64.52,       49.67,        0.00,        0.00,        0.00,        0.00,        1.00,        4.25,        0.00,        0.00,        1.00,        1.00,        0.00
     3111.00,       64.52,       49.17,        0.00,        0.00,        0.00,        0.00,        1.00,        4.25,        0.00,        0.00,        1.00,        1.00,        0.00
     3112.00,       64.52,       43.26,        0.00,        0.00,        0.00,        0.00,        1.00,        4.25,        0.00,        0.00,        1.00,        1.00,        0.00
     3113.00,       64.52,       41.43,        0.00,        0.00,        0.00,        0.00,        1.00,        4.25,        0.00,        0.00,        1.00,        1.00,        0.00
     3114.00,       64.52,       44.30,        0.00,        0.00,        0.00,        0.00,        1.00,        4.25,        0.00,        0.00,        1.00,        1.00,        0.00
     3115.00,       64.52,       54.91,        0.00,        0.00,        0.00,        0.00,        1.00,        4.25,        0.00,        0.00,        1.00,        1.00,        0.00
     3116.00,       64.52,       60.87,        0.00,        0.00,        0.00,        0.00,        1.00,        4.25,        0.00,        0.00,        1.00,        1.00,        0.00
     3117.00,       64.52,       43.64,        0.00,        0.00,        0.00,        0.00,        1.00,        4.25,        0.00,        0.00,        1.00,        1.00,        0.00
     3118.00,       64.52,       38.54,        0.00,        0.00,        0.00,        0.00,        1.00,        4.25,        0.00,        0.00,        1.00,        1.00,        0.00
     3119.00,       64.52,       33.51,        0.00,        0.00,        0.00,        0.00,        1.00,        4.25,        0.00,        0.00,        1.00,        1.00,        0.00
     3120.00,       64.52,       41.31,        0.00,        0.00,        0.00,        0.00,        1.00,        4.25,        0.00,        0.00,        1.00,        1.00,        0.00
     3121.00,       64.52,       38.53,        0.00,        0.00,        0.00,        0.00,        1.00,        4.25,        0.00,        0.00,        1.00,        1.00,        0.00
     3122.00,       64.52,       34.14,        0.00,        0.00,        0.00,        0.00,        1.00,        4.25,        0.00,        0.00,        1.00,        1.00,        0.00
     3123.00,       64.52,       31.01,        0.00,        0.00,        0.00,        0.00,        1.00,        4.25,        0.00,        0.00,        1.00,        1.00,        0.00
     3124.00,       64.52,       37.43,        0.00,        0.00,        0.00,        0.00,        1.00,        4.25,        0.00,        0.00,        1.00,        1.00,        0.00
     3125.00,       64.52,       37.55,        0.00,        0.00,        0.00,        0.00,        1.00,        4.25,        0.00,        0.00,        1.00,        1.00,        0.00
     3126.00,       64.52,       41.31,        0.00,        0.00,        0.00,        0.00,        1.00,        4.25,        0.00,        0.00,        1.00,        1.00,        0.00
     3127.00,       64.52,       45.54,        0.00,        0.00,        0.00,        0.00,        1.00,        4.25,        0.00,        0.00,        1.00,        1.00,        0.00
     3128.00,       64.52,       45.14,        0.00,        0.00,        0.00,        0.00,        1.00,        4.25,        0.00,        0.00,        1.00,        1.00,        0.00
     3129.00,       64.52,       50.26,        0.00,        0.00,        0.00,        0.00,        1.00,        4.25,        0.00,        0.00,        1.00,        1.00,        0.00
     3130.00,       64.52,       54.42,        0.00,        0.00,        0.00,        0.00,        1.00,        4.25,        0.00,        0.00,        1.00,        1.00,        0.00
     3131.00,       64.52,       53.03,        0.00,        0.00,        0.00,        0.00,        1.00,        4.25,        0.00,        0.00,        1.00,        1.00,        0.00
     3132.00,       64.52,       50.06,        0.00,        0.00,        0.00,        0.00,        1.00,        4.25,        0.00,        0.00,        1.00,        1.00,        0.00
     3133.00,       64.52,       48.16,        0.00,        0.00,        0.00,        0.00,        1.00,        4.25,        0.00,        0.00,        1.00,        1.00,        0.00
     3134.00,       64.52,       48.76,        0.00,        0.00,        0.00,        0.00,        1.00,        4.25,        0.00,        0.00,        1.00,        1.00,        0.00
     3135.00,       64.52,       46.62,        0.00,        0.00,        0.00,        0.00,        1.00,        4.25,        0.00,        0.00,        1.00,        1.00,        0.00
     3136.00,       64.52,       61.38,        0.00,        0.00,        0.00,        0.00,        1.00,        4.25,        0.00,        0.00,        1.00,        1.00,        0.00
     3137.00,       64.52,      119.29,        0.00,        0.00,        0.00,        0.00,        1.00,        4.25,        0.00,        0.00,        1.00,        1.00,        0.00
     3138.00,       64.52,       41.04,        0.00,        0.00,        0.00,        0.00,        1.00,        4.25,        0.00,        0.00,        1.00,        1.00,        0.00
     3139.00,       64.52,       50.78,        0.00,        0.00,        0.00,        0.00,        1.00,        4.25,        0.00,        0.00,        1.00,        1.00,        0.00
     3140.00,       64.52,      119.87,        0.00,        0.00,        0.00,        0.00,        1.00,        4.25,        0.00,        0.00,        1.00,        1.00,        0.00
     3141.00,       64.52,       50.52,        0.00,        0.00,        0.00,        0.00,        1.00,        4.25,        0.00,        0.00,        1.00,        1.00,        0.00
     3142.00,       64.52,       37.35,        0.00,        0.00,        0.00,        0.00,        1.00,        4.25,        0.00,        0.00,        1.00,        1.00,        0.00
     3143.00,       64.52,       35.98,        0.00,        0.00,        0.00,        0.00,        1.00,        4.25,        0.00,        0.00,        1.00,        1.00,        0.00
     3144.00,       64.52,       32.80,        0.00,        0.00,        0.00,        0.00,        1.00,        4.25,        0.00,        0.00,        1.00,        1.00,        0.00
     3145.00,       64.52,       30.14,        0.00,        0.00,        0.00,        0.00,        1.00,        4.25,        0.00,        0.00,        1.00,        1.00,        0.00
     3146.00,       64.52,       28.77,        0.00,        0.00,        0.00,        0.00,        1.00,        4.25,        0.00,        0.00,        1.00,        1.00,        0.00
     3147.00,       64.52,       28.08,        0.00,        0.00,        0.00,        0.00,        1.00,        4.25,        0.00,        0.00,        1.00,        1.00,        0.00
     3148.00,       64.52,       30.89,        0.00,        0.00,        0.00,        0.00,        1.00,        4.25,        0.00,        0.00,        1.00,        1.00,        0.00
     3149.00,       64.52,       38.53,        0.00,        0.00,        0.00,        0.00,        1.00,        4.25,        0.00,        0.00,        1.00,        1.00,        0.00
     3150.00,       64.52,       38.07,        0.00,        0.00,        0.00,        0.00,        1.00,        4.25,        0.00,        0.00,        1.00,        1.00,        0.00
     3151.00,       64.52,       40.71,        0.00,        0.00,        0.00,        0.00,        1.00,        4.25,        0.00,        0.00,        1.00,        1.00,        0.00
     3152.00,       64.52,       42.63,        0.00,        0.00,        0.00,        0.00,        1.00,        4.25,        0.00,        0.00,        1.00,        1.00,        0.00
     3153.00,       64.52,       45.75,        0.00,        0.00,        0.00,        0.00,        1.00,        4.25,        0.00,        0.00,        1.00,        1.00,        0.00
     3154.00,       64.52,       48.33,        0.00,        0.00,        0.00,        0.00,        1.00,        4.25,        0.00,        0.00,        1.00,        1.00,        0.00
     3155.00,       64.52,       51.37,        0.00,        0.00,        0.00,        0.00,        1.00,        4.25,        0.00,        0.00,        1.00,        1.00,        0.00
     3156.00,       64.52,       47.98,        0.00,        0.00,        0.00,        0.00,        1.00,        4.25,        0.00,        0.00,        1.00,        1.00,        0.00
     3157.00,       64.52,       48.64,        0.00,        0.00,        0.00,        0.00,        1.00,        4.25,        0.00,        0.00,        1.00,        1.00,        0.00
     3158.00,       64.52,       46.17,        0.00,        0.00,        0.00,        0.00,        1.00,        4.25,        0.00,        0.00,        1.00,        1.00,        0.00
     3159.00,       64.52,       44.39,        0.00,        0.00,        0.00,        0.00,        1.00,        4.25,        0.00,        0.00,        1.00,        1.00,        0.00
     3160.00,       64.52,       43.49,        0.00,        0.00,        0.00,        0.00,        1.00,        4.25,        0.00,        0.00,        1.00,        1.00,        0.00
     3161.00,       64.52,       41.45,        0.00,        0.00,        0.00,        0.00,        1.00,        4.25,        0.00,        0.00,        1.00,        1.00,        0.00
     3162.00,       64.52,       39.57,        0.00,        0.00,        0.00,        0.00,        1.00,        4.25,        0.00,        0.00,        1.00,        1.00,        0.00
     3163.00,       64.52,       41.51,        0.00,        0.00,        0.00,        0.00,        1.00,        4.25,        0.00,        0.00,        1.00,        1.00,        0.00
     3164.00,       64.52,       51.95,        0.00,        0.00,        0.00,        0.00,        1.00,        4.25,        0.00,        0.00,        1.00,        1.00,        0.00
     3165.00,       64.52,       43.72,        0.00,        0.00,        0.00,        0.00,        1.00,        4.25,        0.00,        0.00,        1.00,        1.00,        0.00
     3166.00,       64.52,       36.53,        0.00,        0.00,        0.00,        0.00,        1.00,        4.25,        0.00,        0.00,        1.00,        1.00,        0.00
     3167.00,       64.52,       32.24,        0.00,        0.00,        0.00,        0.00,        1.00,        4.25,        0.00,        0.00,        1.00,        1.00,        0.00
     3168.00,       64.52,       29.75,        0.00,        0.00,        0.00,        0.00,        1.00,        4.25,        0.00,        0.00,        1.00,        1.00,        0.00
     3169.00,       64.52,       26.93,        0.00,        0.00,        0.00,        0.00,        1.00,        4.25,        0.00,        0.00,        1.00,        1.00,        0.00
     3170.00,       64.52,       26.87,        0.00,        0.00,        0.00,        0.00,        1.00,        4.25,        0.00,        0.00,        1.00,        1.00,        0.00
     3171.00,       64.52,       28.56,        0.00,        0.00,        0.00,        0.00,        1.00,        4.25,        0.00,        0.00,        1.00,        1.00,        0.00
     3172.00,       64.52,       26.33,        0.00,        0.00,        0.00,        0.00,        1.00,        4.25,        0.00,        0.00,        1.00,        1.00,        0.00
     3173.00,       64.52,       31.47,        0.00,        0.00,        0.00,        0.00,        1.00,        4.25,        0.00,        0.00,        1.00,        1.00,        0.00
     3174.00,       64.52,       36.70,        0.00,        0.00,        0.00,        0.00,        1.00,        4.25,        0.00,        0.00,        1.00,        1.00,        0.00
     3175.00,       64.52,       36.38,        0.00,        0.00,        0.00,        0.00,        1.00,        4.25,        0.00,        0.00,        1.00,        1.00,        0.00
     3176.00,       64.52,       35.18,        0.00,        0.00,        0.00,        0.00,        1.00,        4.25,        0.00,        0.00,        1.00,        1.00,        0.00
     3177.00,       64.52,       38.06,        0.00,        0.00,        0.00,        0.00,        1.00,        4.25,        0.00,        0.00,        1.00,        1.00,        0.00
     3178.00,       64.52,       37.33,        0.00,        0.00,        0.00,        0.00,        1.00,        4.25,        0.00,        0.00,        1.00,        1.00,        0.00
     3179.00,       64.52,       37.26,        0.00,        0.00,        0.00,        0.00,        1.00,        4.25,        0.00,        0.00,        1.00,        1.00,        0.00
     3180.00,       64.52,       36.13,        0.00,        0.00,        0.00,        0.00,        1.00,        4.25,        0.00,        0.00,        1.00,        1.00,        0.00
     3181.00,       64.52,       37.27,        0.00,        0.00,        0.00,        0.00,        1.00,        4.25,        0.00,        0.00,        1.00,        1.00,        0.00
     3182.00,       64.52,       36.32,        0.00,        0.00,        0.00,        0.00,        1.00,        4.25,        0.00,        0.00,        1.00,        1.00,        0.00
     3183.00,       64.52,       35.50,        0.00,        0.00,        0.00,        0.00,        1.00,        4.25,        0.00,        0.00,        1.00,        1.00,        0.00
     3184.00,       64.52,       34.23,        0.00,        0.00,        0.00,        0.00,        1.00,        4.25,        0.00,        0.00,        1.00,        1.00,        0.00
     3185.00,       64.52,       32.58,        0.00,        0.00,        0.00,        0.00,        1.00,        4.25,        0.00,        0.00,        1.00,        1.00,        0.00
     3186.00,       64.52,       37.59,        0.00,        0.00,        0.00,        0.00,        1.00,        4.25,        0.00,        0.00,        1.00,        1.00,        0.00
     3187.00,       64.52,       41.53,        0.00,        0.00,        0.00,        0.00,        1.00,        4.25,        0.00,        0.00,        1.00,        1.00,        0.00
     3188.00,       64.52,       51.82,        0.00,        0.00,        0.00,        0.00,        1.00,        4.25,        0.00,        0.00,        1.00,        1.00,        0.00
     3189.00,       64.52,       43.47,        0.00,        0.00,        0.00,        0.00,        1.00,        4.25,        0.00,        0.00,        1.00,        1.00,        0.00
     3190.00,       64.52,       36.87,        0.00,        0.00,        0.00,        0.00,        1.00,        4.25,        0.00,        0.00,        1.00,        1.00,        0.00
     3191.00,       64.52,       35.17,        0.00,        0.00,        0.00,        0.00,        1.00,        4.25,        0.00,        0.00,        1.00,        1.00,        0.00
     3192.00,       64.52,       37.91,        0.00,        0.00,        0.00,        0.00,        1.00,        4.25,        0.00,        0.00,        1.00,        1.00,        0.00
     3193.00,       64.52,       29.41,        0.00,        0.00,        0.00,        0.00,        1.00,        4.25,        0.00,        0.00,        1.00,        1.00,        0.00
     3194.00,       64.52,       29.70,        0.00,        0.00,        0.00,        0.00,        1.00,        4.25,        0.00,        0.00,        1.00,        1.00,        0.00
     3195.00,       64.52,       27.56,        0.00,        0.00,        0.00,        0.00,        1.00,        4.25,        0.00,        0.00,        1.00,        1.00,        0.00
     3196.00,       64.52,       29.23,        0.00,        0.00,        0.00,        0.00,        1.00,        4.25,        0.00,        0.00,        1.00,        1.00,        0.00
     3197.00,       64.52,       35.18,        0.00,        0.00,        0.00,        0.00,        1.00,        4.25,        0.00,        0.00,        1.00,        1.00,        0.00
     3198.00,       64.52,       38.43,        0.00,        0.00,        0.00,        0.00,        1.00,        4.25,        0.00,        0.00,        1.00,        1.00,        0.00
     3199.00,       64.52,       41.55,        0.00,        0.00,        0.00,        0.00,        1.00,        4.25,        0.00,        0.00,        1.00,        1.00,        0.00
     3200.00,       64.52,       44.52,        0.00,        0.00,        0.00,        0.00,        1.00,        4.25,        0.00,        0.00,        1.00,        1.00,        0.00
     3201.00,       64.52,       51.34,        0.00,        0.00,        0.00,        0.00,        1.00,        4.25,        0.00,        0.00,        1.00,        1.00,        0.00
     3202.00,       64.52,       54.89,        0.00,        0.00,        0.00,        0.00,        1.00,        4.25,        0.00,        0.00,        1.00,        1.00,        0.00
     3203.00,       64.52,       49.83,        0.00,        0.00,        0.00,        0.00,        1.00,        4.25,        0.00,        0.00,        1.00,        1.00,        0.00
     3204.00,       64.52,       46.84,        0.00,        0.00,        0.00,        0.00,        1.00,        4.25,        0.00,        0.00,        1.00,        1.00,        0.00
     3205.00,       64.52,       49.83,        0.00,        0.00,        0.00,        0.00,        1.00,        4.25,        0.00,        0.00,        1.00,        1.00,        0.00
     3206.00,       64.52,       48.78,        0.00,        0.00,        0.00,        0.00,        1.00,        4.25,        0.00,        0.00,        1.00,        1.00,        0.00
     3207.00,       64.52,       44.97,        0.00,        0.00,        0.00,        0.00,        1.00,        4.25,        0.00,        0.00,        1.00,        1.00,        0.00
     3208.00,       64.52,       44.27,        0.00,        0.00,        0.00,        0.00,        1.00,        4.25,        0.00,        0.00,        1.00,        1.00,        0.00
     3209.00,       64.52,       42.36,        0.00,        0.00,        0.00,        0.00,        1.00,        4.25,        0.00,        0.00,        1.00,        1.00,        0.00
     3210.00,       64.52,       38.68,        0.00,        0.00,        0.00,        0.00,        1.00,        4.25,        0.00,        0.00,        1.00,        1.00,        0.00
     3211.00,       64.52,       44.15,        0.00,        0.00,        0.00,        0.00,        1.00,        4.25,        0.00,        0.00,        1.00,        1.00,        0.00
     3212.00,       64.52,       51.80,        0.00,        0.00,        0.00,        0.00,        1.00,        4.25,        0.00,        0.00,        1.00,        1.00,        0.00
     3213.00,       64.52,       46.08,        0.00,        0.00,        0.00,        0.00,        1.00,        4.25,        0.00,        0.00,        1.00,        1.00,        0.00
     3214.00,       64.52,       38.65,        0.00,        0.00,        0.00,        0.00,        1.00,        4.25,        0.00,        0.00,        1.00,        1.00,        0.00
     3215.00,       64.52,       34.60,        0.00,        0.00,        0.00,        0.00,        1.00,        4.25,        0.00,        0.00,        1.00,        1.00,        0.00
     3216.00,       64.52,       36.22,        0.00,        0.00,        0.00,        0.00,        1.00,        4.25,        0.00,        0.00,        1.00,        1.00,        0.00
     3217.00,       64.52,       30.51,        0.00,        0.00,        0.00,        0.00,        1.00,        4.25,        0.00,        0.00,        1.00,        1.00,        0.00
     3218.00,       64.52,       26.48,        0.00,        0.00,        0.00,        0.00,        1.00,        4.25,        0.00,        0.00,        1.00,        1.00,        0.00
     3219.00,       64.52,       26.96,        0.00,        0.00,        0.00,        0.00,        1.00,        4.25,        0.00,        0.00,        1.00,        1.00,        0.00
     3220.00,       64.52,       29.64,        0.00,        0.00,        0.00,        0.00,        1.00,        4.25,        0.00,        0.00,        1.00,        1.00,        0.00
     3221.00,       64.52,       35.27,        0.00,        0.00,        0.00,        0.00,        1.00,        4.25,        0.00,        0.00,        1.00,        1.00,        0.00
     3222.00,       64.52,       37.24,        0.00,        0.00,        0.00,        0.00,        1.00,        4.25,        0.00,        0.00,        1.00,        1.00,        0.00
     3223.00,       64.52,       37.47,        0.00,        0.00,        0.00,        0.00,        1.00,        4.25,        0.00,        0.00,        1.00,        1.00,        0.00
     3224.00,       64.52,       38.00,        0.00,        0.00,        0.00,        0.00,        1.00,        4.25,        0.00,        0.00,        1.00,        1.00,        0.00
     3225.00,       64.52,       44.05,        0.00,        0.00,        0.00,        0.00,        1.00,        4.25,        0.00,        0.00,        1.00,        1.00,        0.00
     3226.00,       64.52,       44.65,        0.00,        0.00,        0.00,        0.00,        1.00,        4.25,        0.00,        0.00,        1.00,        1.00,        0.00
     3227.00,       64.52,       40.59,        0.00,        0.00,        0.00,        0.00,        1.00,        4.25,        0.00,        0.00,        1.00,        1.00,        0.00
     3228.00,       64.52,       40.19,        0.00,        0.00,        0.00,        0.00,        1.00,        4.25,        0.00,        0.00,        1.00,        1.00,        0.00
     3229.00,       64.52,       41.38,        0.00,        0.00,        0.00,        0.00,        1.00,        4.25,        0.00,        0.00,        1.00,        1.00,        0.00
     3230.00,       64.52,       42.53,        0.00,        0.00,        0.00,        0.00,        1.00,        4.25,        0.00,        0.00,        1.00,        1.00,        0.00
     3231.00,       64.52,       42.14,        0.00,        0.00,        0.00,        0.00,        1.00,        4.25,        0.00,        0.00,        1.00,        1.00,        0.00
     3232.00,       64.52,       49.82,        0.00,        0.00,        0.00,        0.00,        1.00,        4.25,        0.00,        0.00,        1.00,        1.00,        0.00
     3233.00,       64.52,       43.93,        0.00,        0.00,        0.00,        0.00,        1.00,        4.25,        0.00,        0.00,        1.00,        1.00,        0.00
     3234.00,       64.52,       37.65,        0.00,        0.00,        0.00,        0.00,        1.00,        4.25,        0.00,        0.00,        1.00,        1.00,        0.00
     3235.00,       64.52,       40.07,        0.00,        0.00,        0.00,        0.00,        1.00,        4.25,        0.00,        0.00,        1.00,        1.00,        0.00
     3236.00,       64.52,       45.45,        0.00,        0.00,        0.00,        0.00,        1.00,        4.25,        0.00,        0.00,        1.00,        1.00,        0.00
     3237.00,       64.52,       40.89,        0.00,        0.00,        0.00,        0.00,        1.00,        4.25,        0.00,        0.00,        1.00,        1.00,        0.00
     3238.00,       64.52,       34.66,        0.00,        0.00,        0.00,        0.00,        1.00,        4.25,        0.00,        0.00,        1.00,        1.00,        0.00
     3239.00,       64.52,       32.95,        0.00,        0.00,        0.00,        0.00,        1.00,        4.25,        0.00,        0.00,        1.00,        1.00,        0.00
     3240.00,       64.52,       29.23,        0.00,        0.00,        0.00,        0.00,        1.00,        4.25,        0.00,        0.00,        1.00,        1.00,        0.00
     3241.00,       64.52,       32.52,        0.00,        0.00,        0.00,        0.00,        1.00,        4.25,        0.00,        0.00,        1.00,        1.00,        0.00
     3242.00,       64.52,       30.95,        0.00,        0.00,        0.00,        0.00,        1.00,        4.25,        0.00,        0.00,        1.00,        1.00,        0.00
     3243.00,       64.52,       30.63,        0.00,        0.00,        0.00,        0.00,        1.00,        4.25,        0.00,        0.00,        1.00,        1.00,        0.00
     3244.00,       64.52,       33.11,        0.00,        0.00,        0.00,        0.00,        1.00,        4.25,        0.00,        0.00,        1.00,        1.00,        0.00
     3245.00,       64.52,       29.09,        0.00,        0.00,        0.00,        0.00,        1.00,        4.25,        0.00,        0.00,        1.00,        1.00,        0.00
     3246.00,       64.52,       29.35,        0.00,        0.00,        0.00,        0.00,        1.00,        4.25,        0.00,        0.00,        1.00,        1.00,        0.00
     3247.00,       64.52,       37.46,        0.00,        0.00,        0.00,        0.00,        1.00,        4.25,        0.00,        0.00,        1.00,        1.00,        0.00
     3248.00,       64.52,       43.44,        0.00,        0.00,        0.00,        0.00,        1.00,        4.25,        0.00,        0.00,        1.00,        1.00,        0.00
     3249.00,       64.52,       51.63,        0.00,        0.00,        0.00,        0.00,        1.00,        4.25,        0.00,        0.00,        1.00,        1.00,        0.00
     3250.00,       64.52,       51.16,        0.00,        0.00,        0.00,        0.00,        1.00,        4.25,        0.00,        0.00,        1.00,        1.00,        0.00
     3251.00,       64.52,       51.09,        0.00,        0.00,        0.00,        0.00,        1.00,        4.25,        0.00,        0.00,        1.00,        1.00,        0.00
     3252.00,       64.52,       51.70,        0.00,        0.00,        0.00,        0.00,        1.00,        4.25,        0.00,        0.00,        1.00,        1.00,        0.00
     3253.00,       64.52,       51.53,        0.00,        0.00,        0.00,        0.00,        1.00,        4.25,        0.00,        0.00,        1.00,        1.00,        0.00
     3254.00,       64.52,       51.58,        0.00,        0.00,        0.00,        0.00,        1.00,        4.25,        0.00,        0.00,        1.00,        1.00,        0.00
     3255.00,       64.52,       51.42,        0.00,        0.00,        0.00,        0.00,        1.00,        4.25,        0.00,        0.00,        1.00,        1.00,        0.00
     3256.00,       64.52,       48.87,        0.00,        0.00,        0.00,        0.00,        1.00,        4.25,        0.00,        0.00,        1.00,        1.00,        0.00
     3257.00,       64.52,       48.63,        0.00,        0.00,        0.00,        0.00,        1.00,        4.25,        0.00,        0.00,        1.00,        1.00,        0.00
     3258.00,       64.52,       34.45,        0.00,        0.00,        0.00,        0.00,        1.00,        4.25,        0.00,        0.00,        1.00,        1.00,        0.00
     3259.00,       64.52,       38.69,        0.00,        0.00,        0.00,        0.00,        1.00,        4.25,        0.00,        0.00,        1.00,        1.00,        0.00
     3260.00,       64.52,       46.36,        0.00,        0.00,        0.00,        0.00,        1.00,        4.25,        0.00,        0.00,        1.00,        1.00,        0.00
     3261.00,       64.52,       40.90,        0.00,        0.00,        0.00,        0.00,        1.00,        4.25,        0.00,        0.00,        1.00,        1.00,        0.00
     3262.00,       64.52,       31.54,        0.00,        0.00,        0.00,        0.00,        1.00,        4.25,        0.00,        0.00,        1.00,        1.00,        0.00
     3263.00,       64.52,       32.02,        0.00,        0.00,        0.00,        0.00,        1.00,        4.25,        0.00,        0.00,        1.00,        1.00,        0.00
     3264.00,       64.52,       32.86,        0.00,        0.00,        0.00,        0.00,        1.00,        4.25,        0.00,        0.00,        1.00,        1.00,        0.00
     3265.00,       64.52,       29.56,        0.00,        0.00,        0.00,        0.00,        1.00,        4.25,        0.00,        0.00,        1.00,        1.00,        0.00
     3266.00,       64.52,       28.73,        0.00,        0.00,        0.00,        0.00,        1.00,        4.25,        0.00,        0.00,        1.00,        1.00,        0.00
     3267.00,       64.52,       28.36,        0.00,        0.00,        0.00,        0.00,        1.00,        4.25,        0.00,        0.00,        1.00,        1.00,        0.00
     3268.00,       64.52,       30.11,        0.00,        0.00,        0.00,        0.00,        1.00,        4.25,        0.00,        0.00,        1.00,        1.00,        0.00
     3269.00,       64.52,       29.67,        0.00,        0.00,        0.00,        0.00,        1.00,        4.25,        0.00,        0.00,        1.00,        1.00,        0.00
     3270.00,       64.52,       28.51,        0.00,        0.00,        0.00,        0.00,        1.00,        4.25,        0.00,        0.00,        1.00,        1.00,        0.00
     3271.00,       64.52,       27.03,        0.00,        0.00,        0.00,        0.00,        1.00,        4.25,        0.00,        0.00,        1.00,        1.00,        0.00
     3272.00,       64.52,       34.95,        0.00,        0.00,        0.00,        0.00,        1.00,        4.25,        0.00,        0.00,        1.00,        1.00,        0.00
     3273.00,       64.52,       41.03,        0.00,        0.00,        0.00,        0.00,        1.00,        4.25,        0.00,        0.00,        1.00,        1.00,        0.00
     3274.00,       64.52,       41.47,        0.00,        0.00,        0.00,        0.00,        1.00,        4.25,        0.00,        0.00,        1.00,        1.00,        0.00
     3275.00,       64.52,       44.12,        0.00,        0.00,        0.00,        0.00,        1.00,        4.25,        0.00,        0.00,        1.00,        1.00,        0.00
     3276.00,       64.52,       42.54,        0.00,        0.00,        0.00,        0.00,        1.00,        4.25,        0.00,        0.00,        1.00,        1.00,        0.00
     3277.00,       64.52,       42.40,        0.00,        0.00,        0.00,        0.00,        1.00,        4.25,        0.00,        0.00,        1.00,        1.00,        0.00
     3278.00,       64.52,       44.39,        0.00,        0.00,        0.00,        0.00,        1.00,        4.25,        0.00,        0.00,        1.00,        1.00,        0.00
     3279.00,       64.52,       41.34,        0.00,        0.00,        0.00,        0.00,        1.00,        4.25,        0.00,        0.00,        1.00,        1.00,        0.00
     3280.00,       64.52,       35.92,        0.00,        0.00,        0.00,        0.00,        1.00,        4.25,        0.00,        0.00,        1.00,        1.00,        0.00
     3281.00,       64.52,       29.73,        0.00,        0.00,        0.00,        0.00,        1.00,        4.25,        0.00,        0.00,        1.00,        1.00,        0.00
     3282.00,       64.52,       32.08,        0.00,        0.00,        0.00,        0.00,        1.00,        4.25,        0.00,        0.00,        1.00,        1.00,        0.00
     3283.00,       64.52,       40.25,        0.00,        0.00,        0.00,        0.00,        1.00,        4.25,        0.00,        0.00,        1.00,        1.00,        0.00
     3284.00,       64.52,       48.52,        0.00,        0.00,        0.00,        0.00,        1.00,        4.25,        0.00,        0.00,        1.00,        1.00,        0.00
     3285.00,       64.52,       38.56,        0.00,        0.00,        0.00,        0.00,        1.00,        4.25,        0.00,        0.00,        1.00,        1.00,        0.00
     3286.00,       64.52,       33.06,        0.00,        0.00,        0.00,        0.00,        1.00,        4.25,        0.00,        0.00,        1.00,        1.00,        0.00
     3287.00,       64.52,       31.53,        0.00,        0.00,        0.00,        0.00,        1.00,        4.25,        0.00,        0.00,        1.00,        1.00,        0.00
     3288.00,       64.52,       28.57,        0.00,        0.00,        0.00,        0.00,        1.00,        4.25,        0.00,        0.00,        1.00,        1.00,        0.00
     3289.00,       64.52,       27.99,        0.00,        0.00,        0.00,        0.00,        1.00,        4.25,        0.00,        0.00,        1.00,        1.00,        0.00
     3290.00,       64.52,       26.50,        0.00,        0.00,        0.00,        0.00,        1.00,        4.25,        0.00,        0.00,        1.00,        1.00,        0.00
     3291.00,       64.52,       27.76,        0.00,        0.00,        0.00,        0.00,        1.00,        4.25,        0.00,        0.00,        1.00,        1.00,        0.00
     3292.00,       64.52,       28.17,        0.00,        0.00,        0.00,        0.00,        1.00,        4.25,        0.00,        0.00,        1.00,        1.00,        0.00
     3293.00,       64.52,       33.44,        0.00,        0.00,        0.00,        0.00,        1.00,        4.25,        0.00,        0.00,        1.00,        1.00,        0.00
     3294.00,       64.52,       37.21,        0.00,        0.00,        0.00,        0.00,        1.00,        4.25,        0.00,        0.00,        1.00,        1.00,        0.00
     3295.00,       64.52,       34.68,        0.00,        0.00,        0.00,        0.00,        1.00,        4.25,        0.00,        0.00,        1.00,        1.00,        0.00
     3296.00,       64.52,       33.53,        0.00,        0.00,        0.00,        0.00,        1.00,        4.25,        0.00,        0.00,        1.00,        1.00,        0.00
     3297.00,       64.52,       37.31,        0.00,        0.00,        0.00,        0.00,        1.00,        4.25,        0.00,        0.00,        1.00,        1.00,        0.00
     3298.00,       64.52,       36.30,        0.00,        0.00,        0.00,        0.00,        1.00,        4.25,        0.00,        0.00,        1.00,        1.00,        0.00
     3299.00,       64.52,       34.40,        0.00,        0.00,        0.00,        0.00,        1.00,        4.25,        0.00,        0.00,        1.00,        1.00,        0.00
     3300.00,       64.52,       35.53,        0.00,        0.00,        0.00,        0.00,        1.00,        4.25,        0.00,        0.00,        1.00,        1.00,        0.00
     3301.00,       64.52,       36.81,        0.00,        0.00,        0.00,        0.00,        1.00,        4.25,        0.00,        0.00,        1.00,        1.00,        0.00
     3302.00,       64.52,       35.93,        0.00,        0.00,        0.00,        0.00,        1.00,        4.25,        0.00,        0.00,        1.00,        1.00,        0.00
     3303.00,       64.52,       35.62,        0.00,        0.00,        0.00,        0.00,        1.00,        4.25,        0.00,        0.00,        1.00,        1.00,        0.00
     3304.00,       64.52,       32.95,        0.00,        0.00,        0.00,        0.00,        1.00,        4.25,        0.00,        0.00,        1.00,        1.00,        0.00
     3305.00,       64.52,       32.97,        0.00,        0.00,        0.00,        0.00,        1.00,        4.25,        0.00,        0.00,        1.00,        1.00,        0.00
     3306.00,       64.52,       36.49,        0.00,        0.00,        0.00,        0.00,        1.00,        4.25,        0.00,        0.00,        1.00,        1.00,        0.00
     3307.00,       64.52,       39.86,        0.00,        0.00,        0.00,        0.00,        1.00,        4.25,        0.00,        0.00,        1.00,        1.00,        0.00
     3308.00,       64.52,       47.93,        0.00,        0.00,        0.00,        0.00,        1.00,        4.25,        0.00,        0.00,        1.00,        1.00,        0.00
     3309.00,       64.52,       39.28,        0.00,        0.00,        0.00,        0.00,        1.00,        4.25,        0.00,        0.00,        1.00,        1.00,        0.00
     3310.00,       64.52,       30.88,        0.00,        0.00,        0.00,        0.00,        1.00,        4.25,        0.00,        0.00,        1.00,        1.00,        0.00
     3311.00,       64.52,       28.46,        0.00,        0.00,        0.00,        0.00,        1.00,        4.25,        0.00,        0.00,        1.00,        1.00,        0.00
     3312.00,       64.52,       29.93,        0.00,        0.00,        0.00,        0.00,        1.00,        4.25,        0.00,        0.00,        1.00,        1.00,        0.00
     3313.00,       64.52,       31.27,        0.00,        0.00,        0.00,        0.00,        1.00,        4.25,        0.00,        0.00,        1.00,        1.00,        0.00
     3314.00,       64.52,       28.91,        0.00,        0.00,        0.00,        0.00,        1.00,        4.25,        0.00,        0.00,        1.00,        1.00,        0.00
     3315.00,       64.52,       27.64,        0.00,        0.00,        0.00,        0.00,        1.00,        4.25,        0.00,        0.00,        1.00,        1.00,        0.00
     3316.00,       64.52,       30.86,        0.00,        0.00,        0.00,        0.00,        1.00,        4.25,        0.00,        0.00,        1.00,        1.00,        0.00
     3317.00,       64.52,       36.32,        0.00,        0.00,        0.00,        0.00,        1.00,        4.25,        0.00,        0.00,        1.00,        1.00,        0.00
     3318.00,       64.52,       38.67,        0.00,        0.00,        0.00,        0.00,        1.00,        4.25,        0.00,        0.00,        1.00,        1.00,        0.00
     3319.00,       64.52,       39.97,        0.00,        0.00,        0.00,        0.00,        1.00,        4.25,        0.00,        0.00,        1.00,        1.00,        0.00
     3320.00,       64.52,       43.23,        0.00,        0.00,        0.00,        0.00,        1.00,        4.25,        0.00,        0.00,        1.00,        1.00,        0.00
     3321.00,       64.52,       43.99,        0.00,        0.00,        0.00,        0.00,        1.00,        4.25,        0.00,        0.00,        1.00,        1.00,        0.00
     3322.00,       64.52,       42.75,        0.00,        0.00,        0.00,        0.00,        1.00,        4.25,        0.00,        0.00,        1.00,        1.00,        0.00
     3323.00,       64.52,       42.22,        0.00,        0.00,        0.00,        0.00,        1.00,        4.25,        0.00,        0.00,        1.00,        1.00,        0.00
     3324.00,       64.52,       42.41,        0.00,        0.00,        0.00,        0.00,        1.00,        4.25,        0.00,        0.00,        1.00,        1.00,        0.00
     3325.00,       64.52,       45.07,        0.00,        0.00,        0.00,        0.00,        1.00,        4.25,        0.00,        0.00,        1.00,        1.00,        0.00
     3326.00,       64.52,       45.44,        0.00,        0.00,        0.00,        0.00,        1.00,        4.25,        0.00,        0.00,        1.00,        1.00,        0.00
     3327.00,       64.52,       44.42,        0.00,        0.00,        0.00,        0.00,        1.00,        4.25,        0.00,        0.00,        1.00,        1.00,        0.00
     3328.00,       64.52,       37.57,        0.00,        0.00,        0.00,        0.00,        1.00,        4.25,        0.00,        0.00,        1.00,        1.00,        0.00
     3329.00,       64.52,       34.44,        0.00,        0.00,        0.00,        0.00,        1.00,        4.25,        0.00,        0.00,        1.00,        1.00,        0.00
     3330.00,       64.52,       35.40,        0.00,        0.00,        0.00,        0.00,        1.00,        4.25,        0.00,        0.00,        1.00,        1.00,        0.00
     3331.00,       64.52,       38.71,        0.00,        0.00,        0.00,        0.00,        1.00,        4.25,        0.00,        0.00,        1.00,        1.00,        0.00
     3332.00,       64.52,       45.50,        0.00,        0.00,        0.00,        0.00,        1.00,        4.25,        0.00,        0.00,        1.00,        1.00,        0.00
     3333.00,       64.52,       39.06,        0.00,        0.00,        0.00,        0.00,        1.00,        4.25,        0.00,        0.00,        1.00,        1.00,        0.00
     3334.00,       64.52,       34.07,        0.00,        0.00,        0.00,        0.00,        1.00,        4.25,        0.00,        0.00,        1.00,        1.00,        0.00
     3335.00,       64.52,       30.47,        0.00,        0.00,        0.00,        0.00,        1.00,        4.25,        0.00,        0.00,        1.00,        1.00,        0.00
     3336.00,       64.52,       29.23,        0.00,        0.00,        0.00,        0.00,        1.00,        4.25,        0.00,        0.00,        1.00,        1.00,        0.00
     3337.00,       64.52,       28.89,        0.00,        0.00,        0.00,        0.00,        1.00,        4.25,        0.00,        0.00,        1.00,        1.00,        0.00
     3338.00,       64.52,       27.28,        0.00,        0.00,        0.00,        0.00,        1.00,        4.25,        0.00,        0.00,        1.00,        1.00,        0.00
     3339.00,       64.52,       26.88,        0.00,        0.00,        0.00,        0.00,        1.00,        4.25,        0.00,        0.00,        1.00,        1.00,        0.00
     3340.00,       64.52,       28.55,        0.00,        0.00,        0.00,        0.00,        1.00,        4.25,        0.00,        0.00,        1.00,        1.00,        0.00
     3341.00,       64.52,       32.56,        0.00,        0.00,        0.00,        0.00,        1.00,        4.25,        0.00,        0.00,        1.00,        1.00,        0.00
     3342.00,       64.52,       35.43,        0.00,        0.00,        0.00,        0.00,        1.00,        4.25,        0.00,        0.00,        1.00,        1.00,        0.00
     3343.00,       64.52,       36.59,        0.00,        0.00,        0.00,        0.00,        1.00,        4.25,        0.00,        0.00,        1.00,        1.00,        0.00
     3344.00,       64.52,       36.60,        0.00,        0.00,        0.00,        0.00,        1.00,        4.25,        0.00,        0.00,        1.00,        1.00,        0.00
     3345.00,       64.52,       42.19,        0.00,        0.00,        0.00,        0.00,        1.00,        4.25,        0.00,        0.00,        1.00,        1.00,        0.00
     3346.00,       64.52,       43.32,        0.00,        0.00,        0.00,        0.00,        1.00,        4.25,        0.00,        0.00,        1.00,        1.00,        0.00
     3347.00,       64.52,       42.79,        0.00,        0.00,        0.00,        0.00,        1.00,        4.25,        0.00,        0.00,        1.00,        1.00,        0.00
     3348.00,       64.52,       43.93,        0.00,        0.00,        0.00,        0.00,        1.00,        4.25,        0.00,        0.00,        1.00,        1.00,        0.00
     3349.00,       64.52,       44.43,        0.00,        0.00,        0.00,        0.00,        1.00,        4.25,        0.00,        0.00,        1.00,        1.00,        0.00
     3350.00,       64.52,       44.10,        0.00,        0.00,        0.00,        0.00,        1.00,        4.25,        0.00,        0.00,        1.00,        1.00,        0.00
     3351.00,       64.52,       40.60,        0.00,        0.00,        0.00,        0.00,        1.00,        4.25,        0.00,        0.00,        1.00,        1.00,        0.00
     3352.00,       64.52,       38.58,        0.00,        0.00,        0.00,        0.00,        1.00,        4.25,        0.00,        0.00,        1.00,        1.00,        0.00
     3353.00,       64.52,       35.53,        0.00,        0.00,        0.00,        0.00,        1.00,        4.25,        0.00,        0.00,        1.00,        1.00,        0.00
     3354.00,       64.52,       36.26,        0.00,        0.00,        0.00,        0.00,        1.00,        4.25,        0.00,        0.00,        1.00,        1.00,        0.00
     3355.00,       64.52,       40.49,        0.00,        0.00,        0.00,        0.00,        1.00,        4.25,        0.00,        0.00,        1.00,        1.00,        0.00
     3356.00,       64.52,       46.25,        0.00,        0.00,        0.00,        0.00,        1.00,        4.25,        0.00,        0.00,        1.00,        1.00,        0.00
     3357.00,       64.52,       42.61,        0.00,        0.00,        0.00,        0.00,        1.00,        4.25,        0.00,        0.00,        1.00,        1.00,        0.00
     3358.00,       64.52,       33.57,        0.00,        0.00,        0.00,        0.00,        1.00,        4.25,        0.00,        0.00,        1.00,        1.00,        0.00
     3359.00,       64.52,       30.39,        0.00,        0.00,        0.00,        0.00,        1.00,        4.25,        0.00,        0.00,        1.00,        1.00,        0.00
     3360.00,       64.52,       28.32,        0.00,        0.00,        0.00,        0.00,        1.00,        4.25,        0.00,        0.00,        1.00,        1.00,        0.00
     3361.00,       64.52,       27.19,        0.00,        0.00,        0.00,        0.00,        1.00,        4.25,        0.00,        0.00,        1.00,        1.00,        0.00
     3362.00,       64.52,       26.41,        0.00,        0.00,        0.00,        0.00,        1.00,        4.25,        0.00,        0.00,        1.00,        1.00,        0.00
     3363.00,       64.52,       26.37,        0.00,        0.00,        0.00,        0.00,        1.00,        4.25,        0.00,        0.00,        1.00,        1.00,        0.00
     3364.00,       64.52,       27.12,        0.00,        0.00,        0.00,        0.00,        1.00,        4.25,        0.00,        0.00,        1.00,        1.00,        0.00
     3365.00,       64.52,       31.31,        0.00,        0.00,        0.00,        0.00,        1.00,        4.25,        0.00,        0.00,        1.00,        1.00,        0.00
     3366.00,       64.52,       30.66,        0.00,        0.00,        0.00,        0.00,        1.00,        4.25,        0.00,        0.00,        1.00,        1.00,        0.00
     3367.00,       64.52,       33.48,        0.00,        0.00,        0.00,        0.00,        1.00,        4.25,        0.00,        0.00,        1.00,        1.00,        0.00
     3368.00,       64.52,       35.16,        0.00,        0.00,        0.00,        0.00,        1.00,        4.25,        0.00,        0.00,        1.00,        1.00,        0.00
     3369.00,       64.52,       37.40,        0.00,        0.00,        0.00,        0.00,        1.00,        4.25,        0.00,        0.00,        1.00,        1.00,        0.00
     3370.00,       64.52,       35.99,        0.00,        0.00,        0.00,        0.00,        1.00,        4.25,        0.00,        0.00,        1.00,        1.00,        0.00
     3371.00,       64.52,       39.51,        0.00,        0.00,        0.00,        0.00,        1.00,        4.25,        0.00,        0.00,        1.00,        1.00,        0.00
     3372.00,       64.52,       36.97,        0.00,        0.00,        0.00,        0.00,        1.00,        4.25,        0.00,        0.00,        1.00,        1.00,        0.00
     3373.00,       64.52,       40.55,        0.00,        0.00,        0.00,        0.00,        1.00,        4.25,        0.00,        0.00,        1.00,        1.00,        0.00
     3374.00,       64.52,       37.07,        0.00,        0.00,        0.00,        0.00,        1.00,        4.25,        0.00,        0.00,        1.00,        1.00,        0.00
     3375.00,       64.52,       35.79,        0.00,        0.00,        0.00,        0.00,        1.00,        4.25,        0.00,        0.00,        1.00,        1.00,        0.00
     3376.00,       64.52,       28.89,        0.00,        0.00,        0.00,        0.00,        1.00,        4.25,        0.00,        0.00,        1.00,        1.00,        0.00
     3377.00,       64.52,       32.53,        0.00,        0.00,        0.00,        0.00,        1.00,        4.25,        0.00,        0.00,        1.00,        1.00,        0.00
     3378.00,       64.52,       36.33,        0.00,        0.00,        0.00,        0.00,        1.00,        4.25,        0.00,        0.00,        1.00,        1.00,        0.00
     3379.00,       64.52,       39.60,        0.00,        0.00,        0.00,        0.00,        1.00,        4.25,        0.00,        0.00,        1.00,        1.00,        0.00
     3380.00,       64.52,       50.09,        0.00,        0.00,        0.00,        0.00,        1.00,        4.25,        0.00,        0.00,        1.00,        1.00,        0.00
     3381.00,       64.52,       37.30,        0.00,        0.00,        0.00,        0.00,        1.00,        4.25,        0.00,        0.00,        1.00,        1.00,        0.00
     3382.00,       64.52,       30.07,        0.00,        0.00,        0.00,        0.00,        1.00,        4.25,        0.00,        0.00,        1.00,        1.00,        0.00
     3383.00,       64.52,       27.35,        0.00,        0.00,        0.00,        0.00,        1.00,        4.25,        0.00,        0.00,        1.00,        1.00,        0.00
     3384.00,       64.52,       28.93,        0.00,        0.00,        0.00,        0.00,        1.00,        4.25,        0.00,        0.00,        1.00,        1.00,        0.00
     3385.00,       64.52,       27.80,        0.00,        0.00,        0.00,        0.00,        1.00,        4.25,        0.00,        0.00,        1.00,        1.00,        0.00
     3386.00,       64.52,       26.07,        0.00,        0.00,        0.00,        0.00,        1.00,        4.25,        0.00,        0.00,        1.00,        1.00,        0.00
     3387.00,       64.52,       25.20,        0.00,        0.00,        0.00,        0.00,        1.00,        4.25,        0.00,        0.00,        1.00,        1.00,        0.00
     3388.00,       64.52,       26.33,        0.00,        0.00,        0.00,        0.00,        1.00,        4.25,        0.00,        0.00,        1.00,        1.00,        0.00
     3389.00,       64.52,       30.68,        0.00,        0.00,        0.00,        0.00,        1.00,        4.25,        0.00,        0.00,        1.00,        1.00,        0.00
     3390.00,       64.52,       30.33,        0.00,        0.00,        0.00,        0.00,        1.00,        4.25,        0.00,        0.00,        1.00,        1.00,        0.00
     3391.00,       64.52,       34.21,        0.00,        0.00,        0.00,        0.00,        1.00,        4.25,        0.00,        0.00,        1.00,        1.00,        0.00
     3392.00,       64.52,       43.66,        0.00,        0.00,        0.00,        0.00,        1.00,        4.25,        0.00,        0.00,        1.00,        1.00,        0.00
     3393.00,       64.52,       49.41,        0.00,        0.00,        0.00,        0.00,        1.00,        4.25,        0.00,        0.00,        1.00,        1.00,        0.00
     3394.00,       64.52,       52.05,        0.00,        0.00,        0.00,        0.00,        1.00,        4.25,        0.00,        0.00,        1.00,        1.00,        0.00
     3395.00,       64.52,       53.32,        0.00,        0.00,        0.00,        0.00,        1.00,        4.25,        0.00,        0.00,        1.00,        1.00,        0.00
     3396.00,       64.52,       51.09,        0.00,        0.00,        0.00,        0.00,        1.00,        4.25,        0.00,        0.00,        1.00,        1.00,        0.00
     3397.00,       64.52,       52.60,        0.00,        0.00,        0.00,        0.00,        1.00,        4.25,        0.00,        0.00,        1.00,        1.00,        0.00
     3398.00,       64.52,       53.07,        0.00,        0.00,        0.00,        0.00,        1.00,        4.25,        0.00,        0.00,        1.00,        1.00,        0.00
     3399.00,       64.52,       49.10,        0.00,        0.00,        0.00,        0.00,        1.00,        4.25,        0.00,        0.00,        1.00,        1.00,        0.00
     3400.00,       64.52,       43.31,        0.00,        0.00,        0.00,        0.00,        1.00,        4.25,        0.00,        0.00,        1.00,        1.00,        0.00
     3401.00,       64.52,       33.71,        0.00,        0.00,        0.00,        0.00,        1.00,        4.25,        0.00,        0.00,        1.00,        1.00,        0.00
     3402.00,       64.52,       29.75,        0.00,        0.00,        0.00,        0.00,        1.00,        4.25,        0.00,        0.00,        1.00,        1.00,        0.00
     3403.00,       64.52,       32.65,        0.00,        0.00,        0.00,        0.00,        1.00,        4.25,        0.00,        0.00,        1.00,        1.00,        0.00
     3404.00,       64.52,       37.35,        0.00,        0.00,        0.00,        0.00,        1.00,        4.25,        0.00,        0.00,        1.00,        1.00,        0.00
     3405.00,       64.52,       31.68,        0.00,        0.00,        0.00,        0.00,        1.00,        4.25,        0.00,        0.00,        1.00,        1.00,        0.00
     3406.00,       64.52,       24.05,        0.00,        0.00,        0.00,        0.00,        1.00,        4.25,        0.00,        0.00,        1.00,        1.00,        0.00
     3407.00,       64.52,       23.53,        0.00,        0.00,        0.00,        0.00,        1.00,        4.25,        0.00,        0.00,        1.00,        1.00,        0.00
     3408.00,       64.52,       29.50,        0.00,        0.00,        0.00,        0.00,        1.00,        4.25,        0.00,        0.00,        1.00,        1.00,        0.00
     3409.00,       64.52,       31.15,        0.00,        0.00,        0.00,        0.00,        1.00,        4.25,        0.00,        0.00,        1.00,        1.00,        0.00
     3410.00,       64.52,       29.04,        0.00,        0.00,        0.00,        0.00,        1.00,        4.25,        0.00,        0.00,        1.00,        1.00,        0.00
     3411.00,       64.52,       28.61,        0.00,        0.00,        0.00,        0.00,        1.00,        4.25,        0.00,        0.00,        1.00,        1.00,        0.00
     3412.00,       64.52,       27.37,        0.00,        0.00,        0.00,        0.00,        1.00,        4.25,        0.00,        0.00,        1.00,        1.00,        0.00
     3413.00,       64.52,       27.35,        0.00,        0.00,        0.00,        0.00,        1.00,        4.25,        0.00,        0.00,        1.00,        1.00,        0.00
     3414.00,       64.52,       29.75,        0.00,        0.00,        0.00,        0.00,        1.00,        4.25,        0.00,        0.00,        1.00,        1.00,        0.00
     3415.00,       64.52,       37.08,        0.00,        0.00,        0.00,        0.00,        1.00,        4.25,        0.00,        0.00,        1.00,        1.00,        0.00
     3416.00,       64.52,       50.00,        0.00,        0.00,        0.00,        0.00,        1.00,        4.25,        0.00,        0.00,        1.00,        1.00,        0.00
     3417.00,       64.52,       49.93,        0.00,        0.00,        0.00,        0.00,        1.00,        4.25,        0.00,        0.00,        1.00,        1.00,        0.00
     3418.00,       64.52,       52.10,        0.00,        0.00,        0.00,        0.00,        1.00,        4.25,        0.00,        0.00,        1.00,        1.00,        0.00
     3419.00,       64.52,       52.05,        0.00,        0.00,        0.00,        0.00,        1.00,        4.25,        0.00,        0.00,        1.00,        1.00,        0.00
     3420.00,       64.52,       51.02,        0.00,        0.00,        0.00,        0.00,        1.00,        4.25,        0.00,        0.00,        1.00,        1.00,        0.00
     3421.00,       64.52,       51.17,        0.00,        0.00,        0.00,        0.00,        1.00,        4.25,        0.00,        0.00,        1.00,        1.00,        0.00
     3422.00,       64.52,       50.34,        0.00,        0.00,        0.00,        0.00,        1.00,        4.25,        0.00,        0.00,        1.00,        1.00,        0.00
     3423.00,       64.52,       48.11,        0.00,        0.00,        0.00,        0.00,        1.00,        4.25,        0.00,        0.00,        1.00,        1.00,        0.00
     3424.00,       64.52,       46.85,        0.00,        0.00,        0.00,        0.00,        1.00,        4.25,        0.00,        0.00,        1.00,        1.00,        0.00
     3425.00,       64.52,       45.90,        0.00,        0.00,        0.00,        0.00,        1.00,        4.25,        0.00,        0.00,        1.00,        1.00,        0.00
     3426.00,       64.52,       29.98,        0.00,        0.00,        0.00,        0.00,        1.00,        4.25,        0.00,        0.00,        1.00,        1.00,        0.00
     3427.00,       64.52,       28.13,        0.00,        0.00,        0.00,        0.00,        1.00,        4.25,        0.00,        0.00,        1.00,        1.00,        0.00
     3428.00,       64.52,       35.44,        0.00,        0.00,        0.00,        0.00,        1.00,        4.25,        0.00,        0.00,        1.00,        1.00,        0.00
     3429.00,       64.52,       31.69,        0.00,        0.00,        0.00,        0.00,        1.00,        4.25,        0.00,        0.00,        1.00,        1.00,        0.00
     3430.00,       64.52,       22.64,        0.00,        0.00,        0.00,        0.00,        1.00,        4.25,        0.00,        0.00,        1.00,        1.00,        0.00
     3431.00,       64.52,       23.49,        0.00,        0.00,        0.00,        0.00,        1.00,        4.25,        0.00,        0.00,        1.00,        1.00,        0.00
     3432.00,       64.52,       33.10,        0.00,        0.00,        0.00,        0.00,        1.00,        4.25,        0.00,        0.00,        1.00,        1.00,        0.00
     3433.00,       64.52,       34.23,        0.00,        0.00,        0.00,        0.00,        1.00,        4.25,        0.00,        0.00,        1.00,        1.00,        0.00
     3434.00,       64.52,       32.39,        0.00,        0.00,        0.00,        0.00,        1.00,        4.25,        0.00,        0.00,        1.00,        1.00,        0.00
     3435.00,       64.52,       30.15,        0.00,        0.00,        0.00,        0.00,        1.00,        4.25,        0.00,        0.00,        1.00,        1.00,        0.00
     3436.00,       64.52,       27.29,        0.00,        0.00,        0.00,        0.00,        1.00,        4.25,        0.00,        0.00,        1.00,        1.00,        0.00
     3437.00,       64.52,       30.46,        0.00,        0.00,        0.00,        0.00,        1.00,        4.25,        0.00,        0.00,        1.00,        1.00,        0.00
     3438.00,       64.52,       26.07,        0.00,        0.00,        0.00,        0.00,        1.00,        4.25,        0.00,        0.00,        1.00,        1.00,        0.00
     3439.00,       64.52,       32.09,        0.00,        0.00,        0.00,        0.00,        1.00,        4.25,        0.00,        0.00,        1.00,        1.00,        0.00
     3440.00,       64.52,       41.91,        0.00,        0.00,        0.00,        0.00,        1.00,        4.25,        0.00,        0.00,        1.00,        1.00,        0.00
     3441.00,       64.52,       43.75,        0.00,        0.00,        0.00,        0.00,        1.00,        4.25,        0.00,        0.00,        1.00,        1.00,        0.00
     3442.00,       64.52,       49.90,        0.00,        0.00,        0.00,        0.00,        1.00,        4.25,        0.00,        0.00,        1.00,        1.00,        0.00
     3443.00,       64.52,       47.81,        0.00,        0.00,        0.00,        0.00,        1.00,        4.25,        0.00,        0.00,        1.00,        1.00,        0.00
     3444.00,       64.52,       44.56,        0.00,        0.00,        0.00,        0.00,        1.00,        4.25,        0.00,        0.00,        1.00,        1.00,        0.00
     3445.00,       64.52,       42.83,        0.00,        0.00,        0.00,        0.00,        1.00,        4.25,        0.00,        0.00,        1.00,        1.00,        0.00
     3446.00,       64.52,       42.93,        0.00,        0.00,        0.00,        0.00,        1.00,        4.25,        0.00,        0.00,        1.00,        1.00,        0.00
     3447.00,       64.52,       41.57,        0.00,        0.00,        0.00,        0.00,        1.00,        4.25,        0.00,        0.00,        1.00,        1.00,        0.00
     3448.00,       64.52,       42.37,        0.00,        0.00,        0.00,        0.00,        1.00,        4.25,        0.00,        0.00,        1.00,        1.00,        0.00
     3449.00,       64.52,       42.72,        0.00,        0.00,        0.00,        0.00,        1.00,        4.25,        0.00,        0.00,        1.00,        1.00,        0.00
     3450.00,       64.52,       27.69,        0.00,        0.00,        0.00,        0.00,        1.00,        4.25,        0.00,        0.00,        1.00,        1.00,        0.00
     3451.00,       64.52,       28.82,        0.00,        0.00,        0.00,        0.00,        1.00,        4.25,        0.00,        0.00,        1.00,        1.00,        0.00
     3452.00,       64.52,       34.69,        0.00,        0.00,        0.00,        0.00,        1.00,        4.25,        0.00,        0.00,        1.00,        1.00,        0.00
     3453.00,       64.52,       28.77,        0.00,        0.00,        0.00,        0.00,        1.00,        4.25,        0.00,        0.00,        1.00,        1.00,        0.00
     3454.00,       64.52,       22.66,        0.00,        0.00,        0.00,        0.00,        1.00,        4.25,        0.00,        0.00,        1.00,        1.00,        0.00
     3455.00,       64.52,       23.01,        0.00,        0.00,        0.00,        0.00,        1.00,        4.25,        0.00,        0.00,        1.00,        1.00,        0.00
     3456.00,       64.52,       29.46,        0.00,        0.00,        0.00,        0.00,        1.00,        4.25,        0.00,        0.00,        1.00,        1.00,        0.00
     3457.00,       64.52,       29.02,        0.00,        0.00,        0.00,        0.00,        1.00,        4.25,        0.00,        0.00,        1.00,        1.00,        0.00
     3458.00,       64.52,       29.59,        0.00,        0.00,        0.00,        0.00,        1.00,        4.25,        0.00,        0.00,        1.00,        1.00,        0.00
     3459.00,       64.52,       28.66,        0.00,        0.00,        0.00,        0.00,        1.00,        4.25,        0.00,        0.00,        1.00,        1.00,        0.00
     3460.00,       64.52,       26.94,        0.00,        0.00,        0.00,        0.00,        1.00,        4.25,        0.00,        0.00,        1.00,        1.00,        0.00
     3461.00,       64.52,       28.16,        0.00,        0.00,        0.00,        0.00,        1.00,        4.25,        0.00,        0.00,        1.00,        1.00,        0.00
     3462.00,       64.52,       25.85,        0.00,        0.00,        0.00,        0.00,        1.00,        4.25,        0.00,        0.00,        1.00,        1.00,        0.00
     3463.00,       64.52,       25.50,        0.00,        0.00,        0.00,        0.00,        1.00,        4.25,        0.00,        0.00,        1.00,        1.00,        0.00
     3464.00,       64.52,       34.91,        0.00,        0.00,        0.00,        0.00,        1.00,        4.25,        0.00,        0.00,        1.00,        1.00,        0.00
     3465.00,       64.52,       41.85,        0.00,        0.00,        0.00,        0.00,        1.00,        4.25,        0.00,        0.00,        1.00,        1.00,        0.00
     3466.00,       64.52,       42.37,        0.00,        0.00,        0.00,        0.00,        1.00,        4.25,        0.00,        0.00,        1.00,        1.00,        0.00
     3467.00,       64.52,       39.04,        0.00,        0.00,        0.00,        0.00,        1.00,        4.25,        0.00,        0.00,        1.00,        1.00,        0.00
     3468.00,       64.52,       37.18,        0.00,        0.00,        0.00,        0.00,        1.00,        4.25,        0.00,        0.00,        1.00,        1.00,        0.00
     3469.00,       64.52,       38.45,        0.00,        0.00,        0.00,        0.00,        1.00,        4.25,        0.00,        0.00,        1.00,        1.00,        0.00
     3470.00,       64.52,       41.35,        0.00,        0.00,        0.00,        0.00,        1.00,        4.25,        0.00,        0.00,        1.00,        1.00,        0.00
     3471.00,       64.52,       37.05,        0.00,        0.00,        0.00,        0.00,        1.00,        4.25,        0.00,        0.00,        1.00,        1.00,        0.00
     3472.00,       64.52,       41.11,        0.00,        0.00,        0.00,        0.00,        1.00,        4.25,        0.00,        0.00,        1.00,        1.00,        0.00
     3473.00,       64.52,       28.16,        0.00,        0.00,        0.00,        0.00,        1.00,        4.25,        0.00,        0.00,        1.00,        1.00,        0.00
     3474.00,       64.52,       25.97,        0.00,        0.00,        0.00,        0.00,        1.00,        4.25,        0.00,        0.00,        1.00,        1.00,        0.00
     3475.00,       64.52,       29.19,        0.00,        0.00,        0.00,        0.00,        1.00,        4.25,        0.00,        0.00,        1.00,        1.00,        0.00
     3476.00,       64.52,       34.71,        0.00,        0.00,        0.00,        0.00,        1.00,        4.25,        0.00,        0.00,        1.00,        1.00,        0.00
     3477.00,       64.52,       28.63,        0.00,        0.00,        0.00,        0.00,        1.00,        4.25,        0.00,        0.00,        1.00,        1.00,        0.00
     3478.00,       64.52,       22.07,        0.00,        0.00,        0.00,        0.00,        1.00,        4.25,        0.00,        0.00,        1.00,        1.00,        0.00
     3479.00,       64.52,       22.63,        0.00,        0.00,        0.00,        0.00,        1.00,        4.25,        0.00,        0.00,        1.00,        1.00,        0.00
     3480.00,       64.52,       26.77,        0.00,        0.00,        0.00,        0.00,        1.00,        4.25,        0.00,        0.00,        1.00,        1.00,        0.00
     3481.00,       64.52,       24.52,        0.00,        0.00,        0.00,        0.00,        1.00,        4.25,        0.00,        0.00,        1.00,        1.00,        0.00
     3482.00,       64.52,       23.98,        0.00,        0.00,        0.00,        0.00,        1.00,        4.25,        0.00,        0.00,        1.00,        1.00,        0.00
     3483.00,       64.52,       24.48,        0.00,        0.00,        0.00,        0.00,        1.00,        4.25,        0.00,        0.00,        1.00,        1.00,        0.00
     3484.00,       64.52,       25.40,        0.00,        0.00,        0.00,        0.00,        1.00,        4.25,        0.00,        0.00,        1.00,        1.00,        0.00
     3485.00,       64.52,       29.15,        0.00,        0.00,        0.00,        0.00,        1.00,        4.25,        0.00,        0.00,        1.00,        1.00,        0.00
     3486.00,       64.52,       28.97,        0.00,        0.00,        0.00,        0.00,        1.00,        4.25,        0.00,        0.00,        1.00,        1.00,        0.00
     3487.00,       64.52,       28.18,        0.00,        0.00,        0.00,        0.00,        1.00,        4.25,        0.00,        0.00,        1.00,        1.00,        0.00
     3488.00,       64.52,       31.43,        0.00,        0.00,        0.00,        0.00,        1.00,        4.25,        0.00,        0.00,        1.00,        1.00,        0.00
     3489.00,       64.52,       29.98,        0.00,        0.00,        0.00,        0.00,        1.00,        4.25,        0.00,        0.00,        1.00,        1.00,        0.00
     3490.00,       64.52,       29.56,        0.00,        0.00,        0.00,        0.00,        1.00,        4.25,        0.00,        0.00,        1.00,        1.00,        0.00
     3491.00,       64.52,       30.66,        0.00,        0.00,        0.00,        0.00,        1.00,        4.25,        0.00,        0.00,        1.00,        1.00,        0.00
     3492.00,       64.52,       30.76,        0.00,        0.00,        0.00,        0.00,        1.00,        4.25,        0.00,        0.00,        1.00,        1.00,        0.00
     3493.00,       64.52,       32.10,        0.00,        0.00,        0.00,        0.00,        1.00,        4.25,        0.00,        0.00,        1.00,        1.00,        0.00
     3494.00,       64.52,       29.35,        0.00,        0.00,        0.00,        0.00,        1.00,        4.25,        0.00,        0.00,        1.00,        1.00,        0.00
     3495.00,       64.52,       31.36,        0.00,        0.00,        0.00,        0.00,        1.00,        4.25,        0.00,        0.00,        1.00,        1.00,        0.00
     3496.00,       64.52,       27.16,        0.00,        0.00,        0.00,        0.00,        1.00,        4.25,        0.00,        0.00,        1.00,        1.00,        0.00
     3497.00,       64.52,       29.63,        0.00,        0.00,        0.00,        0.00,        1.00,        4.25,        0.00,        0.00,        1.00,        1.00,        0.00
     3498.00,       64.52,       28.78,        0.00,        0.00,        0.00,        0.00,        1.00,        4.25,        0.00,        0.00,        1.00,        1.00,        0.00
     3499.00,       64.52,       33.02,        0.00,        0.00,        0.00,        0.00,        1.00,        4.25,        0.00,        0.00,        1.00,        1.00,        0.00
     3500.00,       64.52,       41.25,        0.00,        0.00,        0.00,        0.00,        1.00,        4.25,        0.00,        0.00,        1.00,        1.00,        0.00
     3501.00,       64.52,       34.61,        0.00,        0.00,        0.00,        0.00,        1.00,        4.25,        0.00,        0.00,        1.00,        1.00,        0.00
     3502.00,       64.52,       24.96,        0.00,        0.00,        0.00,        0.00,        1.00,        4.25,        0.00,        0.00,        1.00,        1.00,        0.00
     3503.00,       64.52,       22.46,        0.00,        0.00,        0.00,        0.00,        1.00,        4.25,        0.00,        0.00,        1.00,        1.00,        0.00
     3504.00,       64.52,       27.63,        0.00,        0.00,        0.00,        0.00,        1.00,        4.25,        0.00,        0.00,        1.00,        1.00,        0.00
     3505.00,       64.52,       26.15,        0.00,        0.00,        0.00,        0.00,        1.00,        4.25,        0.00,        0.00,        1.00,        1.00,        0.00
     3506.00,       64.52,       26.90,        0.00,        0.00,        0.00,        0.00,        1.00,        4.25,        0.00,        0.00,        1.00,        1.00,        0.00
     3507.00,       64.52,       26.44,        0.00,        0.00,        0.00,        0.00,        1.00,        4.25,        0.00,        0.00,        1.00,        1.00,        0.00
     3508.00,       64.52,       26.39,        0.00,        0.00,        0.00,        0.00,        1.00,        4.25,        0.00,        0.00,        1.00,        1.00,        0.00
     3509.00,       64.52,       28.20,        0.00,        0.00,        0.00,        0.00,        1.00,        4.25,        0.00,        0.00,        1.00,        1.00,        0.00
     3510.00,       64.52,       28.95,        0.00,        0.00,        0.00,        0.00,        1.00,        4.25,        0.00,        0.00,        1.00,        1.00,        0.00
     3511.00,       64.52,       27.81,        0.00,        0.00,        0.00,        0.00,        1.00,        4.25,        0.00,        0.00,        1.00,        1.00,        0.00
     3512.00,       64.52,       28.78,        0.00,        0.00,        0.00,        0.00,        1.00,        4.25,        0.00,        0.00,        1.00,        1.00,        0.00
     3513.00,       64.52,       32.64,        0.00,        0.00,        0.00,        0.00,        1.00,        4.25,        0.00,        0.00,        1.00,        1.00,        0.00
     3514.00,       64.52,       33.18,        0.00,        0.00,        0.00,        0.00,        1.00,        4.25,        0.00,        0.00,        1.00,        1.00,        0.00
     3515.00,       64.52,       30.27,        0.00,        0.00,        0.00,        0.00,        1.00,        4.25,        0.00,        0.00,        1.00,        1.00,        0.00
     3516.00,       64.52,       30.03,        0.00,        0.00,        0.00,        0.00,        1.00,        4.25,        0.00,        0.00,        1.00,        1.00,        0.00
     3517.00,       64.52,       31.33,        0.00,        0.00,        0.00,        0.00,        1.00,        4.25,        0.00,        0.00,        1.00,        1.00,        0.00
     3518.00,       64.52,       30.03,        0.00,        0.00,        0.00,        0.00,        1.00,        4.25,        0.00,        0.00,        1.00,        1.00,        0.00
     3519.00,       64.52,       31.73,        0.00,        0.00,        0.00,        0.00,        1.00,        4.25,        0.00,        0.00,        1.00,        1.00,        0.00
     3520.00,       64.52,       20.09,        0.00,        0.00,        0.00,        0.00,        1.00,        4.25,        0.00,        0.00,        1.00,        1.00,        0.00
     3521.00,       64.52,       29.36,        0.00,        0.00,        0.00,        0.00,        1.00,        4.25,        0.00,        0.00,        1.00,        1.00,        0.00
     3522.00,       64.52,       30.78,        0.00,        0.00,        0.00,        0.00,        1.00,        4.25,        0.00,        0.00,        1.00,        1.00,        0.00
     3523.00,       64.52,       34.77,        0.00,        0.00,        0.00,        0.00,        1.00,        4.25,        0.00,        0.00,        1.00,        1.00,        0.00
     3524.00,       64.52,       39.74,        0.00,        0.00,        0.00,        0.00,        1.00,        4.25,        0.00,        0.00,        1.00,        1.00,        0.00
     3525.00,       64.52,       34.01,        0.00,        0.00,        0.00,        0.00,        1.00,        4.25,        0.00,        0.00,        1.00,        1.00,        0.00
     3526.00,       64.52,       26.46,        0.00,        0.00,        0.00,        0.00,        1.00,        4.25,        0.00,        0.00,        1.00,        1.00,        0.00
     3527.00,       64.52,       22.02,        0.00,        0.00,        0.00,        0.00,        1.00,        4.25,        0.00,        0.00,        1.00,        1.00,        0.00
     3528.00,       64.52,       26.15,        0.00,        0.00,        0.00,        0.00,        1.00,        4.25,        0.00,        0.00,        1.00,        1.00,        0.00
     3529.00,       64.52,       24.91,        0.00,        0.00,        0.00,        0.00,        1.00,        4.25,        0.00,        0.00,        1.00,        1.00,        0.00
     3530.00,       64.52,       24.53,        0.00,        0.00,        0.00,        0.00,        1.00,        4.25,        0.00,        0.00,        1.00,        1.00,        0.00
     3531.00,       64.52,       24.54,        0.00,        0.00,        0.00,        0.00,        1.00,        4.25,        0.00,        0.00,        1.00,        1.00,        0.00
     3532.00,       64.52,       25.63,        0.00,        0.00,        0.00,        0.00,        1.00,        4.25,        0.00,        0.00,        1.00,        1.00,        0.00
     3533.00,       64.52,       26.79,        0.00,        0.00,        0.00,        0.00,        1.00,        4.25,        0.00,        0.00,        1.00,        1.00,        0.00
     3534.00,       64.52,       28.08,        0.00,        0.00,        0.00,        0.00,        1.00,        4.25,        0.00,        0.00,        1.00,        1.00,        0.00
     3535.00,       64.52,       29.39,        0.00,        0.00,        0.00,        0.00,        1.00,        4.25,        0.00,        0.00,        1.00,        1.00,        0.00
     3536.00,       64.52,       37.03,        0.00,        0.00,        0.00,        0.00,        1.00,        4.25,        0.00,        0.00,        1.00,        1.00,        0.00
     3537.00,       64.52,       39.20,        0.00,        0.00,        0.00,        0.00,        1.00,        4.25,        0.00,        0.00,        1.00,        1.00,        0.00
     3538.00,       64.52,       38.69,        0.00,        0.00,        0.00,        0.00,        1.00,        4.25,        0.00,        0.00,        1.00,        1.00,        0.00
     3539.00,       64.52,       35.22,        0.00,        0.00,        0.00,        0.00,        1.00,        4.25,        0.00,        0.00,        1.00,        1.00,        0.00
     3540.00,       64.52,       36.09,        0.00,        0.00,        0.00,        0.00,        1.00,        4.25,        0.00,        0.00,        1.00,        1.00,        0.00
     3541.00,       64.52,       36.89,        0.00,        0.00,        0.00,        0.00,        1.00,        4.25,        0.00,        0.00,        1.00,        1.00,        0.00
     3542.00,       64.52,       35.72,        0.00,        0.00,        0.00,        0.00,        1.00,        4.25,        0.00,        0.00,        1.00,        1.00,        0.00
     3543.00,       64.52,       32.33,        0.00,        0.00,        0.00,        0.00,        1.00,        4.25,        0.00,        0.00,        1.00,        1.00,        0.00
     3544.00,       64.52,       32.40,        0.00,        0.00,        0.00,        0.00,        1.00,        4.25,        0.00,        0.00,        1.00,        1.00,        0.00
     3545.00,       64.52,       27.51,        0.00,        0.00,        0.00,        0.00,        1.00,        4.25,        0.00,        0.00,        1.00,        1.00,        0.00
     3546.00,       64.52,       29.74,        0.00,        0.00,        0.00,        0.00,        1.00,        4.25,        0.00,        0.00,        1.00,        1.00,        0.00
     3547.00,       64.52,       37.55,        0.00,        0.00,        0.00,        0.00,        1.00,        4.25,        0.00,        0.00,        1.00,        1.00,        0.00
     3548.00,       64.52,       42.06,        0.00,        0.00,        0.00,        0.00,        1.00,        4.25,        0.00,        0.00,        1.00,        1.00,        0.00
     3549.00,       64.52,       37.20,        0.00,        0.00,        0.00,        0.00,        1.00,        4.25,        0.00,        0.00,        1.00,        1.00,        0.00
     3550.00,       64.52,       28.26,        0.00,        0.00,        0.00,        0.00,        1.00,        4.25,        0.00,        0.00,        1.00,        1.00,        0.00
     3551.00,       64.52,       25.05,        0.00,        0.00,        0.00,        0.00,        1.00,        4.25,        0.00,        0.00,        1.00,        1.00,        0.00
     3552.00,       64.52,       26.14,        0.00,        0.00,        0.00,        0.00,        1.00,        4.25,        0.00,        0.00,        1.00,        1.00,        0.00
     3553.00,       64.52,       25.04,        0.00,        0.00,        0.00,        0.00,        1.00,        4.25,        0.00,        0.00,        1.00,        1.00,        0.00
     3554.00,       64.52,       24.49,        0.00,        0.00,        0.00,        0.00,        1.00,        4.25,        0.00,        0.00,        1.00,        1.00,        0.00
     3555.00,       64.52,       23.47,        0.00,        0.00,        0.00,        0.00,        1.00,        4.25,        0.00,        0.00,        1.00,        1.00,        0.00
     3556.00,       64.52,       24.93,        0.00,        0.00,        0.00,        0.00,        1.00,        4.25,        0.00,        0.00,        1.00,        1.00,        0.00
     3557.00,       64.52,       25.94,        0.00,        0.00,        0.00,        0.00,        1.00,        4.25,        0.00,        0.00,        1.00,        1.00,        0.00
     3558.00,       64.52,      -14.61,        0.00,        0.00,        0.00,        0.00,        1.00,        4.25,        0.00,        0.00,        1.00,        1.00,        0.00
     3559.00,       64.52,       29.48,        0.00,        0.00,        0.00,        0.00,        1.00,        4.25,        0.00,        0.00,        1.00,        1.00,        0.00
     3560.00,       64.52,       31.64,        0.00,        0.00,        0.00,        0.00,        1.00,        4.25,        0.00,        0.00,        1.00,        1.00,        0.00
     3561.00,       64.52,       37.89,        0.00,        0.00,        0.00,        0.00,        1.00,        4.25,        0.00,        0.00,        1.00,        1.00,        0.00
     3562.00,       64.52,       38.73,        0.00,        0.00,        0.00,        0.00,        1.00,        4.25,        0.00,        0.00,        1.00,        1.00,        0.00
     3563.00,       64.52,       36.89,        0.00,        0.00,        0.00,        0.00,        1.00,        4.25,        0.00,        0.00,        1.00,        1.00,        0.00
     3564.00,       64.52,       37.57,        0.00,        0.00,        0.00,        0.00,        1.00,        4.25,        0.00,        0.00,        1.00,        1.00,        0.00
     3565.00,       64.52,       39.34,        0.00,        0.00,        0.00,        0.00,        1.00,        4.25,        0.00,        0.00,        1.00,        1.00,        0.00
     3566.00,       64.52,       40.00,        0.00,        0.00,        0.00,        0.00,        1.00,        4.25,        0.00,        0.00,        1.00,        1.00,        0.00
     3567.00,       64.52,       34.62,        0.00,        0.00,        0.00,        0.00,        1.00,        4.25,        0.00,        0.00,        1.00,        1.00,        0.00
     3568.00,       64.52,       33.74,        0.00,        0.00,        0.00,        0.00,        1.00,        4.25,        0.00,        0.00,        1.00,        1.00,        0.00
     3569.00,       64.52,       31.47,        0.00,        0.00,        0.00,        0.00,        1.00,        4.25,        0.00,        0.00,        1.00,        1.00,        0.00
     3570.00,       64.52,       32.10,        0.00,        0.00,        0.00,        0.00,        1.00,        4.25,        0.00,        0.00,        1.00,        1.00,        0.00
     3571.00,       64.52,       31.37,        0.00,        0.00,        0.00,        0.00,        1.00,        4.25,        0.00,        0.00,        1.00,        1.00,        0.00
     3572.00,       64.52,       33.61,        0.00,        0.00,        0.00,        0.00,        1.00,        4.25,        0.00,        0.00,        1.00,        1.00,        0.00
     3573.00,       64.52,       30.09,        0.00,        0.00,        0.00,        0.00,        1.00,        4.25,        0.00,        0.00,        1.00,        1.00,        0.00
     3574.00,       64.52,       24.04,        0.00,        0.00,        0.00,        0.00,        1.00,        4.25,        0.00,        0.00,        1.00,        1.00,        0.00
     3575.00,       64.52,       21.76,        0.00,        0.00,        0.00,        0.00,        1.00,        4.25,        0.00,        0.00,        1.00,        1.00,        0.00
     3576.00,       64.52,       27.32,        0.00,        0.00,        0.00,        0.00,        1.00,        4.25,        0.00,        0.00,        1.00,        1.00,        0.00
     3577.00,       64.52,       26.32,        0.00,        0.00,        0.00,        0.00,        1.00,        4.25,        0.00,        0.00,        1.00,        1.00,        0.00
     3578.00,       64.52,       24.98,        0.00,        0.00,        0.00,        0.00,        1.00,        4.25,        0.00,        0.00,        1.00,        1.00,        0.00
     3579.00,       64.52,       23.68,        0.00,        0.00,        0.00,        0.00,        1.00,        4.25,        0.00,        0.00,        1.00,        1.00,        0.00
     3580.00,       64.52,       24.47,        0.00,        0.00,        0.00,        0.00,        1.00,        4.25,        0.00,        0.00,        1.00,        1.00,        0.00
     3581.00,       64.52,       25.39,        0.00,        0.00,        0.00,        0.00,        1.00,        4.25,        0.00,        0.00,        1.00,        1.00,        0.00
     3582.00,       64.52,       25.26,        0.00,        0.00,        0.00,        0.00,        1.00,        4.25,        0.00,        0.00,        1.00,        1.00,        0.00
     3583.00,       64.52,       25.48,        0.00,        0.00,        0.00,        0.00,        1.00,        4.25,        0.00,        0.00,        1.00,        1.00,        0.00
     3584.00,       64.52,       37.04,        0.00,        0.00,        0.00,        0.00,        1.00,        4.25,        0.00,        0.00,        1.00,        1.00,        0.00
     3585.00,       64.52,       37.33,        0.00,        0.00,        0.00,        0.00,        1.00,        4.25,        0.00,        0.00,        1.00,        1.00,        0.00
     3586.00,       64.52,       36.44,        0.00,        0.00,        0.00,        0.00,        1.00,        4.25,        0.00,        0.00,        1.00,        1.00,        0.00
     3587.00,       64.52,       36.16,        0.00,        0.00,        0.00,        0.00,        1.00,        4.25,        0.00,        0.00,        1.00,        1.00,        0.00
     3588.00,       64.52,       34.08,        0.00,        0.00,        0.00,        0.00,        1.00,        4.25,        0.00,        0.00,        1.00,        1.00,        0.00
     3589.00,       64.52,       32.06,        0.00,        0.00,        0.00,        0.00,        1.00,        4.25,        0.00,        0.00,        1.00,        1.00,        0.00
     3590.00,       64.52,       31.22,        0.00,        0.00,        0.00,        0.00,        1.00,        4.25,        0.00,        0.00,        1.00,        1.00,        0.00
     3591.00,       64.52,       31.79,        0.00,        0.00,        0.00,        0.00,        1.00,        4.25,        0.00,        0.00,        1.00,        1.00,        0.00
     3592.00,       64.52,       28.01,        0.00,        0.00,        0.00,        0.00,        1.00,        4.25,        0.00,        0.00,        1.00,        1.00,        0.00
     3593.00,       64.52,       28.71,        0.00,        0.00,        0.00,        0.00,        1.00,        4.25,        0.00,        0.00,        1.00,        1.00,        0.00
     3594.00,       64.52,       29.92,        0.00,        0.00,        0.00,        0.00,        1.00,        4.25,        0.00,        0.00,        1.00,        1.00,        0.00
     3595.00,       64.52,       30.59,        0.00,        0.00,        0.00,        0.00,        1.00,        4.25,        0.00,        0.00,        1.00,        1.00,        0.00
     3596.00,       64.52,       33.39,        0.00,        0.00,        0.00,        0.00,        1.00,        4.25,        0.00,        0.00,        1.00,        1.00,        0.00
     3597.00,       64.52,       29.38,        0.00,        0.00,        0.00,        0.00,        1.00,        4.25,        0.00,        0.00,        1.00,        1.00,        0.00
     3598.00,       64.52,       25.24,        0.00,        0.00,        0.00,        0.00,        1.00,        4.25,        0.00,        0.00,        1.00,        1.00,        0.00
     3599.00,       64.52,       21.92,        0.00,        0.00,        0.00,        0.00,        1.00,        4.25,        0.00,        0.00,        1.00,        1.00,        0.00
     3600.00,       64.52,       26.58,        0.00,        0.00,        0.00,        0.00,        1.00,        4.25,        0.00,        0.00,        1.00,        1.00,        0.00
     3601.00,       64.52,       25.75,        0.00,        0.00,        0.00,        0.00,        1.00,        4.25,        0.00,        0.00,        1.00,        1.00,        0.00
     3602.00,       64.52,       26.70,        0.00,        0.00,        0.00,        0.00,        1.00,        4.25,        0.00,        0.00,        1.00,        1.00,        0.00
     3603.00,       64.52,       23.21,        0.00,        0.00,        0.00,        0.00,        1.00,        4.25,        0.00,        0.00,        1.00,        1.00,        0.00
     3604.00,       64.52,       24.69,        0.00,        0.00,        0.00,        0.00,        1.00,        4.25,        0.00,        0.00,        1.00,        1.00,        0.00
     3605.00,       64.52,       22.10,        0.00,        0.00,        0.00,        0.00,        1.00,        4.25,        0.00,        0.00,        1.00,        1.00,        0.00
     3606.00,       64.52,       21.71,        0.00,        0.00,        0.00,        0.00,        1.00,        4.25,        0.00,        0.00,        1.00,        1.00,        0.00
     3607.00,       64.52,       21.69,        0.00,        0.00,        0.00,        0.00,        1.00,        4.25,        0.00,        0.00,        1.00,        1.00,        0.00
     3608.00,       64.52,       25.65,        0.00,        0.00,        0.00,        0.00,        1.00,        4.25,        0.00,        0.00,        1.00,        1.00,        0.00
     3609.00,       64.52,       32.49,        0.00,        0.00,        0.00,        0.00,        1.00,        4.25,        0.00,        0.00,        1.00,        1.00,        0.00
     3610.00,       64.52,       31.76,        0.00,        0.00,        0.00,        0.00,        1.00,        4.25,        0.00,        0.00,        1.00,        1.00,        0.00
     3611.00,       64.52,       28.35,        0.00,        0.00,        0.00,        0.00,        1.00,        4.25,        0.00,        0.00,        1.00,        1.00,        0.00
     3612.00,       64.52,       25.20,        0.00,        0.00,        0.00,        0.00,        1.00,        4.25,        0.00,        0.00,        1.00,        1.00,        0.00
     3613.00,       64.52,       25.37,        0.00,        0.00,        0.00,        0.00,        1.00,        4.25,        0.00,        0.00,        1.00,        1.00,        0.00
     3614.00,       64.52,       25.39,        0.00,        0.00,        0.00,        0.00,        1.00,        4.25,        0.00,        0.00,        1.00,        1.00,        0.00
     3615.00,       64.52,       23.03,        0.00,        0.00,        0.00,        0.00,        1.00,        4.25,        0.00,        0.00,        1.00,        1.00,        0.00
     3616.00,       64.52,       23.79,        0.00,        0.00,        0.00,        0.00,        1.00,        4.25,        0.00,        0.00,        1.00,        1.00,        0.00
     3617.00,       64.52,       24.76,        0.00,        0.00,        0.00,        0.00,        1.00,        4.25,        0.00,        0.00,        1.00,        1.00,        0.00
     3618.00,       64.52,       26.98,        0.00,        0.00,        0.00,        0.00,        1.00,        4.25,        0.00,        0.00,        1.00,        1.00,        0.00
     3619.00,       64.52,       28.05,        0.00,        0.00,        0.00,        0.00,        1.00,        4.25,        0.00,        0.00,        1.00,        1.00,        0.00
     3620.00,       64.52,       33.56,        0.00,        0.00,        0.00,        0.00,        1.00,        4.25,        0.00,        0.00,        1.00,        1.00,        0.00
     3621.00,       64.52,       26.87,        0.00,        0.00,        0.00,        0.00,        1.00,        4.25,        0.00,        0.00,        1.00,        1.00,        0.00
     3622.00,       64.52,       24.71,        0.00,        0.00,        0.00,        0.00,        1.00,        4.25,        0.00,        0.00,        1.00,        1.00,        0.00
     3623.00,       64.52,       22.18,        0.00,        0.00,        0.00,        0.00,        1.00,        4.25,        0.00,        0.00,        1.00,        1.00,        0.00
     3624.00,       64.52,       21.62,        0.00,        0.00,        0.00,        0.00,        1.00,        4.25,        0.00,        0.00,        1.00,        1.00,        0.00
     3625.00,       64.52,       19.33,        0.00,        0.00,        0.00,        0.00,        1.00,        4.25,        0.00,        0.00,        1.00,        1.00,        0.00
     3626.00,       64.52,       20.13,        0.00,        0.00,        0.00,        0.00,        1.00,        4.25,        0.00,        0.00,        1.00,        1.00,        0.00
     3627.00,       64.52,       19.38,        0.00,        0.00,        0.00,        0.00,        1.00,        4.25,        0.00,        0.00,        1.00,        1.00,        0.00
     3628.00,       64.52,       20.61,        0.00,        0.00,        0.00,        0.00,        1.00,        4.25,        0.00,        0.00,        1.00,        1.00,        0.00
     3629.00,       64.52,       22.05,        0.00,        0.00,        0.00,        0.00,        1.00,        4.25,        0.00,        0.00,        1.00,        1.00,        0.00
     3630.00,       64.52,       24.48,        0.00,        0.00,        0.00,        0.00,        1.00,        4.25,        0.00,        0.00,        1.00,        1.00,        0.00
     3631.00,       64.52,       23.73,        0.00,        0.00,        0.00,        0.00,        1.00,        4.25,        0.00,        0.00,        1.00,        1.00,        0.00
     3632.00,       64.52,       33.14,        0.00,        0.00,        0.00,        0.00,        1.00,        4.25,        0.00,        0.00,        1.00,        1.00,        0.00
     3633.00,       64.52,       38.67,        0.00,        0.00,        0.00,        0.00,        1.00,        4.25,        0.00,        0.00,        1.00,        1.00,        0.00
     3634.00,       64.52,       39.93,        0.00,        0.00,        0.00,        0.00,        1.00,        4.25,        0.00,        0.00,        1.00,        1.00,        0.00
     3635.00,       64.52,       40.02,        0.00,        0.00,        0.00,        0.00,        1.00,        4.25,        0.00,        0.00,        1.00,        1.00,        0.00
     3636.00,       64.52,       36.89,        0.00,        0.00,        0.00,        0.00,        1.00,        4.25,        0.00,        0.00,        1.00,        1.00,        0.00
     3637.00,       64.52,       41.66,        0.00,        0.00,        0.00,        0.00,        1.00,        4.25,        0.00,        0.00,        1.00,        1.00,        0.00
     3638.00,       64.52,       38.30,        0.00,        0.00,        0.00,        0.00,        1.00,        4.25,        0.00,        0.00,        1.00,        1.00,        0.00
     3639.00,       64.52,       36.99,        0.00,        0.00,        0.00,        0.00,        1.00,        4.25,        0.00,        0.00,        1.00,        1.00,        0.00
     3640.00,       64.52,       33.09,        0.00,        0.00,        0.00,        0.00,        1.00,        4.25,        0.00,        0.00,        1.00,        1.00,        0.00
     3641.00,       64.52,       30.50,        0.00,        0.00,        0.00,        0.00,        1.00,        4.25,        0.00,        0.00,        1.00,        1.00,        0.00
     3642.00,       64.52,       31.56,        0.00,        0.00,        0.00,        0.00,        1.00,        4.25,        0.00,        0.00,        1.00,        1.00,        0.00
     3643.00,       64.52,       32.53,        0.00,        0.00,        0.00,        0.00,        1.00,        4.25,        0.00,        0.00,        1.00,        1.00,        0.00
     3644.00,       64.52,       37.49,        0.00,        0.00,        0.00,        0.00,        1.00,        4.25,        0.00,        0.00,        1.00,        1.00,        0.00
     3645.00,       64.52,       33.29,        0.00,        0.00,        0.00,        0.00,        1.00,        4.25,        0.00,        0.00,        1.00,        1.00,        0.00
     3646.00,       64.52,       26.84,        0.00,        0.00,        0.00,        0.00,        1.00,        4.25,        0.00,        0.00,        1.00,        1.00,        0.00
     3647.00,       64.52,       25.06,        0.00,        0.00,        0.00,        0.00,        1.00,        4.25,        0.00,        0.00,        1.00,        1.00,        0.00
     3648.00,       64.52,       24.30,        0.00,        0.00,        0.00,        0.00,        1.00,        4.25,        0.00,        0.00,        1.00,        1.00,        0.00
     3649.00,       64.52,       23.24,        0.00,        0.00,        0.00,        0.00,        1.00,        4.25,        0.00,        0.00,        1.00,        1.00,        0.00
     3650.00,       64.52,       23.45,        0.00,        0.00,        0.00,        0.00,        1.00,        4.25,        0.00,        0.00,        1.00,        1.00,        0.00
     3651.00,       64.52,       22.06,        0.00,        0.00,        0.00,        0.00,        1.00,        4.25,        0.00,        0.00,        1.00,        1.00,        0.00
     3652.00,       64.52,       23.11,        0.00,        0.00,        0.00,        0.00,        1.00,        4.25,        0.00,        0.00,        1.00,        1.00,        0.00
     3653.00,       64.52,       24.21,        0.00,        0.00,        0.00,        0.00,        1.00,        4.25,        0.00,        0.00,        1.00,        1.00,        0.00
     3654.00,       64.52,       25.48,        0.00,        0.00,        0.00,        0.00,        1.00,        4.25,        0.00,        0.00,        1.00,        1.00,        0.00
     3655.00,       64.52,       25.43,        0.00,        0.00,        0.00,        0.00,        1.00,        4.25,        0.00,        0.00,        1.00,        1.00,        0.00
     3656.00,       64.52,       34.41,        0.00,        0.00,        0.00,        0.00,        1.00,        4.25,        0.00,        0.00,        1.00,        1.00,        0.00
     3657.00,       64.52,       32.42,        0.00,        0.00,        0.00,        0.00,        1.00,        4.25,        0.00,        0.00,        1.00,        1.00,        0.00
     3658.00,       64.52,       33.33,        0.00,        0.00,        0.00,        0.00,        1.00,        4.25,        0.00,        0.00,        1.00,        1.00,        0.00
     3659.00,       64.52,       32.12,        0.00,        0.00,        0.00,        0.00,        1.00,        4.25,        0.00,        0.00,        1.00,        1.00,        0.00
     3660.00,       64.52,       33.62,        0.00,        0.00,        0.00,        0.00,        1.00,        4.25,        0.00,        0.00,        1.00,        1.00,        0.00
     3661.00,       64.52,       31.75,        0.00,        0.00,        0.00,        0.00,        1.00,        4.25,        0.00,        0.00,        1.00,        1.00,        0.00
     3662.00,       64.52,       28.20,        0.00,        0.00,        0.00,        0.00,        1.00,        4.25,        0.00,        0.00,        1.00,        1.00,        0.00
     3663.00,       64.52,       24.58,        0.00,        0.00,        0.00,        0.00,        1.00,        4.25,        0.00,        0.00,        1.00,        1.00,        0.00
     3664.00,       64.52,       25.56,        0.00,        0.00,        0.00,        0.00,        1.00,        4.25,        0.00,        0.00,        1.00,        1.00,        0.00
     3665.00,       64.52,       26.18,        0.00,        0.00,        0.00,        0.00,        1.00,        4.25,        0.00,        0.00,        1.00,        1.00,        0.00
     3666.00,       64.52,       25.89,        0.00,        0.00,        0.00,        0.00,        1.00,        4.25,        0.00,        0.00,        1.00,        1.00,        0.00
     3667.00,       64.52,       26.92,        0.00,        0.00,        0.00,        0.00,        1.00,        4.25,        0.00,        0.00,        1.00,        1.00,        0.00
     3668.00,       64.52,       34.05,        0.00,        0.00,        0.00,        0.00,        1.00,        4.25,        0.00,        0.00,        1.00,        1.00,        0.00
     3669.00,       64.52,       28.10,        0.00,        0.00,        0.00,        0.00,        1.00,        4.25,        0.00,        0.00,        1.00,        1.00,        0.00
     3670.00,       64.52,       19.50,        0.00,        0.00,        0.00,        0.00,        1.00,        4.25,        0.00,        0.00,        1.00,        1.00,        0.00
     3671.00,       64.52,       21.72,        0.00,        0.00,        0.00,        0.00,        1.00,        4.25,        0.00,        0.00,        1.00,        1.00,        0.00
     3672.00,       64.52,       24.38,        0.00,        0.00,        0.00,        0.00,        1.00,        4.25,        0.00,        0.00,        1.00,        1.00,        0.00
     3673.00,       64.52,       24.22,        0.00,        0.00,        0.00,        0.00,        1.00,        4.25,        0.00,        0.00,        1.00,        1.00,        0.00
     3674.00,       64.52,       24.47,        0.00,        0.00,        0.00,        0.00,        1.00,        4.25,        0.00,        0.00,        1.00,        1.00,        0.00
     3675.00,       64.52,       23.43,        0.00,        0.00,        0.00,        0.00,        1.00,        4.25,        0.00,        0.00,        1.00,        1.00,        0.00
     3676.00,       64.52,       24.21,        0.00,        0.00,        0.00,        0.00,        1.00,        4.25,        0.00,        0.00,        1.00,        1.00,        0.00
     3677.00,       64.52,       26.33,        0.00,        0.00,        0.00,        0.00,        1.00,        4.25,        0.00,        0.00,        1.00,        1.00,        0.00
     3678.00,       64.52,       26.17,        0.00,        0.00,        0.00,        0.00,        1.00,        4.25,        0.00,        0.00,        1.00,        1.00,        0.00
     3679.00,       64.52,       24.81,        0.00,        0.00,        0.00,        0.00,        1.00,        4.25,        0.00,        0.00,        1.00,        1.00,        0.00
     3680.00,       64.52,       23.19,        0.00,        0.00,        0.00,        0.00,        1.00,        4.25,        0.00,        0.00,        1.00,        1.00,        0.00
     3681.00,       64.52,       28.91,        0.00,        0.00,        0.00,        0.00,        1.00,        4.25,        0.00,        0.00,        1.00,        1.00,        0.00
     3682.00,       64.52,       31.95,        0.00,        0.00,        0.00,        0.00,        1.00,        4.25,        0.00,        0.00,        1.00,        1.00,        0.00
     3683.00,       64.52,       31.78,        0.00,        0.00,        0.00,        0.00,        1.00,        4.25,        0.00,        0.00,        1.00,        1.00,        0.00
     3684.00,       64.52,       28.43,        0.00,        0.00,        0.00,        0.00,        1.00,        4.25,        0.00,        0.00,        1.00,        1.00,        0.00
     3685.00,       64.52,       27.95,        0.00,        0.00,        0.00,        0.00,        1.00,        4.25,        0.00,        0.00,        1.00,        1.00,        0.00
     3686.00,       64.52,       28.21,        0.00,        0.00,        0.00,        0.00,        1.00,        4.25,        0.00,        0.00,        1.00,        1.00,        0.00
     3687.00,       64.52,       25.76,        0.00,        0.00,        0.00,        0.00,        1.00,        4.25,        0.00,        0.00,        1.00,        1.00,        0.00
     3688.00,       64.52,       24.79,        0.00,        0.00,        0.00,        0.00,        1.00,        4.25,        0.00,        0.00,        1.00,        1.00,        0.00
     3689.00,       64.52,       21.59,        0.00,        0.00,        0.00,        0.00,        1.00,        4.25,        0.00,        0.00,        1.00,        1.00,        0.00
     3690.00,       64.52,       22.98,        0.00,        0.00,        0.00,        0.00,        1.00,        4.25,        0.00,        0.00,        1.00,        1.00,        0.00
     3691.00,       64.52,       23.67,        0.00,        0.00,        0.00,        0.00,        1.00,        4.25,        0.00,        0.00,        1.00,        1.00,        0.00
     3692.00,       64.52,       28.30,        0.00,        0.00,        0.00,        0.00,        1.00,        4.25,        0.00,        0.00,        1.00,        1.00,        0.00
     3693.00,       64.52,       22.73,        0.00,        0.00,        0.00,        0.00,        1.00,        4.25,        0.00,        0.00,        1.00,        1.00,        0.00
     3694.00,       64.52,       20.52,        0.00,        0.00,        0.00,        0.00,        1.00,        4.25,        0.00,        0.00,        1.00,        1.00,        0.00
     3695.00,       64.52,       21.43,        0.00,        0.00,        0.00,        0.00,        1.00,        4.25,        0.00,        0.00,        1.00,        1.00,        0.00
     3696.00,       64.52,       25.09,        0.00,        0.00,        0.00,        0.00,        1.00,        4.25,        0.00,        0.00,        1.00,        1.00,        0.00
     3697.00,       64.52,       25.41,        0.00,        0.00,        0.00,        0.00,        1.00,        4.25,        0.00,        0.00,        1.00,        1.00,        0.00
     3698.00,       64.52,       24.65,        0.00,        0.00,        0.00,        0.00,        1.00,        4.25,        0.00,        0.00,        1.00,        1.00,        0.00
     3699.00,       64.52,       24.76,        0.00,        0.00,        0.00,        0.00,        1.00,        4.25,        0.00,        0.00,        1.00,        1.00,        0.00
     3700.00,       64.52,       25.73,        0.00,        0.00,        0.00,        0.00,        1.00,        4.25,        0.00,        0.00,        1.00,        1.00,        0.00
     3701.00,       64.52,       30.13,        0.00,        0.00,        0.00,        0.00,        1.00,        4.25,        0.00,        0.00,        1.00,        1.00,        0.00
     3702.00,       64.52,       34.55,        0.00,        0.00,        0.00,        0.00,        1.00,        4.25,        0.00,        0.00,        1.00,        1.00,        0.00
     3703.00,       64.52,       29.98,        0.00,        0.00,        0.00,        0.00,        1.00,        4.25,        0.00,        0.00,        1.00,        1.00,        0.00
     3704.00,       64.52,       29.73,        0.00,        0.00,        0.00,        0.00,        1.00,        4.25,        0.00,        0.00,        1.00,        1.00,        0.00
     3705.00,       64.52,       25.38,        0.00,        0.00,        0.00,        0.00,        1.00,        4.25,        0.00,        0.00,        1.00,        1.00,        0.00
     3706.00,       64.52,       25.99,        0.00,        0.00,        0.00,        0.00,        1.00,        4.25,        0.00,        0.00,        1.00,        1.00,        0.00
     3707.00,       64.52,       26.08,        0.00,        0.00,        0.00,        0.00,        1.00,        4.25,        0.00,        0.00,        1.00,        1.00,        0.00
     3708.00,       64.52,       25.74,        0.00,        0.00,        0.00,        0.00,        1.00,        4.25,        0.00,        0.00,        1.00,        1.00,        0.00
     3709.00,       64.52,       26.17,        0.00,        0.00,        0.00,        0.00,        1.00,        4.25,        0.00,        0.00,        1.00,        1.00,        0.00
     3710.00,       64.52,       27.18,        0.00,        0.00,        0.00,        0.00,        1.00,        4.25,        0.00,        0.00,        1.00,        1.00,        0.00
     3711.00,       64.52,       25.86,        0.00,        0.00,        0.00,        0.00,        1.00,        4.25,        0.00,        0.00,        1.00,        1.00,        0.00
     3712.00,       64.52,       26.66,        0.00,        0.00,        0.00,        0.00,        1.00,        4.25,        0.00,        0.00,        1.00,        1.00,        0.00
     3713.00,       64.52,       25.88,        0.00,        0.00,        0.00,        0.00,        1.00,        4.25,        0.00,        0.00,        1.00,        1.00,        0.00
     3714.00,       64.52,       26.89,        0.00,        0.00,        0.00,        0.00,        1.00,        4.25,        0.00,        0.00,        1.00,        1.00,        0.00
     3715.00,       64.52,       26.05,        0.00,        0.00,        0.00,        0.00,        1.00,        4.25,        0.00,        0.00,        1.00,        1.00,        0.00
     3716.00,       64.52,       31.05,        0.00,        0.00,        0.00,        0.00,        1.00,        4.25,        0.00,        0.00,        1.00,        1.00,        0.00
     3717.00,       64.52,       29.69,        0.00,        0.00,        0.00,        0.00,        1.00,        4.25,        0.00,        0.00,        1.00,        1.00,        0.00
     3718.00,       64.52,       26.79,        0.00,        0.00,        0.00,        0.00,        1.00,        4.25,        0.00,        0.00,        1.00,        1.00,        0.00
     3719.00,       64.52,       27.39,        0.00,        0.00,        0.00,        0.00,        1.00,        4.25,        0.00,        0.00,        1.00,        1.00,        0.00
     3720.00,       64.52,       29.07,        0.00,        0.00,        0.00,        0.00,        1.00,        4.25,        0.00,        0.00,        1.00,        1.00,        0.00
     3721.00,       64.52,       27.69,        0.00,        0.00,        0.00,        0.00,        1.00,        4.25,        0.00,        0.00,        1.00,        1.00,        0.00
     3722.00,       64.52,       28.16,        0.00,        0.00,        0.00,        0.00,        1.00,        4.25,        0.00,        0.00,        1.00,        1.00,        0.00
     3723.00,       64.52,       26.63,        0.00,        0.00,        0.00,        0.00,        1.00,        4.25,        0.00,        0.00,        1.00,        1.00,        0.00
     3724.00,       64.52,       27.91,        0.00,        0.00,        0.00,        0.00,        1.00,        4.25,        0.00,        0.00,        1.00,        1.00,        0.00
     3725.00,       64.52,       29.53,        0.00,        0.00,        0.00,        0.00,        1.00,        4.25,        0.00,        0.00,        1.00,        1.00,        0.00
     3726.00,       64.52,       32.24,        0.00,        0.00,        0.00,        0.00,        1.00,        4.25,        0.00,        0.00,        1.00,        1.00,        0.00
     3727.00,       64.52,       33.13,        0.00,        0.00,        0.00,        0.00,        1.00,        4.25,        0.00,        0.00,        1.00,        1.00,        0.00
     3728.00,       64.52,       32.51,        0.00,        0.00,        0.00,        0.00,        1.00,        4.25,        0.00,        0.00,        1.00,        1.00,        0.00
     3729.00,       64.52,       33.75,        0.00,        0.00,        0.00,        0.00,        1.00,        4.25,        0.00,        0.00,        1.00,        1.00,        0.00
     3730.00,       64.52,       34.63,        0.00,        0.00,        0.00,        0.00,        1.00,        4.25,        0.00,        0.00,        1.00,        1.00,        0.00
     3731.00,       64.52,       35.63,        0.00,        0.00,        0.00,        0.00,        1.00,        4.25,        0.00,        0.00,        1.00,        1.00,        0.00
     3732.00,       64.52,       36.00,        0.00,        0.00,        0.00,        0.00,        1.00,        4.25,        0.00,        0.00,        1.00,        1.00,        0.00
     3733.00,       64.52,       32.84,        0.00,        0.00,        0.00,        0.00,        1.00,        4.25,        0.00,        0.00,        1.00,        1.00,        0.00
     3734.00,       64.52,       32.95,        0.00,        0.00,        0.00,        0.00,        1.00,        4.25,        0.00,        0.00,        1.00,        1.00,        0.00
     3735.00,       64.52,       24.89,        0.00,        0.00,        0.00,        0.00,        1.00,        4.25,        0.00,        0.00,        1.00,        1.00,        0.00
     3736.00,       64.52,       28.42,        0.00,        0.00,        0.00,        0.00,        1.00,        4.25,        0.00,        0.00,        1.00,        1.00,        0.00
     3737.00,       64.52,       33.12,        0.00,        0.00,        0.00,        0.00,        1.00,        4.25,        0.00,        0.00,        1.00,        1.00,        0.00
     3738.00,       64.52,       31.84,        0.00,        0.00,        0.00,        0.00,        1.00,        4.25,        0.00,        0.00,        1.00,        1.00,        0.00
     3739.00,       64.52,       26.45,        0.00,        0.00,        0.00,        0.00,        1.00,        4.25,        0.00,        0.00,        1.00,        1.00,        0.00
     3740.00,       64.52,       29.30,        0.00,        0.00,        0.00,        0.00,        1.00,        4.25,        0.00,        0.00,        1.00,        1.00,        0.00
     3741.00,       64.52,       25.27,        0.00,        0.00,        0.00,        0.00,        1.00,        4.25,        0.00,        0.00,        1.00,        1.00,        0.00
     3742.00,       64.52,       26.54,        0.00,        0.00,        0.00,        0.00,        1.00,        4.25,        0.00,        0.00,        1.00,        1.00,        0.00
     3743.00,       64.52,       26.51,        0.00,        0.00,        0.00,        0.00,        1.00,        4.25,        0.00,        0.00,        1.00,        1.00,        0.00
     3744.00,       64.52,       29.66,        0.00,        0.00,        0.00,        0.00,        1.00,        4.25,        0.00,        0.00,        1.00,        1.00,        0.00
     3745.00,       64.52,       28.35,        0.00,        0.00,        0.00,        0.00,        1.00,        4.25,        0.00,        0.00,        1.00,        1.00,        0.00
     3746.00,       64.52,       26.73,        0.00,        0.00,        0.00,        0.00,        1.00,        4.25,        0.00,        0.00,        1.00,        1.00,        0.00
     3747.00,       64.52,       25.18,        0.00,        0.00,        0.00,        0.00,        1.00,        4.25,        0.00,        0.00,        1.00,        1.00,        0.00
     3748.00,       64.52,       27.29,        0.00,        0.00,        0.00,        0.00,        1.00,        4.25,        0.00,        0.00,        1.00,        1.00,        0.00
     3749.00,       64.52,       27.44,        0.00,        0.00,        0.00,        0.00,        1.00,        4.25,        0.00,        0.00,        1.00,        1.00,        0.00
     3750.00,       64.52,       28.31,        0.00,        0.00,        0.00,        0.00,        1.00,        4.25,        0.00,        0.00,        1.00,        1.00,        0.00
     3751.00,       64.52,       27.38,        0.00,        0.00,        0.00,        0.00,        1.00,        4.25,        0.00,        0.00,        1.00,        1.00,        0.00
     3752.00,       64.52,       25.69,        0.00,        0.00,        0.00,        0.00,        1.00,        4.25,        0.00,        0.00,        1.00,        1.00,        0.00
     3753.00,       64.52,       27.47,        0.00,        0.00,        0.00,        0.00,        1.00,        4.25,        0.00,        0.00,        1.00,        1.00,        0.00
     3754.00,       64.52,       29.64,        0.00,        0.00,        0.00,        0.00,        1.00,        4.25,        0.00,        0.00,        1.00,        1.00,        0.00
     3755.00,       64.52,       31.64,        0.00,        0.00,        0.00,        0.00,        1.00,        4.25,        0.00,        0.00,        1.00,        1.00,        0.00
     3756.00,       64.52,       32.91,        0.00,        0.00,        0.00,        0.00,        1.00,        4.25,        0.00,        0.00,        1.00,        1.00,        0.00
     3757.00,       64.52,       31.21,        0.00,        0.00,        0.00,        0.00,        1.00,        4.25,        0.00,        0.00,        1.00,        1.00,        0.00
     3758.00,       64.52,       32.40,        0.00,        0.00,        0.00,        0.00,        1.00,        4.25,        0.00,        0.00,        1.00,        1.00,        0.00
     3759.00,       64.52,       30.38,        0.00,        0.00,        0.00,        0.00,        1.00,        4.25,        0.00,        0.00,        1.00,        1.00,        0.00
     3760.00,       64.52,       31.82,        0.00,        0.00,        0.00,        0.00,        1.00,        4.25,        0.00,        0.00,        1.00,        1.00,        0.00
     3761.00,       64.52,       30.31,        0.00,        0.00,        0.00,        0.00,        1.00,        4.25,        0.00,        0.00,        1.00,        1.00,        0.00
     3762.00,       64.52,       24.48,        0.00,        0.00,        0.00,        0.00,        1.00,        4.25,        0.00,        0.00,        1.00,        1.00,        0.00
     3763.00,       64.52,       28.66,        0.00,        0.00,        0.00,        0.00,        1.00,        4.25,        0.00,        0.00,        1.00,        1.00,        0.00
     3764.00,       64.52,       38.57,        0.00,        0.00,        0.00,        0.00,        1.00,        4.25,        0.00,        0.00,        1.00,        1.00,        0.00
     3765.00,       64.52,       28.71,        0.00,        0.00,        0.00,        0.00,        1.00,        4.25,        0.00,        0.00,        1.00,        1.00,        0.00
     3766.00,       64.52,       22.51,        0.00,        0.00,        0.00,        0.00,        1.00,        4.25,        0.00,        0.00,        1.00,        1.00,        0.00
     3767.00,       64.52,       28.60,        0.00,        0.00,        0.00,        0.00,        1.00,        4.25,        0.00,        0.00,        1.00,        1.00,        0.00
     3768.00,       64.52,       30.54,        0.00,        0.00,        0.00,        0.00,        1.00,        4.25,        0.00,        0.00,        1.00,        1.00,        0.00
     3769.00,       64.52,       29.18,        0.00,        0.00,        0.00,        0.00,        1.00,        4.25,        0.00,        0.00,        1.00,        1.00,        0.00
     3770.00,       64.52,       29.50,        0.00,        0.00,        0.00,        0.00,        1.00,        4.25,        0.00,        0.00,        1.00,        1.00,        0.00
     3771.00,       64.52,       29.27,        0.00,        0.00,        0.00,        0.00,        1.00,        4.25,        0.00,        0.00,        1.00,        1.00,        0.00
     3772.00,       64.52,       28.98,        0.00,        0.00,        0.00,        0.00,        1.00,        4.25,        0.00,        0.00,        1.00,        1.00,        0.00
     3773.00,       64.52,       26.34,        0.00,        0.00,        0.00,        0.00,        1.00,        4.25,        0.00,        0.00,        1.00,        1.00,        0.00
     3774.00,       64.52,       27.18,        0.00,        0.00,        0.00,        0.00,        1.00,        4.25,        0.00,        0.00,        1.00,        1.00,        0.00
     3775.00,       64.52,       26.51,        0.00,        0.00,        0.00,        0.00,        1.00,        4.25,        0.00,        0.00,        1.00,        1.00,        0.00
     3776.00,       64.52,       25.47,        0.00,        0.00,        0.00,        0.00,        1.00,        4.25,        0.00,        0.00,        1.00,        1.00,        0.00
     3777.00,       64.52,       29.06,        0.00,        0.00,        0.00,        0.00,        1.00,        4.25,        0.00,        0.00,        1.00,        1.00,        0.00
     3778.00,       64.52,       31.21,        0.00,        0.00,        0.00,        0.00,        1.00,        4.25,        0.00,        0.00,        1.00,        1.00,        0.00
     3779.00,       64.52,       31.92,        0.00,        0.00,        0.00,        0.00,        1.00,        4.25,        0.00,        0.00,        1.00,        1.00,        0.00
     3780.00,       64.52,       31.83,        0.00,        0.00,        0.00,        0.00,        1.00,        4.25,        0.00,        0.00,        1.00,        1.00,        0.00
     3781.00,       64.52,       32.39,        0.00,        0.00,        0.00,        0.00,        1.00,        4.25,        0.00,        0.00,        1.00,        1.00,        0.00
     3782.00,       64.52,       30.51,        0.00,        0.00,        0.00,        0.00,        1.00,        4.25,        0.00,        0.00,        1.00,        1.00,        0.00
     3783.00,       64.52,       30.40,        0.00,        0.00,        0.00,        0.00,        1.00,        4.25,        0.00,        0.00,        1.00,        1.00,        0.00
     3784.00,       64.52,       30.23,        0.00,        0.00,        0.00,        0.00,        1.00,        4.25,        0.00,        0.00,        1.00,        1.00,        0.00
     3785.00,       64.52,       31.54,        0.00,        0.00,        0.00,        0.00,        1.00,        4.25,        0.00,        0.00,        1.00,        1.00,        0.00
     3786.00,       64.52,       33.78,        0.00,        0.00,        0.00,        0.00,        1.00,        4.25,        0.00,        0.00,        1.00,        1.00,        0.00
     3787.00,       64.52,       39.45,        0.00,        0.00,        0.00,        0.00,        1.00,        4.25,        0.00,        0.00,        1.00,        1.00,        0.00
     3788.00,       64.52,       44.75,        0.00,        0.00,        0.00,        0.00,        1.00,        4.25,        0.00,        0.00,        1.00,        1.00,        0.00
     3789.00,       64.52,       33.72,        0.00,        0.00,        0.00,        0.00,        1.00,        4.25,        0.00,        0.00,        1.00,        1.00,        0.00
     3790.00,       64.52,       27.85,        0.00,        0.00,        0.00,        0.00,        1.00,        4.25,        0.00,        0.00,        1.00,        1.00,        0.00
     3791.00,       64.52,       29.71,        0.00,        0.00,        0.00,        0.00,        1.00,        4.25,        0.00,        0.00,        1.00,        1.00,        0.00
     3792.00,       64.52,       30.15,        0.00,        0.00,        0.00,        0.00,        1.00,        4.25,        0.00,        0.00,        1.00,        1.00,        0.00
     3793.00,       64.52,       28.85,        0.00,        0.00,        0.00,        0.00,        1.00,        4.25,        0.00,        0.00,        1.00,        1.00,        0.00
     3794.00,       64.52,       27.64,        0.00,        0.00,        0.00,        0.00,        1.00,        4.25,        0.00,        0.00,        1.00,        1.00,        0.00
     3795.00,       64.52,       25.08,        0.00,        0.00,        0.00,        0.00,        1.00,        4.25,        0.00,        0.00,        1.00,        1.00,        0.00
     3796.00,       64.52,       27.78,        0.00,        0.00,        0.00,        0.00,        1.00,        4.25,        0.00,        0.00,        1.00,        1.00,        0.00
     3797.00,       64.52,       29.50,        0.00,        0.00,        0.00,        0.00,        1.00,        4.25,        0.00,        0.00,        1.00,        1.00,        0.00
     3798.00,       64.52,       30.32,        0.00,        0.00,        0.00,        0.00,        1.00,        4.25,        0.00,        0.00,        1.00,        1.00,        0.00
     3799.00,       64.52,       31.01,        0.00,        0.00,        0.00,        0.00,        1.00,        4.25,        0.00,        0.00,        1.00,        1.00,        0.00
     3800.00,       64.52,       36.46,        0.00,        0.00,        0.00,        0.00,        1.00,        4.25,        0.00,        0.00,        1.00,        1.00,        0.00
     3801.00,       64.52,       39.16,        0.00,        0.00,        0.00,        0.00,        1.00,        4.25,        0.00,        0.00,        1.00,        1.00,        0.00
     3802.00,       64.52,       43.09,        0.00,        0.00,        0.00,        0.00,        1.00,        4.25,        0.00,        0.00,        1.00,        1.00,        0.00
     3803.00,       64.52,       42.43,        0.00,        0.00,        0.00,        0.00,        1.00,        4.25,        0.00,        0.00,        1.00,        1.00,        0.00
     3804.00,       64.52,       46.68,        0.00,        0.00,        0.00,        0.00,        1.00,        4.25,        0.00,        0.00,        1.00,        1.00,        0.00
     3805.00,       64.52,       53.97,        0.00,        0.00,        0.00,        0.00,        1.00,        4.25,        0.00,        0.00,        1.00,        1.00,        0.00
     3806.00,       64.52,       59.10,        0.00,        0.00,        0.00,        0.00,        1.00,        4.25,        0.00,        0.00,        1.00,        1.00,        0.00
     3807.00,       64.52,       50.78,        0.00,        0.00,        0.00,        0.00,        1.00,        4.25,        0.00,        0.00,        1.00,        1.00,        0.00
     3808.00,       64.52,       58.99,        0.00,        0.00,        0.00,        0.00,        1.00,        4.25,        0.00,        0.00,        1.00,        1.00,        0.00
     3809.00,       64.52,       52.04,        0.00,        0.00,        0.00,        0.00,        1.00,        4.25,        0.00,        0.00,        1.00,        1.00,        0.00
     3810.00,       64.52,       56.29,        0.00,        0.00,        0.00,        0.00,        1.00,        4.25,        0.00,        0.00,        1.00,        1.00,        0.00
     3811.00,       64.52,       57.09,        0.00,        0.00,        0.00,        0.00,        1.00,        4.25,        0.00,        0.00,        1.00,        1.00,        0.00
     3812.00,       64.52,       54.69,        0.00,        0.00,        0.00,        0.00,        1.00,        4.25,        0.00,        0.00,        1.00,        1.00,        0.00
     3813.00,       64.52,       44.38,        0.00,        0.00,        0.00,        0.00,        1.00,        4.25,        0.00,        0.00,        1.00,        1.00,        0.00
     3814.00,       64.52,       32.05,        0.00,        0.00,        0.00,        0.00,        1.00,        4.25,        0.00,        0.00,        1.00,        1.00,        0.00
     3815.00,       64.52,       31.94,        0.00,        0.00,        0.00,        0.00,        1.00,        4.25,        0.00,        0.00,        1.00,        1.00,        0.00
     3816.00,       64.52,       32.17,        0.00,        0.00,        0.00,        0.00,        1.00,        4.25,        0.00,        0.00,        1.00,        1.00,        0.00
     3817.00,       64.52,       30.00,        0.00,        0.00,        0.00,        0.00,        1.00,        4.25,        0.00,        0.00,        1.00,        1.00,        0.00
     3818.00,       64.52,       28.29,        0.00,        0.00,        0.00,        0.00,        1.00,        4.25,        0.00,        0.00,        1.00,        1.00,        0.00
     3819.00,       64.52,       27.38,        0.00,        0.00,        0.00,        0.00,        1.00,        4.25,        0.00,        0.00,        1.00,        1.00,        0.00
     3820.00,       64.52,       28.06,        0.00,        0.00,        0.00,        0.00,        1.00,        4.25,        0.00,        0.00,        1.00,        1.00,        0.00
     3821.00,       64.52,       29.69,        0.00,        0.00,        0.00,        0.00,        1.00,        4.25,        0.00,        0.00,        1.00,        1.00,        0.00
     3822.00,       64.52,       31.57,        0.00,        0.00,        0.00,        0.00,        1.00,        4.25,        0.00,        0.00,        1.00,        1.00,        0.00
     3823.00,       64.52,       33.82,        0.00,        0.00,        0.00,        0.00,        1.00,        4.25,        0.00,        0.00,        1.00,        1.00,        0.00
     3824.00,       64.52,       32.94,        0.00,        0.00,        0.00,        0.00,        1.00,        4.25,        0.00,        0.00,        1.00,        1.00,        0.00
     3825.00,       64.52,       35.21,        0.00,        0.00,        0.00,        0.00,        1.00,        4.25,        0.00,        0.00,        1.00,        1.00,        0.00
     3826.00,       64.52,       38.67,        0.00,        0.00,        0.00,        0.00,        1.00,        4.25,        0.00,        0.00,        1.00,        1.00,        0.00
     3827.00,       64.52,       36.19,        0.00,        0.00,        0.00,        0.00,        1.00,        4.25,        0.00,        0.00,        1.00,        1.00,        0.00
     3828.00,       64.52,       39.67,        0.00,        0.00,        0.00,        0.00,        1.00,        4.25,        0.00,        0.00,        1.00,        1.00,        0.00
     3829.00,       64.52,       40.51,        0.00,        0.00,        0.00,        0.00,        1.00,        4.25,        0.00,        0.00,        1.00,        1.00,        0.00
     3830.00,       64.52,       40.40,        0.00,        0.00,        0.00,        0.00,        1.00,        4.25,        0.00,        0.00,        1.00,        1.00,        0.00
     3831.00,       64.52,       41.15,        0.00,        0.00,        0.00,        0.00,        1.00,        4.25,        0.00,        0.00,        1.00,        1.00,        0.00
     3832.00,       64.52,       54.64,        0.00,        0.00,        0.00,        0.00,        1.00,        4.25,        0.00,        0.00,        1.00,        1.00,        0.00
     3833.00,       64.52,       43.37,        0.00,        0.00,        0.00,        0.00,        1.00,        4.25,        0.00,        0.00,        1.00,        1.00,        0.00
     3834.00,       64.52,       42.60,        0.00,        0.00,        0.00,        0.00,        1.00,        4.25,        0.00,        0.00,        1.00,        1.00,        0.00
     3835.00,       64.52,       38.56,        0.00,        0.00,        0.00,        0.00,        1.00,        4.25,        0.00,        0.00,        1.00,        1.00,        0.00
     3836.00,       64.52,       35.44,        0.00,        0.00,        0.00,        0.00,        1.00,        4.25,        0.00,        0.00,        1.00,        1.00,        0.00
     3837.00,       64.52,       29.04,        0.00,        0.00,        0.00,        0.00,        1.00,        4.25,        0.00,        0.00,        1.00,        1.00,        0.00
     3838.00,       64.52,       29.49,        0.00,        0.00,        0.00,        0.00,        1.00,        4.25,        0.00,        0.00,        1.00,        1.00,        0.00
     3839.00,       64.52,       32.42,        0.00,        0.00,        0.00,        0.00,        1.00,        4.25,        0.00,        0.00,        1.00,        1.00,        0.00
     3840.00,       64.52,       32.39,        0.00,        0.00,        0.00,        0.00,        1.00,        4.25,        0.00,        0.00,        1.00,        1.00,        0.00
     3841.00,       64.52,       30.33,        0.00,        0.00,        0.00,        0.00,        1.00,        4.25,        0.00,        0.00,        1.00,        1.00,        0.00
     3842.00,       64.52,       28.83,        0.00,        0.00,        0.00,        0.00,        1.00,        4.25,        0.00,        0.00,        1.00,        1.00,        0.00
     3843.00,       64.52,       27.21,        0.00,        0.00,        0.00,        0.00,        1.00,        4.25,        0.00,        0.00,        1.00,        1.00,        0.00
     3844.00,       64.52,       27.38,        0.00,        0.00,        0.00,        0.00,        1.00,        4.25,        0.00,        0.00,        1.00,        1.00,        0.00
     3845.00,       64.52,       29.42,        0.00,        0.00,        0.00,        0.00,        1.00,        4.25,        0.00,        0.00,        1.00,        1.00,        0.00
     3846.00,       64.52,       33.84,        0.00,        0.00,        0.00,        0.00,        1.00,        4.25,        0.00,        0.00,        1.00,        1.00,        0.00
     3847.00,       64.52,       34.66,        0.00,        0.00,        0.00,        0.00,        1.00,        4.25,        0.00,        0.00,        1.00,        1.00,        0.00
     3848.00,       64.52,       36.48,        0.00,        0.00,        0.00,        0.00,        1.00,        4.25,        0.00,        0.00,        1.00,        1.00,        0.00
     3849.00,       64.52,       40.90,        0.00,        0.00,        0.00,        0.00,        1.00,        4.25,        0.00,        0.00,        1.00,        1.00,        0.00
     3850.00,       64.52,       42.93,        0.00,        0.00,        0.00,        0.00,        1.00,        4.25,        0.00,        0.00,        1.00,        1.00,        0.00
     3851.00,       64.52,       42.31,        0.00,        0.00,        0.00,        0.00,        1.00,        4.25,        0.00,        0.00,        1.00,        1.00,        0.00
     3852.00,       64.52,       40.06,        0.00,        0.00,        0.00,        0.00,        1.00,        4.25,        0.00,        0.00,        1.00,        1.00,        0.00
     3853.00,       64.52,       43.28,        0.00,        0.00,        0.00,        0.00,        1.00,        4.25,        0.00,        0.00,        1.00,        1.00,        0.00
     3854.00,       64.52,       44.87,        0.00,        0.00,        0.00,        0.00,        1.00,        4.25,        0.00,        0.00,        1.00,        1.00,        0.00
     3855.00,       64.52,       39.38,        0.00,        0.00,        0.00,        0.00,        1.00,        4.25,        0.00,        0.00,        1.00,        1.00,        0.00
     3856.00,       64.52,       46.77,        0.00,        0.00,        0.00,        0.00,        1.00,        4.25,        0.00,        0.00,        1.00,        1.00,        0.00
     3857.00,       64.52,       47.03,        0.00,        0.00,        0.00,        0.00,        1.00,        4.25,        0.00,        0.00,        1.00,        1.00,        0.00
     3858.00,       64.52,       47.73,        0.00,        0.00,        0.00,        0.00,        1.00,        4.25,        0.00,        0.00,        1.00,        1.00,        0.00
     3859.00,       64.52,       48.83,        0.00,        0.00,        0.00,        0.00,        1.00,        4.25,        0.00,        0.00,        1.00,        1.00,        0.00
     3860.00,       64.52,       46.94,        0.00,        0.00,        0.00,        0.00,        1.00,        4.25,        0.00,        0.00,        1.00,        1.00,        0.00
     3861.00,       64.52,       38.48,        0.00,        0.00,        0.00,        0.00,        1.00,        4.25,        0.00,        0.00,        1.00,        1.00,        0.00
     3862.00,       64.52,       35.02,        0.00,        0.00,        0.00,        0.00,        1.00,        4.25,        0.00,        0.00,        1.00,        1.00,        0.00
     3863.00,       64.52,       33.56,        0.00,        0.00,        0.00,        0.00,        1.00,        4.25,        0.00,        0.00,        1.00,        1.00,        0.00
     3864.00,       64.52,       24.98,        0.00,        0.00,        0.00,        0.00,        1.00,        4.25,        0.00,        0.00,        1.00,        1.00,        0.00
     3865.00,       64.52,       27.26,        0.00,        0.00,        0.00,        0.00,        1.00,        4.25,        0.00,        0.00,        1.00,        1.00,        0.00
     3866.00,       64.52,       26.13,        0.00,        0.00,        0.00,        0.00,        1.00,        4.25,        0.00,        0.00,        1.00,        1.00,        0.00
     3867.00,       64.52,       24.37,        0.00,        0.00,        0.00,        0.00,        1.00,        4.25,        0.00,        0.00,        1.00,        1.00,        0.00
     3868.00,       64.52,       26.14,        0.00,        0.00,        0.00,        0.00,        1.00,        4.25,        0.00,        0.00,        1.00,        1.00,        0.00
     3869.00,       64.52,       27.58,        0.00,        0.00,        0.00,        0.00,        1.00,        4.25,        0.00,        0.00,        1.00,        1.00,        0.00
     3870.00,       64.52,       31.43,        0.00,        0.00,        0.00,        0.00,        1.00,        4.25,        0.00,        0.00,        1.00,        1.00,        0.00
     3871.00,       64.52,       32.63,        0.00,        0.00,        0.00,        0.00,        1.00,        4.25,        0.00,        0.00,        1.00,        1.00,        0.00
     3872.00,       64.52,       35.93,        0.00,        0.00,        0.00,        0.00,        1.00,        4.25,        0.00,        0.00,        1.00,        1.00,        0.00
     3873.00,       64.52,       38.41,        0.00,        0.00,        0.00,        0.00,        1.00,        4.25,        0.00,        0.00,        1.00,        1.00,        0.00
     3874.00,       64.52,       36.43,        0.00,        0.00,        0.00,        0.00,        1.00,        4.25,        0.00,        0.00,        1.00,        1.00,        0.00
     3875.00,       64.52,       36.31,        0.00,        0.00,        0.00,        0.00,        1.00,        4.25,        0.00,        0.00,        1.00,        1.00,        0.00
     3876.00,       64.52,       36.08,        0.00,        0.00,        0.00,        0.00,        1.00,        4.25,        0.00,        0.00,        1.00,        1.00,        0.00
     3877.00,       64.52,       34.28,        0.00,        0.00,        0.00,        0.00,        1.00,        4.25,        0.00,        0.00,        1.00,        1.00,        0.00
     3878.00,       64.52,       38.45,        0.00,        0.00,        0.00,        0.00,        1.00,        4.25,        0.00,        0.00,        1.00,        1.00,        0.00
     3879.00,       64.52,       33.47,        0.00,        0.00,        0.00,        0.00,        1.00,        4.25,        0.00,        0.00,        1.00,        1.00,        0.00
     3880.00,       64.52,       40.80,        0.00,        0.00,        0.00,        0.00,        1.00,        4.25,        0.00,        0.00,        1.00,        1.00,        0.00
     3881.00,       64.52,       25.84,        0.00,        0.00,        0.00,        0.00,        1.00,        4.25,        0.00,        0.00,        1.00,        1.00,        0.00
     3882.00,       64.52,       34.26,        0.00,        0.00,        0.00,        0.00,        1.00,        4.25,        0.00,        0.00,        1.00,        1.00,        0.00
     3883.00,       64.52,       42.76,        0.00,        0.00,        0.00,        0.00,        1.00,        4.25,        0.00,        0.00,        1.00,        1.00,        0.00
     3884.00,       64.52,       39.75,        0.00,        0.00,        0.00,        0.00,        1.00,        4.25,        0.00,        0.00,        1.00,        1.00,        0.00
     3885.00,       64.52,       33.38,        0.00,        0.00,        0.00,        0.00,        1.00,        4.25,        0.00,        0.00,        1.00,        1.00,        0.00
     3886.00,       64.52,       31.23,        0.00,        0.00,        0.00,        0.00,        1.00,        4.25,        0.00,        0.00,        1.00,        1.00,        0.00
     3887.00,       64.52,       32.26,        0.00,        0.00,        0.00,        0.00,        1.00,        4.25,        0.00,        0.00,        1.00,        1.00,        0.00
     3888.00,       64.52,       26.55,        0.00,        0.00,        0.00,        0.00,        1.00,        4.25,        0.00,        0.00,        1.00,        1.00,        0.00
     3889.00,       64.52,       27.02,        0.00,        0.00,        0.00,        0.00,        1.00,        4.25,        0.00,        0.00,        1.00,        1.00,        0.00
     3890.00,       64.52,       26.37,        0.00,        0.00,        0.00,        0.00,        1.00,        4.25,        0.00,        0.00,        1.00,        1.00,        0.00
     3891.00,       64.52,       25.71,        0.00,        0.00,        0.00,        0.00,        1.00,        4.25,        0.00,        0.00,        1.00,        1.00,        0.00
     3892.00,       64.52,       27.51,        0.00,        0.00,        0.00,        0.00,        1.00,        4.25,        0.00,        0.00,        1.00,        1.00,        0.00
     3893.00,       64.52,       28.91,        0.00,        0.00,        0.00,        0.00,        1.00,        4.25,        0.00,        0.00,        1.00,        1.00,        0.00
     3894.00,       64.52,       32.51,        0.00,        0.00,        0.00,        0.00,        1.00,        4.25,        0.00,        0.00,        1.00,        1.00,        0.00
     3895.00,       64.52,       33.58,        0.00,        0.00,        0.00,        0.00,        1.00,        4.25,        0.00,        0.00,        1.00,        1.00,        0.00
     3896.00,       64.52,       33.73,        0.00,        0.00,        0.00,        0.00,        1.00,        4.25,        0.00,        0.00,        1.00,        1.00,        0.00
     3897.00,       64.52,       35.65,        0.00,        0.00,        0.00,        0.00,        1.00,        4.25,        0.00,        0.00,        1.00,        1.00,        0.00
     3898.00,       64.52,       36.44,        0.00,        0.00,        0.00,        0.00,        1.00,        4.25,        0.00,        0.00,        1.00,        1.00,        0.00
     3899.00,       64.52,       37.49,        0.00,        0.00,        0.00,        0.00,        1.00,        4.25,        0.00,        0.00,        1.00,        1.00,        0.00
     3900.00,       64.52,       35.90,        0.00,        0.00,        0.00,        0.00,        1.00,        4.25,        0.00,        0.00,        1.00,        1.00,        0.00
     3901.00,       64.52,       46.62,        0.00,        0.00,        0.00,        0.00,        1.00,        4.25,        0.00,        0.00,        1.00,        1.00,        0.00
     3902.00,       64.52,       45.06,        0.00,        0.00,        0.00,        0.00,        1.00,        4.25,        0.00,        0.00,        1.00,        1.00,        0.00
     3903.00,       64.52,       43.99,        0.00,        0.00,        0.00,        0.00,        1.00,        4.25,        0.00,        0.00,        1.00,        1.00,        0.00
     3904.00,       64.52,       49.76,        0.00,        0.00,        0.00,        0.00,        1.00,        4.25,        0.00,        0.00,        1.00,        1.00,        0.00
     3905.00,       64.52,       44.86,        0.00,        0.00,        0.00,        0.00,        1.00,        4.25,        0.00,        0.00,        1.00,        1.00,        0.00
     3906.00,       64.52,       49.36,        0.00,        0.00,        0.00,        0.00,        1.00,        4.25,        0.00,        0.00,        1.00,        1.00,        0.00
     3907.00,       64.52,       50.91,        0.00,        0.00,        0.00,        0.00,        1.00,        4.25,        0.00,        0.00,        1.00,        1.00,        0.00
     3908.00,       64.52,       42.99,        0.00,        0.00,        0.00,        0.00,        1.00,        4.25,        0.00,        0.00,        1.00,        1.00,        0.00
     3909.00,       64.52,       29.88,        0.00,        0.00,        0.00,        0.00,        1.00,        4.25,        0.00,        0.00,        1.00,        1.00,        0.00
     3910.00,       64.52,       24.26,        0.00,        0.00,        0.00,        0.00,        1.00,        4.25,        0.00,        0.00,        1.00,        1.00,        0.00
     3911.00,       64.52,       32.81,        0.00,        0.00,        0.00,        0.00,        1.00,        4.25,        0.00,        0.00,        1.00,        1.00,        0.00
     3912.00,       64.52,       30.02,        0.00,        0.00,        0.00,        0.00,        1.00,        4.25,        0.00,        0.00,        1.00,        1.00,        0.00
     3913.00,       64.52,       31.14,        0.00,        0.00,        0.00,        0.00,        1.00,        4.25,        0.00,        0.00,        1.00,        1.00,        0.00
     3914.00,       64.52,       30.59,        0.00,        0.00,        0.00,        0.00,        1.00,        4.25,        0.00,        0.00,        1.00,        1.00,        0.00
     3915.00,       64.52,       26.29,        0.00,        0.00,        0.00,        0.00,        1.00,        4.25,        0.00,        0.00,        1.00,        1.00,        0.00
     3916.00,       64.52,       26.62,        0.00,        0.00,        0.00,        0.00,        1.00,        4.25,        0.00,        0.00,        1.00,        1.00,        0.00
     3917.00,       64.52,       26.88,        0.00,        0.00,        0.00,        0.00,        1.00,        4.25,        0.00,        0.00,        1.00,        1.00,        0.00
     3918.00,       64.52,       26.01,        0.00,        0.00,        0.00,        0.00,        1.00,        4.25,        0.00,        0.00,        1.00,        1.00,        0.00
     3919.00,       64.52,       25.37,        0.00,        0.00,        0.00,        0.00,        1.00,        4.25,        0.00,        0.00,        1.00,        1.00,        0.00
     3920.00,       64.52,       29.42,        0.00,        0.00,        0.00,        0.00,        1.00,        4.25,        0.00,        0.00,        1.00,        1.00,        0.00
     3921.00,       64.52,       30.84,        0.00,        0.00,        0.00,        0.00,        1.00,        4.25,        0.00,        0.00,        1.00,        1.00,        0.00
     3922.00,       64.52,       33.33,        0.00,        0.00,        0.00,        0.00,        1.00,        4.25,        0.00,        0.00,        1.00,        1.00,        0.00
     3923.00,       64.52,       35.29,        0.00,        0.00,        0.00,        0.00,        1.00,        4.25,        0.00,        0.00,        1.00,        1.00,        0.00
     3924.00,       64.52,       32.94,        0.00,        0.00,        0.00,        0.00,        1.00,        4.25,        0.00,        0.00,        1.00,        1.00,        0.00
     3925.00,       64.52,       28.89,        0.00,        0.00,        0.00,        0.00,        1.00,        4.25,        0.00,        0.00,        1.00,        1.00,        0.00
     3926.00,       64.52,       33.94,        0.00,        0.00,        0.00,        0.00,        1.00,        4.25,        0.00,        0.00,        1.00,        1.00,        0.00
     3927.00,       64.52,       18.72,        0.00,        0.00,        0.00,        0.00,        1.00,        4.25,        0.00,        0.00,        1.00,        1.00,        0.00
     3928.00,       64.52,       34.81,        0.00,        0.00,        0.00,        0.00,        1.00,        4.25,        0.00,        0.00,        1.00,        1.00,        0.00
     3929.00,       64.52,       25.10,        0.00,        0.00,        0.00,        0.00,        1.00,        4.25,        0.00,        0.00,        1.00,        1.00,        0.00
     3930.00,       64.52,       31.06,        0.00,        0.00,        0.00,        0.00,        1.00,        4.25,        0.00,        0.00,        1.00,        1.00,        0.00
     3931.00,       64.52,       34.84,        0.00,        0.00,        0.00,        0.00,        1.00,        4.25,        0.00,        0.00,        1.00,        1.00,        0.00
     3932.00,       64.52,       35.77,        0.00,        0.00,        0.00,        0.00,        1.00,        4.25,        0.00,        0.00,        1.00,        1.00,        0.00
     3933.00,       64.52,       28.73,        0.00,        0.00,        0.00,        0.00,        1.00,        4.25,        0.00,        0.00,        1.00,        1.00,        0.00
     3934.00,       64.52,       27.20,        0.00,        0.00,        0.00,        0.00,        1.00,        4.25,        0.00,        0.00,        1.00,        1.00,        0.00
     3935.00,       64.52,       28.28,        0.00,        0.00,        0.00,        0.00,        1.00,        4.25,        0.00,        0.00,        1.00,        1.00,        0.00
     3936.00,       64.52,       28.20,        0.00,        0.00,        0.00,        0.00,        1.00,        4.25,        0.00,        0.00,        1.00,        1.00,        0.00
     3937.00,       64.52,       30.65,        0.00,        0.00,        0.00,        0.00,        1.00,        4.25,        0.00,        0.00,        1.00,        1.00,        0.00
     3938.00,       64.52,       31.34,        0.00,        0.00,        0.00,        0.00,        1.00,        4.25,        0.00,        0.00,        1.00,        1.00,        0.00
     3939.00,       64.52,       28.82,        0.00,        0.00,        0.00,        0.00,        1.00,        4.25,        0.00,        0.00,        1.00,        1.00,        0.00
     3940.00,       64.52,       28.62,        0.00,        0.00,        0.00,        0.00,        1.00,        4.25,        0.00,        0.00,        1.00,        1.00,        0.00
     3941.00,       64.52,       26.50,        0.00,        0.00,        0.00,        0.00,        1.00,        4.25,        0.00,        0.00,        1.00,        1.00,        0.00
     3942.00,       64.52,       24.44,        0.00,        0.00,        0.00,        0.00,        1.00,        4.25,        0.00,        0.00,        1.00,        1.00,        0.00
     3943.00,       64.52,       23.86,        0.00,        0.00,        0.00,        0.00,        1.00,        4.25,        0.00,        0.00,        1.00,        1.00,        0.00
     3944.00,       64.52,       24.53,        0.00,        0.00,        0.00,        0.00,        1.00,        4.25,        0.00,        0.00,        1.00,        1.00,        0.00
     3945.00,       64.52,       27.11,        0.00,        0.00,        0.00,        0.00,        1.00,        4.25,        0.00,        0.00,        1.00,        1.00,        0.00
     3946.00,       64.52,       29.58,        0.00,        0.00,        0.00,        0.00,        1.00,        4.25,        0.00,        0.00,        1.00,        1.00,        0.00
     3947.00,       64.52,       32.13,        0.00,        0.00,        0.00,        0.00,        1.00,        4.25,        0.00,        0.00,        1.00,        1.00,        0.00
     3948.00,       64.52,       33.69,        0.00,        0.00,        0.00,        0.00,        1.00,        4.25,        0.00,        0.00,        1.00,        1.00,        0.00
     3949.00,       64.52,       35.69,        0.00,        0.00,        0.00,        0.00,        1.00,        4.25,        0.00,        0.00,        1.00,        1.00,        0.00
     3950.00,       64.52,       27.70,        0.00,        0.00,        0.00,        0.00,        1.00,        4.25,        0.00,        0.00,        1.00,        1.00,        0.00
     3951.00,       64.52,       23.26,        0.00,        0.00,        0.00,        0.00,        1.00,        4.25,        0.00,        0.00,        1.00,        1.00,        0.00
     3952.00,       64.52,       30.19,        0.00,        0.00,        0.00,        0.00,        1.00,        4.25,        0.00,        0.00,        1.00,        1.00,        0.00
     3953.00,       64.52,       27.93,        0.00,        0.00,        0.00,        0.00,        1.00,        4.25,        0.00,        0.00,        1.00,        1.00,        0.00
     3954.00,       64.52,       32.63,        0.00,        0.00,        0.00,        0.00,        1.00,        4.25,        0.00,        0.00,        1.00,        1.00,        0.00
     3955.00,       64.52,       42.91,        0.00,        0.00,        0.00,        0.00,        1.00,        4.25,        0.00,        0.00,        1.00,        1.00,        0.00
     3956.00,       64.52,       45.00,        0.00,        0.00,        0.00,        0.00,        1.00,        4.25,        0.00,        0.00,        1.00,        1.00,        0.00
     3957.00,       64.52,       35.91,        0.00,        0.00,        0.00,        0.00,        1.00,        4.25,        0.00,        0.00,        1.00,        1.00,        0.00
     3958.00,       64.52,       29.42,        0.00,        0.00,        0.00,        0.00,        1.00,        4.25,        0.00,        0.00,        1.00,        1.00,        0.00
     3959.00,       64.52,       28.69,        0.00,        0.00,        0.00,        0.00,        1.00,        4.25,        0.00,        0.00,        1.00,        1.00,        0.00
     3960.00,       64.52,       25.11,        0.00,        0.00,        0.00,        0.00,        1.00,        4.25,        0.00,        0.00,        1.00,        1.00,        0.00
     3961.00,       64.52,       26.10,        0.00,        0.00,        0.00,        0.00,        1.00,        4.25,        0.00,        0.00,        1.00,        1.00,        0.00
     3962.00,       64.52,       25.95,        0.00,        0.00,        0.00,        0.00,        1.00,        4.25,        0.00,        0.00,        1.00,        1.00,        0.00
     3963.00,       64.52,       24.75,        0.00,        0.00,        0.00,        0.00,        1.00,        4.25,        0.00,        0.00,        1.00,        1.00,        0.00
     3964.00,       64.52,       26.96,        0.00,        0.00,        0.00,        0.00,        1.00,        4.25,        0.00,        0.00,        1.00,        1.00,        0.00
     3965.00,       64.52,       29.44,        0.00,        0.00,        0.00,        0.00,        1.00,        4.25,        0.00,        0.00,        1.00,        1.00,        0.00
     3966.00,       64.52,       30.12,        0.00,        0.00,        0.00,        0.00,        1.00,        4.25,        0.00,        0.00,        1.00,        1.00,        0.00
     3967.00,       64.52,       31.34,        0.00,        0.00,        0.00,        0.00,        1.00,        4.25,        0.00,        0.00,        1.00,        1.00,        0.00
     3968.00,       64.52,       31.99,        0.00,        0.00,        0.00,        0.00,        1.00,        4.25,        0.00,        0.00,        1.00,        1.00,        0.00
     3969.00,       64.52,       30.13,        0.00,        0.00,        0.00,        0.00,        1.00,        4.25,        0.00,        0.00,        1.00,        1.00,        0.00
     3970.00,       64.52,       31.90,        0.00,        0.00,        0.00,        0.00,        1.00,        4.25,        0.00,        0.00,        1.00,        1.00,        0.00
     3971.00,       64.52,       32.85,        0.00,        0.00,        0.00,        0.00,        1.00,        4.25,        0.00,        0.00,        1.00,        1.00,        0.00
     3972.00,       64.52,       36.27,        0.00,        0.00,        0.00,        0.00,        1.00,        4.25,        0.00,        0.00,        1.00,        1.00,        0.00
     3973.00,       64.52,       36.88,        0.00,        0.00,        0.00,        0.00,        1.00,        4.25,        0.00,        0.00,        1.00,        1.00,        0.00
     3974.00,       64.52,       41.11,        0.00,        0.00,        0.00,        0.00,        1.00,        4.25,        0.00,        0.00,        1.00,        1.00,        0.00
     3975.00,       64.52,       35.19,        0.00,        0.00,        0.00,        0.00,        1.00,        4.25,        0.00,        0.00,        1.00,        1.00,        0.00
     3976.00,       64.52,       43.18,        0.00,        0.00,        0.00,        0.00,        1.00,        4.25,        0.00,        0.00,        1.00,        1.00,        0.00
     3977.00,       64.52,       47.28,        0.00,        0.00,        0.00,        0.00,        1.00,        4.25,        0.00,        0.00,        1.00,        1.00,        0.00
     3978.00,       64.52,       48.73,        0.00,        0.00,        0.00,        0.00,        1.00,        4.25,        0.00,        0.00,        1.00,        1.00,        0.00
     3979.00,       64.52,       43.96,        0.00,        0.00,        0.00,        0.00,        1.00,        4.25,        0.00,        0.00,        1.00,        1.00,        0.00
     3980.00,       64.52,       39.02,        0.00,        0.00,        0.00,        0.00,        1.00,        4.25,        0.00,        0.00,        1.00,        1.00,        0.00
     3981.00,       64.52,       27.22,        0.00,        0.00,        0.00,        0.00,        1.00,        4.25,        0.00,        0.00,        1.00,        1.00,        0.00
     3982.00,       64.52,       27.17,        0.00,        0.00,        0.00,        0.00,        1.00,        4.25,        0.00,        0.00,        1.00,        1.00,        0.00
     3983.00,       64.52,       29.43,        0.00,        0.00,        0.00,        0.00,        1.00,        4.25,        0.00,        0.00,        1.00,        1.00,        0.00
     3984.00,       64.52,       27.37,        0.00,        0.00,        0.00,        0.00,        1.00,        4.25,        0.00,        0.00,        1.00,        1.00,        0.00
     3985.00,       64.52,       27.11,        0.00,        0.00,        0.00,        0.00,        1.00,        4.25,        0.00,        0.00,        1.00,        1.00,        0.00
     3986.00,       64.52,       26.02,        0.00,        0.00,        0.00,        0.00,        1.00,        4.25,        0.00,        0.00,        1.00,        1.00,        0.00
     3987.00,       64.52,       25.70,        0.00,        0.00,        0.00,        0.00,        1.00,        4.25,        0.00,        0.00,        1.00,        1.00,        0.00
     3988.00,       64.52,       26.42,        0.00,        0.00,        0.00,        0.00,        1.00,        4.25,        0.00,        0.00,        1.00,        1.00,        0.00
     3989.00,       64.52,       27.98,        0.00,        0.00,        0.00,        0.00,        1.00,        4.25,        0.00,        0.00,        1.00,        1.00,        0.00
     3990.00,       64.52,       31.58,        0.00,        0.00,        0.00,        0.00,        1.00,        4.25,        0.00,        0.00,        1.00,        1.00,        0.00
     3991.00,       64.52,       32.51,        0.00,        0.00,        0.00,        0.00,        1.00,        4.25,        0.00,        0.00,        1.00,        1.00,        0.00
     3992.00,       64.52,       33.08,        0.00,        0.00,        0.00,        0.00,        1.00,        4.25,        0.00,        0.00,        1.00,        1.00,        0.00
     3993.00,       64.52,       34.45,        0.00,        0.00,        0.00,        0.00,        1.00,        4.25,        0.00,        0.00,        1.00,        1.00,        0.00
     3994.00,       64.52,       35.91,        0.00,        0.00,        0.00,        0.00,        1.00,        4.25,        0.00,        0.00,        1.00,        1.00,        0.00
     3995.00,       64.52,       37.48,        0.00,        0.00,        0.00,        0.00,        1.00,        4.25,        0.00,        0.00,        1.00,        1.00,        0.00
     3996.00,       64.52,       39.40,        0.00,        0.00,        0.00,        0.00,        1.00,        4.25,        0.00,        0.00,        1.00,        1.00,        0.00
     3997.00,       64.52,       41.43,        0.00,        0.00,        0.00,        0.00,        1.00,        4.25,        0.00,        0.00,        1.00,        1.00,        0.00
     3998.00,       64.52,       39.56,        0.00,        0.00,        0.00,        0.00,        1.00,        4.25,        0.00,        0.00,        1.00,        1.00,        0.00
     3999.00,       64.52,       38.49,        0.00,        0.00,        0.00,        0.00,        1.00,        4.25,        0.00,        0.00,        1.00,        1.00,        0.00
     4000.00,       64.52,       31.82,        0.00,        0.00,        0.00,        0.00,        1.00,        4.25,        0.00,        0.00,        1.00,        1.00,        0.00
     4001.00,       64.52,       17.33,        0.00,        0.00,        0.00,        0.00,        1.00,        4.25,        0.00,        0.00,        1.00,        1.00,        0.00
     4002.00,       64.52,       46.37,        0.00,        0.00,        0.00,        0.00,        1.00,        4.25,        0.00,        0.00,        1.00,        1.00,        0.00
     4003.00,       64.52,       46.49,        0.00,        0.00,        0.00,        0.00,        1.00,        4.25,        0.00,        0.00,        1.00,        1.00,        0.00
     4004.00,       64.52,       34.41,        0.00,        0.00,        0.00,        0.00,        1.00,        4.25,        0.00,        0.00,        1.00,        1.00,        0.00
     4005.00,       64.52,       29.95,        0.00,        0.00,        0.00,        0.00,        1.00,        4.25,        0.00,        0.00,        1.00,        1.00,        0.00
     4006.00,       64.52,       35.91,        0.00,        0.00,        0.00,        0.00,        1.00,        4.25,        0.00,        0.00,        1.00,        1.00,        0.00
     4007.00,       64.52,       32.72,        0.00,        0.00,        0.00,        0.00,        1.00,        4.25,        0.00,        0.00,        1.00,        1.00,        0.00
     4008.00,       64.52,       26.37,        0.00,        0.00,        0.00,        0.00,        1.00,        4.25,        0.00,        0.00,        1.00,        1.00,        0.00
     4009.00,       64.52,       26.90,        0.00,        0.00,        0.00,        0.00,        1.00,        4.25,        0.00,        0.00,        1.00,        1.00,        0.00
     4010.00,       64.52,       25.47,        0.00,        0.00,        0.00,        0.00,        1.00,        4.25,        0.00,        0.00,        1.00,        1.00,        0.00
     4011.00,       64.52,       24.39,        0.00,        0.00,        0.00,        0.00,        1.00,        4.25,        0.00,        0.00,        1.00,        1.00,        0.00
     4012.00,       64.52,       26.56,        0.00,        0.00,        0.00,        0.00,        1.00,        4.25,        0.00,        0.00,        1.00,        1.00,        0.00
     4013.00,       64.52,       27.30,        0.00,        0.00,        0.00,        0.00,        1.00,        4.25,        0.00,        0.00,        1.00,        1.00,        0.00
     4014.00,       64.52,       31.12,        0.00,        0.00,        0.00,        0.00,        1.00,        4.25,        0.00,        0.00,        1.00,        1.00,        0.00
     4015.00,       64.52,       32.33,        0.00,        0.00,        0.00,        0.00,        1.00,        4.25,        0.00,        0.00,        1.00,        1.00,        0.00
     4016.00,       64.52,       32.13,        0.00,        0.00,        0.00,        0.00,        1.00,        4.25,        0.00,        0.00,        1.00,        1.00,        0.00
     4017.00,       64.52,       33.95,        0.00,        0.00,        0.00,        0.00,        1.00,        4.25,        0.00,        0.00,        1.00,        1.00,        0.00
     4018.00,       64.52,       36.68,        0.00,        0.00,        0.00,        0.00,        1.00,        4.25,        0.00,        0.00,        1.00,        1.00,        0.00
     4019.00,       64.52,       38.25,        0.00,        0.00,        0.00,        0.00,        1.00,        4.25,        0.00,        0.00,        1.00,        1.00,        0.00
     4020.00,       64.52,       39.54,        0.00,        0.00,        0.00,        0.00,        1.00,        4.25,        0.00,        0.00,        1.00,        1.00,        0.00
     4021.00,       64.52,       40.96,        0.00,        0.00,        0.00,        0.00,        1.00,        4.25,        0.00,        0.00,        1.00,        1.00,        0.00
     4022.00,       64.52,       40.90,        0.00,        0.00,        0.00,        0.00,        1.00,        4.25,        0.00,        0.00,        1.00,        1.00,        0.00
     4023.00,       64.52,       29.74,        0.00,        0.00,        0.00,        0.00,        1.00,        4.25,        0.00,        0.00,        1.00,        1.00,        0.00
     4024.00,       64.52,       35.17,        0.00,        0.00,        0.00,        0.00,        1.00,        4.25,        0.00,        0.00,        1.00,        1.00,        0.00
     4025.00,       64.52,       37.25,        0.00,        0.00,        0.00,        0.00,        1.00,        4.25,        0.00,        0.00,        1.00,        1.00,        0.00
     4026.00,       64.52,       42.09,        0.00,        0.00,        0.00,        0.00,        1.00,        4.25,        0.00,        0.00,        1.00,        1.00,        0.00
     4027.00,       64.52,       49.58,        0.00,        0.00,        0.00,        0.00,        1.00,        4.25,        0.00,        0.00,        1.00,        1.00,        0.00
     4028.00,       64.52,       40.64,        0.00,        0.00,        0.00,        0.00,        1.00,        4.25,        0.00,        0.00,        1.00,        1.00,        0.00
     4029.00,       64.52,       31.79,        0.00,        0.00,        0.00,        0.00,        1.00,        4.25,        0.00,        0.00,        1.00,        1.00,        0.00
     4030.00,       64.52,       34.19,        0.00,        0.00,        0.00,        0.00,        1.00,        4.25,        0.00,        0.00,        1.00,        1.00,        0.00
     4031.00,       64.52,       33.16,        0.00,        0.00,        0.00,        0.00,        1.00,        4.25,        0.00,        0.00,        1.00,        1.00,        0.00
     4032.00,       64.52,       26.41,        0.00,        0.00,        0.00,        0.00,        1.00,        4.25,        0.00,        0.00,        1.00,        1.00,        0.00
     4033.00,       64.52,       28.78,        0.00,        0.00,        0.00,        0.00,        1.00,        4.25,        0.00,        0.00,        1.00,        1.00,        0.00
     4034.00,       64.52,       26.97,        0.00,        0.00,        0.00,        0.00,        1.00,        4.25,        0.00,        0.00,        1.00,        1.00,        0.00
     4035.00,       64.52,       26.30,        0.00,        0.00,        0.00,        0.00,        1.00,        4.25,        0.00,        0.00,        1.00,        1.00,        0.00
     4036.00,       64.52,       27.88,        0.00,        0.00,        0.00,        0.00,        1.00,        4.25,        0.00,        0.00,        1.00,        1.00,        0.00
     4037.00,       64.52,       26.52,        0.00,        0.00,        0.00,        0.00,        1.00,        4.25,        0.00,        0.00,        1.00,        1.00,        0.00
     4038.00,       64.52,       30.22,        0.00,        0.00,        0.00,        0.00,        1.00,        4.25,        0.00,        0.00,        1.00,        1.00,        0.00
     4039.00,       64.52,       31.74,        0.00,        0.00,        0.00,        0.00,        1.00,        4.25,        0.00,        0.00,        1.00,        1.00,        0.00
     4040.00,       64.52,       32.12,        0.00,        0.00,        0.00,        0.00,        1.00,        4.25,        0.00,        0.00,        1.00,        1.00,        0.00
     4041.00,       64.52,       34.87,        0.00,        0.00,        0.00,        0.00,        1.00,        4.25,        0.00,        0.00,        1.00,        1.00,        0.00
     4042.00,       64.52,       34.96,        0.00,        0.00,        0.00,        0.00,        1.00,        4.25,        0.00,        0.00,        1.00,        1.00,        0.00
     4043.00,       64.52,       36.90,        0.00,        0.00,        0.00,        0.00,        1.00,        4.25,        0.00,        0.00,        1.00,        1.00,        0.00
     4044.00,       64.52,       33.36,        0.00,        0.00,        0.00,        0.00,        1.00,        4.25,        0.00,        0.00,        1.00,        1.00,        0.00
     4045.00,       64.52,       35.89,        0.00,        0.00,        0.00,        0.00,        1.00,        4.25,        0.00,        0.00,        1.00,        1.00,        0.00
     4046.00,       64.52,       36.90,        0.00,        0.00,        0.00,        0.00,        1.00,        4.25,        0.00,        0.00,        1.00,        1.00,        0.00
     4047.00,       64.52,       28.98,        0.00,        0.00,        0.00,        0.00,        1.00,        4.25,        0.00,        0.00,        1.00,        1.00,        0.00
     4048.00,       64.52,       28.05,        0.00,        0.00,        0.00,        0.00,        1.00,        4.25,        0.00,        0.00,        1.00,        1.00,        0.00
     4049.00,       64.52,       33.30,        0.00,        0.00,        0.00,        0.00,        1.00,        4.25,        0.00,        0.00,        1.00,        1.00,        0.00
     4050.00,       64.52,       41.22,        0.00,        0.00,        0.00,        0.00,        1.00,        4.25,        0.00,        0.00,        1.00,        1.00,        0.00
     4051.00,       64.52,       39.99,        0.00,        0.00,        0.00,        0.00,        1.00,        4.25,        0.00,        0.00,        1.00,        1.00,        0.00
     4052.00,       64.52,       29.76,        0.00,        0.00,        0.00,        0.00,        1.00,        4.25,        0.00,        0.00,        1.00,        1.00,        0.00
     4053.00,       64.52,       25.76,        0.00,        0.00,        0.00,        0.00,        1.00,        4.25,        0.00,        0.00,        1.00,        1.00,        0.00
     4054.00,       64.52,       28.94,        0.00,        0.00,        0.00,        0.00,        1.00,        4.25,        0.00,        0.00,        1.00,        1.00,        0.00
     4055.00,       64.52,       29.81,        0.00,        0.00,        0.00,        0.00,        1.00,        4.25,        0.00,        0.00,        1.00,        1.00,        0.00
     4056.00,       64.52,       25.33,        0.00,        0.00,        0.00,        0.00,        1.00,        4.25,        0.00,        0.00,        1.00,        1.00,        0.00
     4057.00,       64.52,       25.96,        0.00,        0.00,        0.00,        0.00,        1.00,        4.25,        0.00,        0.00,        1.00,        1.00,        0.00
     4058.00,       64.52,       25.64,        0.00,        0.00,        0.00,        0.00,        1.00,        4.25,        0.00,        0.00,        1.00,        1.00,        0.00
     4059.00,       64.52,       24.11,        0.00,        0.00,        0.00,        0.00,        1.00,        4.25,        0.00,        0.00,        1.00,        1.00,        0.00
     4060.00,       64.52,       25.52,        0.00,        0.00,        0.00,        0.00,        1.00,        4.25,        0.00,        0.00,        1.00,        1.00,        0.00
     4061.00,       64.52,       26.53,        0.00,        0.00,        0.00,        0.00,        1.00,        4.25,        0.00,        0.00,        1.00,        1.00,        0.00
     4062.00,       64.52,       31.24,        0.00,        0.00,        0.00,        0.00,        1.00,        4.25,        0.00,        0.00,        1.00,        1.00,        0.00
     4063.00,       64.52,       32.81,        0.00,        0.00,        0.00,        0.00,        1.00,        4.25,        0.00,        0.00,        1.00,        1.00,        0.00
     4064.00,       64.52,       32.81,        0.00,        0.00,        0.00,        0.00,        1.00,        4.25,        0.00,        0.00,        1.00,        1.00,        0.00
     4065.00,       64.52,       34.84,        0.00,        0.00,        0.00,        0.00,        1.00,        4.25,        0.00,        0.00,        1.00,        1.00,        0.00
     4066.00,       64.52,       35.76,        0.00,        0.00,        0.00,        0.00,        1.00,        4.25,        0.00,        0.00,        1.00,        1.00,        0.00
     4067.00,       64.52,       37.15,        0.00,        0.00,        0.00,        0.00,        1.00,        4.25,        0.00,        0.00,        1.00,        1.00,        0.00
     4068.00,       64.52,       37.92,        0.00,        0.00,        0.00,        0.00,        1.00,        4.25,        0.00,        0.00,        1.00,        1.00,        0.00
     4069.00,       64.52,       38.65,        0.00,        0.00,        0.00,        0.00,        1.00,        4.25,        0.00,        0.00,        1.00,        1.00,        0.00
     4070.00,       64.52,       40.61,        0.00,        0.00,        0.00,        0.00,        1.00,        4.25,        0.00,        0.00,        1.00,        1.00,        0.00
     4071.00,       64.52,       34.92,        0.00,        0.00,        0.00,        0.00,        1.00,        4.25,        0.00,        0.00,        1.00,        1.00,        0.00
     4072.00,       64.52,       36.84,        0.00,        0.00,        0.00,        0.00,        1.00,        4.25,        0.00,        0.00,        1.00,        1.00,        0.00
     4073.00,       64.52,       35.61,        0.00,        0.00,        0.00,        0.00,        1.00,        4.25,        0.00,        0.00,        1.00,        1.00,        0.00
     4074.00,       64.52,       42.33,        0.00,        0.00,        0.00,        0.00,        1.00,        4.25,        0.00,        0.00,        1.00,        1.00,        0.00
     4075.00,       64.52,       37.91,        0.00,        0.00,        0.00,        0.00,        1.00,        4.25,        0.00,        0.00,        1.00,        1.00,        0.00
     4076.00,       64.52,       34.40,        0.00,        0.00,        0.00,        0.00,        1.00,        4.25,        0.00,        0.00,        1.00,        1.00,        0.00
     4077.00,       64.52,       27.52,        0.00,        0.00,        0.00,        0.00,        1.00,        4.25,        0.00,        0.00,        1.00,        1.00,        0.00
     4078.00,       64.52,       30.31,        0.00,        0.00,        0.00,        0.00,        1.00,        4.25,        0.00,        0.00,        1.00,        1.00,        0.00
     4079.00,       64.52,       32.61,        0.00,        0.00,        0.00,        0.00,        1.00,        4.25,        0.00,        0.00,        1.00,        1.00,        0.00
     4080.00,       64.52,       29.22,        0.00,        0.00,        0.00,        0.00,        1.00,        4.25,        0.00,        0.00,        1.00,        1.00,        0.00
     4081.00,       64.52,       27.91,        0.00,        0.00,        0.00,        0.00,        1.00,        4.25,        0.00,        0.00,        1.00,        1.00,        0.00
     4082.00,       64.52,       28.25,        0.00,        0.00,        0.00,        0.00,        1.00,        4.25,        0.00,        0.00,        1.00,        1.00,        0.00
     4083.00,       64.52,       26.30,        0.00,        0.00,        0.00,        0.00,        1.00,        4.25,        0.00,        0.00,        1.00,        1.00,        0.00
     4084.00,       64.52,       27.18,        0.00,        0.00,        0.00,        0.00,        1.00,        4.25,        0.00,        0.00,        1.00,        1.00,        0.00
     4085.00,       64.52,       26.43,        0.00,        0.00,        0.00,        0.00,        1.00,        4.25,        0.00,        0.00,        1.00,        1.00,        0.00
     4086.00,       64.52,       25.92,        0.00,        0.00,        0.00,        0.00,        1.00,        4.25,        0.00,        0.00,        1.00,        1.00,        0.00
     4087.00,       64.52,       25.18,        0.00,        0.00,        0.00,        0.00,        1.00,        4.25,        0.00,        0.00,        1.00,        1.00,        0.00
     4088.00,       64.52,       28.61,        0.00,        0.00,        0.00,        0.00,        1.00,        4.25,        0.00,        0.00,        1.00,        1.00,        0.00
     4089.00,       64.52,       32.10,        0.00,        0.00,        0.00,        0.00,        1.00,        4.25,        0.00,        0.00,        1.00,        1.00,        0.00
     4090.00,       64.52,       32.64,        0.00,        0.00,        0.00,        0.00,        1.00,        4.25,        0.00,        0.00,        1.00,        1.00,        0.00
     4091.00,       64.52,       33.20,        0.00,        0.00,        0.00,        0.00,        1.00,        4.25,        0.00,        0.00,        1.00,        1.00,        0.00
     4092.00,       64.52,       37.09,        0.00,        0.00,        0.00,        0.00,        1.00,        4.25,        0.00,        0.00,        1.00,        1.00,        0.00
     4093.00,       64.52,       36.63,        0.00,        0.00,        0.00,        0.00,        1.00,        4.25,        0.00,        0.00,        1.00,        1.00,        0.00
     4094.00,       64.52,       33.72,        0.00,        0.00,        0.00,        0.00,        1.00,        4.25,        0.00,        0.00,        1.00,        1.00,        0.00
     4095.00,       64.52,       34.81,        0.00,        0.00,        0.00,        0.00,        1.00,        4.25,        0.00,        0.00,        1.00,        1.00,        0.00
     4096.00,       64.52,       27.30,        0.00,        0.00,        0.00,        0.00,        1.00,        4.25,        0.00,        0.00,        1.00,        1.00,        0.00
     4097.00,       64.52,       25.71,        0.00,        0.00,        0.00,        0.00,        1.00,        4.25,        0.00,        0.00,        1.00,        1.00,        0.00
     4098.00,       64.52,       34.74,        0.00,        0.00,        0.00,        0.00,        1.00,        4.25,        0.00,        0.00,        1.00,        1.00,        0.00
     4099.00,       64.52,       32.81,        0.00,        0.00,        0.00,        0.00,        1.00,        4.25,        0.00,        0.00,        1.00,        1.00,        0.00
     4100.00,       64.52,       29.10,        0.00,        0.00,        0.00,        0.00,        1.00,        4.25,        0.00,        0.00,        1.00,        1.00,        0.00
     4101.00,       64.52,       23.49,        0.00,        0.00,        0.00,        0.00,        1.00,        4.25,        0.00,        0.00,        1.00,        1.00,        0.00
     4102.00,       64.52,       28.94,        0.00,        0.00,        0.00,        0.00,        1.00,        4.25,        0.00,        0.00,        1.00,        1.00,        0.00
     4103.00,       64.52,       29.93,        0.00,        0.00,        0.00,        0.00,        1.00,        4.25,        0.00,        0.00,        1.00,        1.00,        0.00
     4104.00,       64.52,       24.99,        0.00,        0.00,        0.00,        0.00,        1.00,        4.25,        0.00,        0.00,        1.00,        1.00,        0.00
     4105.00,       64.52,       29.25,        0.00,        0.00,        0.00,        0.00,        1.00,        4.25,        0.00,        0.00,        1.00,        1.00,        0.00
     4106.00,       64.52,       28.54,        0.00,        0.00,        0.00,        0.00,        1.00,        4.25,        0.00,        0.00,        1.00,        1.00,        0.00
     4107.00,       64.52,       27.88,        0.00,        0.00,        0.00,        0.00,        1.00,        4.25,        0.00,        0.00,        1.00,        1.00,        0.00
     4108.00,       64.52,       28.02,        0.00,        0.00,        0.00,        0.00,        1.00,        4.25,        0.00,        0.00,        1.00,        1.00,        0.00
     4109.00,       64.52,       26.56,        0.00,        0.00,        0.00,        0.00,        1.00,        4.25,        0.00,        0.00,        1.00,        1.00,        0.00
     4110.00,       64.52,       24.95,        0.00,        0.00,        0.00,        0.00,        1.00,        4.25,        0.00,        0.00,        1.00,        1.00,        0.00
     4111.00,       64.52,       25.41,        0.00,        0.00,        0.00,        0.00,        1.00,        4.25,        0.00,        0.00,        1.00,        1.00,        0.00
     4112.00,       64.52,       24.80,        0.00,        0.00,        0.00,        0.00,        1.00,        4.25,        0.00,        0.00,        1.00,        1.00,        0.00
     4113.00,       64.52,       26.35,        0.00,        0.00,        0.00,        0.00,        1.00,        4.25,        0.00,        0.00,        1.00,        1.00,        0.00
     4114.00,       64.52,       28.33,        0.00,        0.00,        0.00,        0.00,        1.00,        4.25,        0.00,        0.00,        1.00,        1.00,        0.00
     4115.00,       64.52,       29.86,        0.00,        0.00,        0.00,        0.00,        1.00,        4.25,        0.00,        0.00,        1.00,        1.00,        0.00
     4116.00,       64.52,       30.84,        0.00,        0.00,        0.00,        0.00,        1.00,        4.25,        0.00,        0.00,        1.00,        1.00,        0.00
     4117.00,       64.52,       31.62,        0.00,        0.00,        0.00,        0.00,        1.00,        4.25,        0.00,        0.00,        1.00,        1.00,        0.00
     4118.00,       64.52,       32.46,        0.00,        0.00,        0.00,        0.00,        1.00,        4.25,        0.00,        0.00,        1.00,        1.00,        0.00
     4119.00,       64.52,       28.05,        0.00,        0.00,        0.00,        0.00,        1.00,        4.25,        0.00,        0.00,        1.00,        1.00,        0.00
     4120.00,       64.52,       25.42,        0.00,        0.00,        0.00,        0.00,        1.00,        4.25,        0.00,        0.00,        1.00,        1.00,        0.00
     4121.00,       64.52,       26.98,        0.00,        0.00,        0.00,        0.00,        1.00,        4.25,        0.00,        0.00,        1.00,        1.00,        0.00
     4122.00,       64.52,       34.52,        0.00,        0.00,        0.00,        0.00,        1.00,        4.25,        0.00,        0.00,        1.00,        1.00,        0.00
     4123.00,       64.52,       36.75,        0.00,        0.00,        0.00,        0.00,        1.00,        4.25,        0.00,        0.00,        1.00,        1.00,        0.00
     4124.00,       64.52,       34.09,        0.00,        0.00,        0.00,        0.00,        1.00,        4.25,        0.00,        0.00,        1.00,        1.00,        0.00
     4125.00,       64.52,       30.85,        0.00,        0.00,        0.00,        0.00,        1.00,        4.25,        0.00,        0.00,        1.00,        1.00,        0.00
     4126.00,       64.52,       28.02,        0.00,        0.00,        0.00,        0.00,        1.00,        4.25,        0.00,        0.00,        1.00,        1.00,        0.00
     4127.00,       64.52,       28.96,        0.00,        0.00,        0.00,        0.00,        1.00,        4.25,        0.00,        0.00,        1.00,        1.00,        0.00
     4128.00,       64.52,       23.72,        0.00,        0.00,        0.00,        0.00,        1.00,        4.25,        0.00,        0.00,        1.00,        1.00,        0.00
     4129.00,       64.52,       25.29,        0.00,        0.00,        0.00,        0.00,        1.00,        4.25,        0.00,        0.00,        1.00,        1.00,        0.00
     4130.00,       64.52,       24.47,        0.00,        0.00,        0.00,        0.00,        1.00,        4.25,        0.00,        0.00,        1.00,        1.00,        0.00
     4131.00,       64.52,       25.01,        0.00,        0.00,        0.00,        0.00,        1.00,        4.25,        0.00,        0.00,        1.00,        1.00,        0.00
     4132.00,       64.52,       25.93,        0.00,        0.00,        0.00,        0.00,        1.00,        4.25,        0.00,        0.00,        1.00,        1.00,        0.00
     4133.00,       64.52,       27.35,        0.00,        0.00,        0.00,        0.00,        1.00,        4.25,        0.00,        0.00,        1.00,        1.00,        0.00
     4134.00,       64.52,       30.38,        0.00,        0.00,        0.00,        0.00,        1.00,        4.25,        0.00,        0.00,        1.00,        1.00,        0.00
     4135.00,       64.52,       30.80,        0.00,        0.00,        0.00,        0.00,        1.00,        4.25,        0.00,        0.00,        1.00,        1.00,        0.00
     4136.00,       64.52,       31.69,        0.00,        0.00,        0.00,        0.00,        1.00,        4.25,        0.00,        0.00,        1.00,        1.00,        0.00
     4137.00,       64.52,       33.05,        0.00,        0.00,        0.00,        0.00,        1.00,        4.25,        0.00,        0.00,        1.00,        1.00,        0.00
     4138.00,       64.52,       32.96,        0.00,        0.00,        0.00,        0.00,        1.00,        4.25,        0.00,        0.00,        1.00,        1.00,        0.00
     4139.00,       64.52,       34.56,        0.00,        0.00,        0.00,        0.00,        1.00,        4.25,        0.00,        0.00,        1.00,        1.00,        0.00
     4140.00,       64.52,       35.43,        0.00,        0.00,        0.00,        0.00,        1.00,        4.25,        0.00,        0.00,        1.00,        1.00,        0.00
     4141.00,       64.52,       37.16,        0.00,        0.00,        0.00,        0.00,        1.00,        4.25,        0.00,        0.00,        1.00,        1.00,        0.00
     4142.00,       64.52,       35.10,        0.00,        0.00,        0.00,        0.00,        1.00,        4.25,        0.00,        0.00,        1.00,        1.00,        0.00
     4143.00,       64.52,       34.26,        0.00,        0.00,        0.00,        0.00,        1.00,        4.25,        0.00,        0.00,        1.00,        1.00,        0.00
     4144.00,       64.52,       35.12,        0.00,        0.00,        0.00,        0.00,        1.00,        4.25,        0.00,        0.00,        1.00,        1.00,        0.00
     4145.00,       64.52,       37.33,        0.00,        0.00,        0.00,        0.00,        1.00,        4.25,        0.00,        0.00,        1.00,        1.00,        0.00
     4146.00,       64.52,       40.54,        0.00,        0.00,        0.00,        0.00,        1.00,        4.25,        0.00,        0.00,        1.00,        1.00,        0.00
     4147.00,       64.52,       39.08,        0.00,        0.00,        0.00,        0.00,        1.00,        4.25,        0.00,        0.00,        1.00,        1.00,        0.00
     4148.00,       64.52,       35.91,        0.00,        0.00,        0.00,        0.00,        1.00,        4.25,        0.00,        0.00,        1.00,        1.00,        0.00
     4149.00,       64.52,       30.77,        0.00,        0.00,        0.00,        0.00,        1.00,        4.25,        0.00,        0.00,        1.00,        1.00,        0.00
     4150.00,       64.52,       28.87,        0.00,        0.00,        0.00,        0.00,        1.00,        4.25,        0.00,        0.00,        1.00,        1.00,        0.00
     4151.00,       64.52,       29.65,        0.00,        0.00,        0.00,        0.00,        1.00,        4.25,        0.00,        0.00,        1.00,        1.00,        0.00
     4152.00,       64.52,       27.61,        0.00,        0.00,        0.00,        0.00,        1.00,        4.25,        0.00,        0.00,        1.00,        1.00,        0.00
     4153.00,       64.52,       26.44,        0.00,        0.00,        0.00,        0.00,        1.00,        4.25,        0.00,        0.00,        1.00,        1.00,        0.00
     4154.00,       64.52,       26.34,        0.00,        0.00,        0.00,        0.00,        1.00,        4.25,        0.00,        0.00,        1.00,        1.00,        0.00
     4155.00,       64.52,       25.70,        0.00,        0.00,        0.00,        0.00,        1.00,        4.25,        0.00,        0.00,        1.00,        1.00,        0.00
     4156.00,       64.52,       26.33,        0.00,        0.00,        0.00,        0.00,        1.00,        4.25,        0.00,        0.00,        1.00,        1.00,        0.00
     4157.00,       64.52,       28.14,        0.00,        0.00,        0.00,        0.00,        1.00,        4.25,        0.00,        0.00,        1.00,        1.00,        0.00
     4158.00,       64.52,       29.07,        0.00,        0.00,        0.00,        0.00,        1.00,        4.25,        0.00,        0.00,        1.00,        1.00,        0.00
     4159.00,       64.52,       30.70,        0.00,        0.00,        0.00,        0.00,        1.00,        4.25,        0.00,        0.00,        1.00,        1.00,        0.00
     4160.00,       64.52,       30.78,        0.00,        0.00,        0.00,        0.00,        1.00,        4.25,        0.00,        0.00,        1.00,        1.00,        0.00
     4161.00,       64.52,       31.34,        0.00,        0.00,        0.00,        0.00,        1.00,        4.25,        0.00,        0.00,        1.00,        1.00,        0.00
     4162.00,       64.52,       33.03,        0.00,        0.00,        0.00,        0.00,        1.00,        4.25,        0.00,        0.00,        1.00,        1.00,        0.00
     4163.00,       64.52,       35.87,        0.00,        0.00,        0.00,        0.00,        1.00,        4.25,        0.00,        0.00,        1.00,        1.00,        0.00
     4164.00,       64.52,       36.19,        0.00,        0.00,        0.00,        0.00,        1.00,        4.25,        0.00,        0.00,        1.00,        1.00,        0.00
     4165.00,       64.52,       37.22,        0.00,        0.00,        0.00,        0.00,        1.00,        4.25,        0.00,        0.00,        1.00,        1.00,        0.00
     4166.00,       64.52,       34.34,        0.00,        0.00,        0.00,        0.00,        1.00,        4.25,        0.00,        0.00,        1.00,        1.00,        0.00
     4167.00,       64.52,       29.96,        0.00,        0.00,        0.00,        0.00,        1.00,        4.25,        0.00,        0.00,        1.00,        1.00,        0.00
     4168.00,       64.52,       36.05,        0.00,        0.00,        0.00,        0.00,        1.00,        4.25,        0.00,        0.00,        1.00,        1.00,        0.00
     4169.00,       64.52,       36.70,        0.00,        0.00,        0.00,        0.00,        1.00,        4.25,        0.00,        0.00,        1.00,        1.00,        0.00
     4170.00,       64.52,       41.40,        0.00,        0.00,        0.00,        0.00,        1.00,        4.25,        0.00,        0.00,        1.00,        1.00,        0.00
     4171.00,       64.52,       40.68,        0.00,        0.00,        0.00,        0.00,        1.00,        4.25,        0.00,        0.00,        1.00,        1.00,        0.00
     4172.00,       64.52,       35.49,        0.00,        0.00,        0.00,        0.00,        1.00,        4.25,        0.00,        0.00,        1.00,        1.00,        0.00
     4173.00,       64.52,       32.67,        0.00,        0.00,        0.00,        0.00,        1.00,        4.25,        0.00,        0.00,        1.00,        1.00,        0.00
     4174.00,       64.52,       28.98,        0.00,        0.00,        0.00,        0.00,        1.00,        4.25,        0.00,        0.00,        1.00,        1.00,        0.00
     4175.00,       64.52,       29.01,        0.00,        0.00,        0.00,        0.00,        1.00,        4.25,        0.00,        0.00,        1.00,        1.00,        0.00
     4176.00,       64.52,       26.91,        0.00,        0.00,        0.00,        0.00,        1.00,        4.25,        0.00,        0.00,        1.00,        1.00,        0.00
     4177.00,       64.52,       25.95,        0.00,        0.00,        0.00,        0.00,        1.00,        4.25,        0.00,        0.00,        1.00,        1.00,        0.00
     4178.00,       64.52,       26.12,        0.00,        0.00,        0.00,        0.00,        1.00,        4.25,        0.00,        0.00,        1.00,        1.00,        0.00
     4179.00,       64.52,       26.18,        0.00,        0.00,        0.00,        0.00,        1.00,        4.25,        0.00,        0.00,        1.00,        1.00,        0.00
     4180.00,       64.52,       26.93,        0.00,        0.00,        0.00,        0.00,        1.00,        4.25,        0.00,        0.00,        1.00,        1.00,        0.00
     4181.00,       64.52,       27.10,        0.00,        0.00,        0.00,        0.00,        1.00,        4.25,        0.00,        0.00,        1.00,        1.00,        0.00
     4182.00,       64.52,       31.00,        0.00,        0.00,        0.00,        0.00,        1.00,        4.25,        0.00,        0.00,        1.00,        1.00,        0.00
     4183.00,       64.52,       30.60,        0.00,        0.00,        0.00,        0.00,        1.00,        4.25,        0.00,        0.00,        1.00,        1.00,        0.00
     4184.00,       64.52,       31.66,        0.00,        0.00,        0.00,        0.00,        1.00,        4.25,        0.00,        0.00,        1.00,        1.00,        0.00
     4185.00,       64.52,       33.36,        0.00,        0.00,        0.00,        0.00,        1.00,        4.25,        0.00,        0.00,        1.00,        1.00,        0.00
     4186.00,       64.52,       33.43,        0.00,        0.00,        0.00,        0.00,        1.00,        4.25,        0.00,        0.00,        1.00,        1.00,        0.00
     4187.00,       64.52,       35.52,        0.00,        0.00,        0.00,        0.00,        1.00,        4.25,        0.00,        0.00,        1.00,        1.00,        0.00
     4188.00,       64.52,       38.14,        0.00,        0.00,        0.00,        0.00,        1.00,        4.25,        0.00,        0.00,        1.00,        1.00,        0.00
     4189.00,       64.52,       39.53,        0.00,        0.00,        0.00,        0.00,        1.00,        4.25,        0.00,        0.00,        1.00,        1.00,        0.00
     4190.00,       64.52,       41.13,        0.00,        0.00,        0.00,        0.00,        1.00,        4.25,        0.00,        0.00,        1.00,        1.00,        0.00
     4191.00,       64.52,       47.16,        0.00,        0.00,        0.00,        0.00,        1.00,        4.25,        0.00,        0.00,        1.00,        1.00,        0.00
     4192.00,       64.52,       49.58,        0.00,        0.00,        0.00,        0.00,        1.00,        4.25,        0.00,        0.00,        1.00,        1.00,        0.00
     4193.00,       64.52,       50.15,        0.00,        0.00,        0.00,        0.00,        1.00,        4.25,        0.00,        0.00,        1.00,        1.00,        0.00
     4194.00,       64.52,       51.37,        0.00,        0.00,        0.00,        0.00,        1.00,        4.25,        0.00,        0.00,        1.00,        1.00,        0.00
     4195.00,       64.52,       44.70,        0.00,        0.00,        0.00,        0.00,        1.00,        4.25,        0.00,        0.00,        1.00,        1.00,        0.00
     4196.00,       64.52,       41.09,        0.00,        0.00,        0.00,        0.00,        1.00,        4.25,        0.00,        0.00,        1.00,        1.00,        0.00
     4197.00,       64.52,       35.47,        0.00,        0.00,        0.00,        0.00,        1.00,        4.25,        0.00,        0.00,        1.00,        1.00,        0.00
     4198.00,       64.52,       30.69,        0.00,        0.00,        0.00,        0.00,        1.00,        4.25,        0.00,        0.00,        1.00,        1.00,        0.00
     4199.00,       64.52,       29.48,        0.00,        0.00,        0.00,        0.00,        1.00,        4.25,        0.00,        0.00,        1.00,        1.00,        0.00
     4200.00,       64.52,       29.81,        0.00,        0.00,        0.00,        0.00,        1.00,        4.25,        0.00,        0.00,        1.00,        1.00,        0.00
     4201.00,       64.52,       29.12,        0.00,        0.00,        0.00,        0.00,        1.00,        4.25,        0.00,        0.00,        1.00,        1.00,        0.00
     4202.00,       64.52,       28.68,        0.00,        0.00,        0.00,        0.00,        1.00,        4.25,        0.00,        0.00,        1.00,        1.00,        0.00
     4203.00,       64.52,       27.92,        0.00,        0.00,        0.00,        0.00,        1.00,        4.25,        0.00,        0.00,        1.00,        1.00,        0.00
     4204.00,       64.52,       29.15,        0.00,        0.00,        0.00,        0.00,        1.00,        4.25,        0.00,        0.00,        1.00,        1.00,        0.00
     4205.00,       64.52,       30.08,        0.00,        0.00,        0.00,        0.00,        1.00,        4.25,        0.00,        0.00,        1.00,        1.00,        0.00
     4206.00,       64.52,       35.40,        0.00,        0.00,        0.00,        0.00,        1.00,        4.25,        0.00,        0.00,        1.00,        1.00,        0.00
     4207.00,       64.52,       35.03,        0.00,        0.00,        0.00,        0.00,        1.00,        4.25,        0.00,        0.00,        1.00,        1.00,        0.00
     4208.00,       64.52,       36.81,        0.00,        0.00,        0.00,        0.00,        1.00,        4.25,        0.00,        0.00,        1.00,        1.00,        0.00
     4209.00,       64.52,       39.52,        0.00,        0.00,        0.00,        0.00,        1.00,        4.25,        0.00,        0.00,        1.00,        1.00,        0.00
     4210.00,       64.52,       43.76,        0.00,        0.00,        0.00,        0.00,        1.00,        4.25,        0.00,        0.00,        1.00,        1.00,        0.00
     4211.00,       64.52,       48.51,        0.00,        0.00,        0.00,        0.00,        1.00,        4.25,        0.00,        0.00,        1.00,        1.00,        0.00
     4212.00,       64.52,       54.93,        0.00,        0.00,        0.00,        0.00,        1.00,        4.25,        0.00,        0.00,        1.00,        1.00,        0.00
     4213.00,       64.52,       62.88,        0.00,        0.00,        0.00,        0.00,        1.00,        4.25,        0.00,        0.00,        1.00,        1.00,        0.00
     4214.00,       64.52,       68.40,        0.00,        0.00,        0.00,        0.00,        1.00,        4.25,        0.00,        0.00,        1.00,        1.00,        0.00
     4215.00,       64.52,       84.18,        0.00,        0.00,        0.00,        0.00,        1.00,        4.25,        0.00,        0.00,        1.00,        1.00,        0.00
     4216.00,       64.52,       75.58,        0.00,        0.00,        0.00,        0.00,        1.00,        4.25,        0.00,        0.00,        1.00,        1.00,        0.00
     4217.00,       64.52,       82.05,        0.00,        0.00,        0.00,        0.00,        1.00,        4.25,        0.00,        0.00,        1.00,        1.00,        0.00
     4218.00,       64.52,       86.77,        0.00,        0.00,        0.00,        0.00,        1.00,        4.25,        0.00,        0.00,        1.00,        1.00,        0.00
     4219.00,       64.52,       43.14,        0.00,        0.00,        0.00,        0.00,        1.00,        4.25,        0.00,        0.00,        1.00,        1.00,        0.00
     4220.00,       64.52,       39.85,        0.00,        0.00,        0.00,        0.00,        1.00,        4.25,        0.00,        0.00,        1.00,        1.00,        0.00
     4221.00,       64.52,       36.16,        0.00,        0.00,        0.00,        0.00,        1.00,        4.25,        0.00,        0.00,        1.00,        1.00,        0.00
     4222.00,       64.52,       29.32,        0.00,        0.00,        0.00,        0.00,        1.00,        4.25,        0.00,        0.00,        1.00,        1.00,        0.00
     4223.00,       64.52,       27.30,        0.00,        0.00,        0.00,        0.00,        1.00,        4.25,        0.00,        0.00,        1.00,        1.00,        0.00
     4224.00,       64.52,       28.31,        0.00,        0.00,        0.00,        0.00,        1.00,        4.25,        0.00,        0.00,        1.00,        1.00,        0.00
     4225.00,       64.52,       28.35,        0.00,        0.00,        0.00,        0.00,        1.00,        4.25,        0.00,        0.00,        1.00,        1.00,        0.00
     4226.00,       64.52,       26.87,        0.00,        0.00,        0.00,        0.00,        1.00,        4.25,        0.00,        0.00,        1.00,        1.00,        0.00
     4227.00,       64.52,       26.47,        0.00,        0.00,        0.00,        0.00,        1.00,        4.25,        0.00,        0.00,        1.00,        1.00,        0.00
     4228.00,       64.52,       27.20,        0.00,        0.00,        0.00,        0.00,        1.00,        4.25,        0.00,        0.00,        1.00,        1.00,        0.00
     4229.00,       64.52,       27.84,        0.00,        0.00,        0.00,        0.00,        1.00,        4.25,        0.00,        0.00,        1.00,        1.00,        0.00
     4230.00,       64.52,       35.31,        0.00,        0.00,        0.00,        0.00,        1.00,        4.25,        0.00,        0.00,        1.00,        1.00,        0.00
     4231.00,       64.52,       34.58,        0.00,        0.00,        0.00,        0.00,        1.00,        4.25,        0.00,        0.00,        1.00,        1.00,        0.00
     4232.00,       64.52,       35.20,        0.00,        0.00,        0.00,        0.00,        1.00,        4.25,        0.00,        0.00,        1.00,        1.00,        0.00
     4233.00,       64.52,       38.05,        0.00,        0.00,        0.00,        0.00,        1.00,        4.25,        0.00,        0.00,        1.00,        1.00,        0.00
     4234.00,       64.52,       40.89,        0.00,        0.00,        0.00,        0.00,        1.00,        4.25,        0.00,        0.00,        1.00,        1.00,        0.00
     4235.00,       64.52,       45.84,        0.00,        0.00,        0.00,        0.00,        1.00,        4.25,        0.00,        0.00,        1.00,        1.00,        0.00
     4236.00,       64.52,       47.23,        0.00,        0.00,        0.00,        0.00,        1.00,        4.25,        0.00,        0.00,        1.00,        1.00,        0.00
     4237.00,       64.52,       65.96,        0.00,        0.00,        0.00,        0.00,        1.00,        4.25,        0.00,        0.00,        1.00,        1.00,        0.00
     4238.00,       64.52,       89.08,        0.00,        0.00,        0.00,        0.00,        1.00,        4.25,        0.00,        0.00,        1.00,        1.00,        0.00
     4239.00,       64.52,       96.41,        0.00,        0.00,        0.00,        0.00,        1.00,        4.25,        0.00,        0.00,        1.00,        1.00,        0.00
     4240.00,       64.52,      111.15,        0.00,        0.00,        0.00,        0.00,        1.00,        4.25,        0.00,        0.00,        1.00,        1.00,        0.00
     4241.00,       64.52,      284.77,        0.00,        0.00,        0.00,        0.00,        1.00,        4.25,        0.00,        0.00,        1.00,        1.00,        0.00
     4242.00,       64.52,       58.31,        0.00,        0.00,        0.00,        0.00,        1.00,        4.25,        0.00,        0.00,        1.00,        1.00,        0.00
     4243.00,       64.52,       51.18,        0.00,        0.00,        0.00,        0.00,        1.00,        4.25,        0.00,        0.00,        1.00,        1.00,        0.00
     4244.00,       64.52,       41.79,        0.00,        0.00,        0.00,        0.00,        1.00,        4.25,        0.00,        0.00,        1.00,        1.00,        0.00
     4245.00,       64.52,       37.58,        0.00,        0.00,        0.00,        0.00,        1.00,        4.25,        0.00,        0.00,        1.00,        1.00,        0.00
     4246.00,       64.52,       30.23,        0.00,        0.00,        0.00,        0.00,        1.00,        4.25,        0.00,        0.00,        1.00,        1.00,        0.00
     4247.00,       64.52,       30.90,        0.00,        0.00,        0.00,        0.00,        1.00,        4.25,        0.00,        0.00,        1.00,        1.00,        0.00
     4248.00,       64.52,       26.50,        0.00,        0.00,        0.00,        0.00,        1.00,        4.25,        0.00,        0.00,        1.00,        1.00,        0.00
     4249.00,       64.52,       30.81,        0.00,        0.00,        0.00,        0.00,        1.00,        4.25,        0.00,        0.00,        1.00,        1.00,        0.00
     4250.00,       64.52,       31.03,        0.00,        0.00,        0.00,        0.00,        1.00,        4.25,        0.00,        0.00,        1.00,        1.00,        0.00
     4251.00,       64.52,       28.03,        0.00,        0.00,        0.00,        0.00,        1.00,        4.25,        0.00,        0.00,        1.00,        1.00,        0.00
     4252.00,       64.52,       25.36,        0.00,        0.00,        0.00,        0.00,        1.00,        4.25,        0.00,        0.00,        1.00,        1.00,        0.00
     4253.00,       64.52,       24.84,        0.00,        0.00,        0.00,        0.00,        1.00,        4.25,        0.00,        0.00,        1.00,        1.00,        0.00
     4254.00,       64.52,       28.33,        0.00,        0.00,        0.00,        0.00,        1.00,        4.25,        0.00,        0.00,        1.00,        1.00,        0.00
     4255.00,       64.52,       27.29,        0.00,        0.00,        0.00,        0.00,        1.00,        4.25,        0.00,        0.00,        1.00,        1.00,        0.00
     4256.00,       64.52,       25.56,        0.00,        0.00,        0.00,        0.00,        1.00,        4.25,        0.00,        0.00,        1.00,        1.00,        0.00
     4257.00,       64.52,       30.14,        0.00,        0.00,        0.00,        0.00,        1.00,        4.25,        0.00,        0.00,        1.00,        1.00,        0.00
     4258.00,       64.52,       31.32,        0.00,        0.00,        0.00,        0.00,        1.00,        4.25,        0.00,        0.00,        1.00,        1.00,        0.00
     4259.00,       64.52,       32.86,        0.00,        0.00,        0.00,        0.00,        1.00,        4.25,        0.00,        0.00,        1.00,        1.00,        0.00
     4260.00,       64.52,       37.30,        0.00,        0.00,        0.00,        0.00,        1.00,        4.25,        0.00,        0.00,        1.00,        1.00,        0.00
     4261.00,       64.52,       31.82,        0.00,        0.00,        0.00,        0.00,        1.00,        4.25,        0.00,        0.00,        1.00,        1.00,        0.00
     4262.00,       64.52,       28.22,        0.00,        0.00,        0.00,        0.00,        1.00,        4.25,        0.00,        0.00,        1.00,        1.00,        0.00
     4263.00,       64.52,       20.96,        0.00,        0.00,        0.00,        0.00,        1.00,        4.25,        0.00,        0.00,        1.00,        1.00,        0.00
     4264.00,       64.52,       32.09,        0.00,        0.00,        0.00,        0.00,        1.00,        4.25,        0.00,        0.00,        1.00,        1.00,        0.00
     4265.00,       64.52,       36.22,        0.00,        0.00,        0.00,        0.00,        1.00,        4.25,        0.00,        0.00,        1.00,        1.00,        0.00
     4266.00,       64.52,       41.93,        0.00,        0.00,        0.00,        0.00,        1.00,        4.25,        0.00,        0.00,        1.00,        1.00,        0.00
     4267.00,       64.52,       38.58,        0.00,        0.00,        0.00,        0.00,        1.00,        4.25,        0.00,        0.00,        1.00,        1.00,        0.00
     4268.00,       64.52,       28.79,        0.00,        0.00,        0.00,        0.00,        1.00,        4.25,        0.00,        0.00,        1.00,        1.00,        0.00
     4269.00,       64.52,       27.25,        0.00,        0.00,        0.00,        0.00,        1.00,        4.25,        0.00,        0.00,        1.00,        1.00,        0.00
     4270.00,       64.52,       27.23,        0.00,        0.00,        0.00,        0.00,        1.00,        4.25,        0.00,        0.00,        1.00,        1.00,        0.00
     4271.00,       64.52,       28.03,        0.00,        0.00,        0.00,        0.00,        1.00,        4.25,        0.00,        0.00,        1.00,        1.00,        0.00
     4272.00,       64.52,       23.65,        0.00,        0.00,        0.00,        0.00,        1.00,        4.25,        0.00,        0.00,        1.00,        1.00,        0.00
     4273.00,       64.52,       28.47,        0.00,        0.00,        0.00,        0.00,        1.00,        4.25,        0.00,        0.00,        1.00,        1.00,        0.00
     4274.00,       64.52,       29.07,        0.00,        0.00,        0.00,        0.00,        1.00,        4.25,        0.00,        0.00,        1.00,        1.00,        0.00
     4275.00,       64.52,       27.03,        0.00,        0.00,        0.00,        0.00,        1.00,        4.25,        0.00,        0.00,        1.00,        1.00,        0.00
     4276.00,       64.52,       27.16,        0.00,        0.00,        0.00,        0.00,        1.00,        4.25,        0.00,        0.00,        1.00,        1.00,        0.00
     4277.00,       64.52,       25.31,        0.00,        0.00,        0.00,        0.00,        1.00,        4.25,        0.00,        0.00,        1.00,        1.00,        0.00
     4278.00,       64.52,       25.11,        0.00,        0.00,        0.00,        0.00,        1.00,        4.25,        0.00,        0.00,        1.00,        1.00,        0.00
     4279.00,       64.52,       26.03,        0.00,        0.00,        0.00,        0.00,        1.00,        4.25,        0.00,        0.00,        1.00,        1.00,        0.00
     4280.00,       64.52,       25.55,        0.00,        0.00,        0.00,        0.00,        1.00,        4.25,        0.00,        0.00,        1.00,        1.00,        0.00
     4281.00,       64.52,       27.23,        0.00,        0.00,        0.00,        0.00,        1.00,        4.25,        0.00,        0.00,        1.00,        1.00,        0.00
     4282.00,       64.52,       30.89,        0.00,        0.00,        0.00,        0.00,        1.00,        4.25,        0.00,        0.00,        1.00,        1.00,        0.00
     4283.00,       64.52,       31.81,        0.00,        0.00,        0.00,        0.00,        1.00,        4.25,        0.00,        0.00,        1.00,        1.00,        0.00
     4284.00,       64.52,       33.25,        0.00,        0.00,        0.00,        0.00,        1.00,        4.25,        0.00,        0.00,        1.00,        1.00,        0.00
     4285.00,       64.52,       32.25,        0.00,        0.00,        0.00,        0.00,        1.00,        4.25,        0.00,        0.00,        1.00,        1.00,        0.00
     4286.00,       64.52,       32.73,        0.00,        0.00,        0.00,        0.00,        1.00,        4.25,        0.00,        0.00,        1.00,        1.00,        0.00
     4287.00,       64.52,       31.46,        0.00,        0.00,        0.00,        0.00,        1.00,        4.25,        0.00,        0.00,        1.00,        1.00,        0.00
     4288.00,       64.52,       26.01,        0.00,        0.00,        0.00,        0.00,        1.00,        4.25,        0.00,        0.00,        1.00,        1.00,        0.00
     4289.00,       64.52,       27.96,        0.00,        0.00,        0.00,        0.00,        1.00,        4.25,        0.00,        0.00,        1.00,        1.00,        0.00
     4290.00,       64.52,       36.13,        0.00,        0.00,        0.00,        0.00,        1.00,        4.25,        0.00,        0.00,        1.00,        1.00,        0.00
     4291.00,       64.52,       35.90,        0.00,        0.00,        0.00,        0.00,        1.00,        4.25,        0.00,        0.00,        1.00,        1.00,        0.00
     4292.00,       64.52,       28.28,        0.00,        0.00,        0.00,        0.00,        1.00,        4.25,        0.00,        0.00,        1.00,        1.00,        0.00
     4293.00,       64.52,       28.30,        0.00,        0.00,        0.00,        0.00,        1.00,        4.25,        0.00,        0.00,        1.00,        1.00,        0.00
     4294.00,       64.52,       27.18,        0.00,        0.00,        0.00,        0.00,        1.00,        4.25,        0.00,        0.00,        1.00,        1.00,        0.00
     4295.00,       64.52,       28.96,        0.00,        0.00,        0.00,        0.00,        1.00,        4.25,        0.00,        0.00,        1.00,        1.00,        0.00
     4296.00,       64.52,       23.74,        0.00,        0.00,        0.00,        0.00,        1.00,        4.25,        0.00,        0.00,        1.00,        1.00,        0.00
     4297.00,       64.52,       25.02,        0.00,        0.00,        0.00,        0.00,        1.00,        4.25,        0.00,        0.00,        1.00,        1.00,        0.00
     4298.00,       64.52,       23.17,        0.00,        0.00,        0.00,        0.00,        1.00,        4.25,        0.00,        0.00,        1.00,        1.00,        0.00
     4299.00,       64.52,       23.40,        0.00,        0.00,        0.00,        0.00,        1.00,        4.25,        0.00,        0.00,        1.00,        1.00,        0.00
     4300.00,       64.52,       25.82,        0.00,        0.00,        0.00,        0.00,        1.00,        4.25,        0.00,        0.00,        1.00,        1.00,        0.00
     4301.00,       64.52,       26.88,        0.00,        0.00,        0.00,        0.00,        1.00,        4.25,        0.00,        0.00,        1.00,        1.00,        0.00
     4302.00,       64.52,       31.47,        0.00,        0.00,        0.00,        0.00,        1.00,        4.25,        0.00,        0.00,        1.00,        1.00,        0.00
     4303.00,       64.52,       32.62,        0.00,        0.00,        0.00,        0.00,        1.00,        4.25,        0.00,        0.00,        1.00,        1.00,        0.00
     4304.00,       64.52,       30.54,        0.00,        0.00,        0.00,        0.00,        1.00,        4.25,        0.00,        0.00,        1.00,        1.00,        0.00
     4305.00,       64.52,       33.86,        0.00,        0.00,        0.00,        0.00,        1.00,        4.25,        0.00,        0.00,        1.00,        1.00,        0.00
     4306.00,       64.52,       37.56,        0.00,        0.00,        0.00,        0.00,        1.00,        4.25,        0.00,        0.00,        1.00,        1.00,        0.00
     4307.00,       64.52,       37.52,        0.00,        0.00,        0.00,        0.00,        1.00,        4.25,        0.00,        0.00,        1.00,        1.00,        0.00
     4308.00,       64.52,       42.49,        0.00,        0.00,        0.00,        0.00,        1.00,        4.25,        0.00,        0.00,        1.00,        1.00,        0.00
     4309.00,       64.52,       44.03,        0.00,        0.00,        0.00,        0.00,        1.00,        4.25,        0.00,        0.00,        1.00,        1.00,        0.00
     4310.00,       64.52,       48.01,        0.00,        0.00,        0.00,        0.00,        1.00,        4.25,        0.00,        0.00,        1.00,        1.00,        0.00
     4311.00,       64.52,       47.42,        0.00,        0.00,        0.00,        0.00,        1.00,        4.25,        0.00,        0.00,        1.00,        1.00,        0.00
     4312.00,       64.52,       47.05,        0.00,        0.00,        0.00,        0.00,        1.00,        4.25,        0.00,        0.00,        1.00,        1.00,        0.00
     4313.00,       64.52,       33.76,        0.00,        0.00,        0.00,        0.00,        1.00,        4.25,        0.00,        0.00,        1.00,        1.00,        0.00
     4314.00,       64.52,       40.95,        0.00,        0.00,        0.00,        0.00,        1.00,        4.25,        0.00,        0.00,        1.00,        1.00,        0.00
     4315.00,       64.52,       32.36,        0.00,        0.00,        0.00,        0.00,        1.00,        4.25,        0.00,        0.00,        1.00,        1.00,        0.00
     4316.00,       64.52,       20.84,        0.00,        0.00,        0.00,        0.00,        1.00,        4.25,        0.00,        0.00,        1.00,        1.00,        0.00
     4317.00,       64.52,       27.81,        0.00,        0.00,        0.00,        0.00,        1.00,        4.25,        0.00,        0.00,        1.00,        1.00,        0.00
     4318.00,       64.52,       26.11,        0.00,        0.00,        0.00,        0.00,        1.00,        4.25,        0.00,        0.00,        1.00,        1.00,        0.00
     4319.00,       64.52,       27.01,        0.00,        0.00,        0.00,        0.00,        1.00,        4.25,        0.00,        0.00,        1.00,        1.00,        0.00
     4320.00,       64.52,       24.90,        0.00,        0.00,        0.00,        0.00,        1.00,        4.25,        0.00,        0.00,        1.00,        1.00,        0.00
     4321.00,       64.52,       26.73,        0.00,        0.00,        0.00,        0.00,        1.00,        4.25,        0.00,        0.00,        1.00,        1.00,        0.00
     4322.00,       64.52,       24.83,        0.00,        0.00,        0.00,        0.00,        1.00,        4.25,        0.00,        0.00,        1.00,        1.00,        0.00
     4323.00,       64.52,       23.67,        0.00,        0.00,        0.00,        0.00,        1.00,        4.25,        0.00,        0.00,        1.00,        1.00,        0.00
     4324.00,       64.52,       24.87,        0.00,        0.00,        0.00,        0.00,        1.00,        4.25,        0.00,        0.00,        1.00,        1.00,        0.00
     4325.00,       64.52,       26.24,        0.00,        0.00,        0.00,        0.00,        1.00,        4.25,        0.00,        0.00,        1.00,        1.00,        0.00
     4326.00,       64.52,       34.43,        0.00,        0.00,        0.00,        0.00,        1.00,        4.25,        0.00,        0.00,        1.00,        1.00,        0.00
     4327.00,       64.52,       33.21,        0.00,        0.00,        0.00,        0.00,        1.00,        4.25,        0.00,        0.00,        1.00,        1.00,        0.00
     4328.00,       64.52,       36.31,        0.00,        0.00,        0.00,        0.00,        1.00,        4.25,        0.00,        0.00,        1.00,        1.00,        0.00
     4329.00,       64.52,       38.28,        0.00,        0.00,        0.00,        0.00,        1.00,        4.25,        0.00,        0.00,        1.00,        1.00,        0.00
     4330.00,       64.52,       42.59,        0.00,        0.00,        0.00,        0.00,        1.00,        4.25,        0.00,        0.00,        1.00,        1.00,        0.00
     4331.00,       64.52,       45.67,        0.00,        0.00,        0.00,        0.00,        1.00,        4.25,        0.00,        0.00,        1.00,        1.00,        0.00
     4332.00,       64.52,       53.64,        0.00,        0.00,        0.00,        0.00,        1.00,        4.25,        0.00,        0.00,        1.00,        1.00,        0.00
     4333.00,       64.52,       59.11,        0.00,        0.00,        0.00,        0.00,        1.00,        4.25,        0.00,        0.00,        1.00,        1.00,        0.00
     4334.00,       64.52,       40.27,        0.00,        0.00,        0.00,        0.00,        1.00,        4.25,        0.00,        0.00,        1.00,        1.00,        0.00
     4335.00,       64.52,       31.90,        0.00,        0.00,        0.00,        0.00,        1.00,        4.25,        0.00,        0.00,        1.00,        1.00,        0.00
     4336.00,       64.52,       55.15,        0.00,        0.00,        0.00,        0.00,        1.00,        4.25,        0.00,        0.00,        1.00,        1.00,        0.00
     4337.00,       64.52,       56.26,        0.00,        0.00,        0.00,        0.00,        1.00,        4.25,        0.00,        0.00,        1.00,        1.00,        0.00
     4338.00,       64.52,       42.71,        0.00,        0.00,        0.00,        0.00,        1.00,        4.25,        0.00,        0.00,        1.00,        1.00,        0.00
     4339.00,       64.52,       31.72,        0.00,        0.00,        0.00,        0.00,        1.00,        4.25,        0.00,        0.00,        1.00,        1.00,        0.00
     4340.00,       64.52,       20.11,        0.00,        0.00,        0.00,        0.00,        1.00,        4.25,        0.00,        0.00,        1.00,        1.00,        0.00
     4341.00,       64.52,       19.14,        0.00,        0.00,        0.00,        0.00,        1.00,        4.25,        0.00,        0.00,        1.00,        1.00,        0.00
     4342.00,       64.52,       18.77,        0.00,        0.00,        0.00,        0.00,        1.00,        4.25,        0.00,        0.00,        1.00,        1.00,        0.00
     4343.00,       64.52,       28.33,        0.00,        0.00,        0.00,        0.00,        1.00,        4.25,        0.00,        0.00,        1.00,        1.00,        0.00
     4344.00,       64.52,       21.99,        0.00,        0.00,        0.00,        0.00,        1.00,        4.25,        0.00,        0.00,        1.00,        1.00,        0.00
     4345.00,       64.52,       27.65,        0.00,        0.00,        0.00,        0.00,        1.00,        4.25,        0.00,        0.00,        1.00,        1.00,        0.00
     4346.00,       64.52,       23.72,        0.00,        0.00,        0.00,        0.00,        1.00,        4.25,        0.00,        0.00,        1.00,        1.00,        0.00
     4347.00,       64.52,       22.46,        0.00,        0.00,        0.00,        0.00,        1.00,        4.25,        0.00,        0.00,        1.00,        1.00,        0.00
     4348.00,       64.52,       25.94,        0.00,        0.00,        0.00,        0.00,        1.00,        4.25,        0.00,        0.00,        1.00,        1.00,        0.00
     4349.00,       64.52,       26.23,        0.00,        0.00,        0.00,        0.00,        1.00,        4.25,        0.00,        0.00,        1.00,        1.00,        0.00
     4350.00,       64.52,       38.99,        0.00,        0.00,        0.00,        0.00,        1.00,        4.25,        0.00,        0.00,        1.00,        1.00,        0.00
     4351.00,       64.52,       40.31,        0.00,        0.00,        0.00,        0.00,        1.00,        4.25,        0.00,        0.00,        1.00,        1.00,        0.00
     4352.00,       64.52,       41.12,        0.00,        0.00,        0.00,        0.00,        1.00,        4.25,        0.00,        0.00,        1.00,        1.00,        0.00
     4353.00,       64.52,       49.71,        0.00,        0.00,        0.00,        0.00,        1.00,        4.25,        0.00,        0.00,        1.00,        1.00,        0.00
     4354.00,       64.52,       49.41,        0.00,        0.00,        0.00,        0.00,        1.00,        4.25,        0.00,        0.00,        1.00,        1.00,        0.00
     4355.00,       64.52,       49.54,        0.00,        0.00,        0.00,        0.00,        1.00,        4.25,        0.00,        0.00,        1.00,        1.00,        0.00
     4356.00,       64.52,       54.94,        0.00,        0.00,        0.00,        0.00,        1.00,        4.25,        0.00,        0.00,        1.00,        1.00,        0.00
     4357.00,       64.52,       48.48,        0.00,        0.00,        0.00,        0.00,        1.00,        4.25,        0.00,        0.00,        1.00,        1.00,        0.00
     4358.00,       64.52,       57.91,        0.00,        0.00,        0.00,        0.00,        1.00,        4.25,        0.00,        0.00,        1.00,        1.00,        0.00
     4359.00,       64.52,       49.66,        0.00,        0.00,        0.00,        0.00,        1.00,        4.25,        0.00,        0.00,        1.00,        1.00,        0.00
     4360.00,       64.52,        1.46,        0.00,        0.00,        0.00,        0.00,        1.00,        4.25,        0.00,        0.00,        1.00,        1.00,        0.00
     4361.00,       64.52,      -32.94,        0.00,        0.00,        0.00,        0.00,        1.00,        4.25,        0.00,        0.00,        1.00,        1.00,        0.00
     4362.00,       64.52,       12.21,        0.00,        0.00,        0.00,        0.00,        1.00,        4.25,        0.00,        0.00,        1.00,        1.00,        0.00
     4363.00,       64.52,       -0.44,        0.00,        0.00,        0.00,        0.00,        1.00,        4.25,        0.00,        0.00,        1.00,        1.00,        0.00
     4364.00,       64.52,       15.15,        0.00,        0.00,        0.00,        0.00,        1.00,        4.25,        0.00,        0.00,        1.00,        1.00,        0.00
     4365.00,       64.52,        5.59,        0.00,        0.00,        0.00,        0.00,        1.00,        4.25,        0.00,        0.00,        1.00,        1.00,        0.00
     4366.00,       64.52,       20.09,        0.00,        0.00,        0.00,        0.00,        1.00,        4.25,        0.00,        0.00,        1.00,        1.00,        0.00
     4367.00,       64.52,       26.61,        0.00,        0.00,        0.00,        0.00,        1.00,        4.25,        0.00,        0.00,        1.00,        1.00,        0.00
     4368.00,       64.52,       23.22,        0.00,        0.00,        0.00,        0.00,        1.00,        4.25,        0.00,        0.00,        1.00,        1.00,        0.00
     4369.00,       64.52,       23.29,        0.00,        0.00,        0.00,        0.00,        1.00,        4.25,        0.00,        0.00,        1.00,        1.00,        0.00
     4370.00,       64.52,       22.03,        0.00,        0.00,        0.00,        0.00,        1.00,        4.25,        0.00,        0.00,        1.00,        1.00,        0.00
     4371.00,       64.52,       22.04,        0.00,        0.00,        0.00,        0.00,        1.00,        4.25,        0.00,        0.00,        1.00,        1.00,        0.00
     4372.00,       64.52,       22.52,        0.00,        0.00,        0.00,        0.00,        1.00,        4.25,        0.00,        0.00,        1.00,        1.00,        0.00
     4373.00,       64.52,       22.70,        0.00,        0.00,        0.00,        0.00,        1.00,        4.25,        0.00,        0.00,        1.00,        1.00,        0.00
     4374.00,       64.52,       34.00,        0.00,        0.00,        0.00,        0.00,        1.00,        4.25,        0.00,        0.00,        1.00,        1.00,        0.00
     4375.00,       64.52,       35.49,        0.00,        0.00,        0.00,        0.00,        1.00,        4.25,        0.00,        0.00,        1.00,        1.00,        0.00
     4376.00,       64.52,       37.13,        0.00,        0.00,        0.00,        0.00,        1.00,        4.25,        0.00,        0.00,        1.00,        1.00,        0.00
     4377.00,       64.52,       38.04,        0.00,        0.00,        0.00,        0.00,        1.00,        4.25,        0.00,        0.00,        1.00,        1.00,        0.00
     4378.00,       64.52,       38.46,        0.00,        0.00,        0.00,        0.00,        1.00,        4.25,        0.00,        0.00,        1.00,        1.00,        0.00
     4379.00,       64.52,       44.20,        0.00,        0.00,        0.00,        0.00,        1.00,        4.25,        0.00,        0.00,        1.00,        1.00,        0.00
     4380.00,       64.52,       44.34,        0.00,        0.00,        0.00,        0.00,        1.00,        4.25,        0.00,        0.00,        1.00,        1.00,        0.00
     4381.00,       64.52,       45.56,        0.00,        0.00,        0.00,        0.00,        1.00,        4.25,        0.00,        0.00,        1.00,        1.00,        0.00
     4382.00,       64.52,       32.03,        0.00,        0.00,        0.00,        0.00,        1.00,        4.25,        0.00,        0.00,        1.00,        1.00,        0.00
     4383.00,       64.52,       31.74,        0.00,        0.00,        0.00,        0.00,        1.00,        4.25,        0.00,        0.00,        1.00,        1.00,        0.00
     4384.00,       64.52,       37.02,        0.00,        0.00,        0.00,        0.00,        1.00,        4.25,        0.00,        0.00,        1.00,        1.00,        0.00
     4385.00,       64.52,       24.38,        0.00,        0.00,        0.00,        0.00,        1.00,        4.25,        0.00,        0.00,        1.00,        1.00,        0.00
     4386.00,       64.52,       19.56,        0.00,        0.00,        0.00,        0.00,        1.00,        4.25,        0.00,        0.00,        1.00,        1.00,        0.00
     4387.00,       64.52,       16.39,        0.00,        0.00,        0.00,        0.00,        1.00,        4.25,        0.00,        0.00,        1.00,        1.00,        0.00
     4388.00,       64.52,       10.08,        0.00,        0.00,        0.00,        0.00,        1.00,        4.25,        0.00,        0.00,        1.00,        1.00,        0.00
     4389.00,       64.52,       20.10,        0.00,        0.00,        0.00,        0.00,        1.00,        4.25,        0.00,        0.00,        1.00,        1.00,        0.00
     4390.00,       64.52,       23.94,        0.00,        0.00,        0.00,        0.00,        1.00,        4.25,        0.00,        0.00,        1.00,        1.00,        0.00
     4391.00,       64.52,       24.68,        0.00,        0.00,        0.00,        0.00,        1.00,        4.25,        0.00,        0.00,        1.00,        1.00,        0.00
     4392.00,       64.52,       22.90,        0.00,        0.00,        0.00,        0.00,        1.00,        4.25,        0.00,        0.00,        1.00,        1.00,        0.00
     4393.00,       64.52,       26.05,        0.00,        0.00,        0.00,        0.00,        1.00,        4.25,        0.00,        0.00,        1.00,        1.00,        0.00
     4394.00,       64.52,       24.63,        0.00,        0.00,        0.00,        0.00,        1.00,        4.25,        0.00,        0.00,        1.00,        1.00,        0.00
     4395.00,       64.52,       23.02,        0.00,        0.00,        0.00,        0.00,        1.00,        4.25,        0.00,        0.00,        1.00,        1.00,        0.00
     4396.00,       64.52,       22.58,        0.00,        0.00,        0.00,        0.00,        1.00,        4.25,        0.00,        0.00,        1.00,        1.00,        0.00
     4397.00,       64.52,       21.61,        0.00,        0.00,        0.00,        0.00,        1.00,        4.25,        0.00,        0.00,        1.00,        1.00,        0.00
     4398.00,       64.52,       28.73,        0.00,        0.00,        0.00,        0.00,        1.00,        4.25,        0.00,        0.00,        1.00,        1.00,        0.00
     4399.00,       64.52,       28.85,        0.00,        0.00,        0.00,        0.00,        1.00,        4.25,        0.00,        0.00,        1.00,        1.00,        0.00
     4400.00,       64.52,       30.47,        0.00,        0.00,        0.00,        0.00,        1.00,        4.25,        0.00,        0.00,        1.00,        1.00,        0.00
     4401.00,       64.52,       32.58,        0.00,        0.00,        0.00,        0.00,        1.00,        4.25,        0.00,        0.00,        1.00,        1.00,        0.00
     4402.00,       64.52,       32.74,        0.00,        0.00,        0.00,        0.00,        1.00,        4.25,        0.00,        0.00,        1.00,        1.00,        0.00
     4403.00,       64.52,       35.70,        0.00,        0.00,        0.00,        0.00,        1.00,        4.25,        0.00,        0.00,        1.00,        1.00,        0.00
     4404.00,       64.52,       37.24,        0.00,        0.00,        0.00,        0.00,        1.00,        4.25,        0.00,        0.00,        1.00,        1.00,        0.00
     4405.00,       64.52,       37.54,        0.00,        0.00,        0.00,        0.00,        1.00,        4.25,        0.00,        0.00,        1.00,        1.00,        0.00
     4406.00,       64.52,       31.12,        0.00,        0.00,        0.00,        0.00,        1.00,        4.25,        0.00,        0.00,        1.00,        1.00,        0.00
     4407.00,       64.52,       22.84,        0.00,        0.00,        0.00,        0.00,        1.00,        4.25,        0.00,        0.00,        1.00,        1.00,        0.00
     4408.00,       64.52,       19.13,        0.00,        0.00,        0.00,        0.00,        1.00,        4.25,        0.00,        0.00,        1.00,        1.00,        0.00
     4409.00,       64.52,       14.91,        0.00,        0.00,        0.00,        0.00,        1.00,        4.25,        0.00,        0.00,        1.00,        1.00,        0.00
     4410.00,       64.52,       26.88,        0.00,        0.00,        0.00,        0.00,        1.00,        4.25,        0.00,        0.00,        1.00,        1.00,        0.00
     4411.00,       64.52,       11.50,        0.00,        0.00,        0.00,        0.00,        1.00,        4.25,        0.00,        0.00,        1.00,        1.00,        0.00
     4412.00,       64.52,       17.23,        0.00,        0.00,        0.00,        0.00,        1.00,        4.25,        0.00,        0.00,        1.00,        1.00,        0.00
     4413.00,       64.52,       24.89,        0.00,        0.00,        0.00,        0.00,        1.00,        4.25,        0.00,        0.00,        1.00,        1.00,        0.00
     4414.00,       64.52,       23.18,        0.00,        0.00,        0.00,        0.00,        1.00,        4.25,        0.00,        0.00,        1.00,        1.00,        0.00
     4415.00,       64.52,       25.68,        0.00,        0.00,        0.00,        0.00,        1.00,        4.25,        0.00,        0.00,        1.00,        1.00,        0.00
     4416.00,       64.52,       24.54,        0.00,        0.00,        0.00,        0.00,        1.00,        4.25,        0.00,        0.00,        1.00,        1.00,        0.00
     4417.00,       64.52,       27.68,        0.00,        0.00,        0.00,        0.00,        1.00,        4.25,        0.00,        0.00,        1.00,        1.00,        0.00
     4418.00,       64.52,       23.75,        0.00,        0.00,        0.00,        0.00,        1.00,        4.25,        0.00,        0.00,        1.00,        1.00,        0.00
     4419.00,       64.52,       22.48,        0.00,        0.00,        0.00,        0.00,        1.00,        4.25,        0.00,        0.00,        1.00,        1.00,        0.00
     4420.00,       64.52,       23.95,        0.00,        0.00,        0.00,        0.00,        1.00,        4.25,        0.00,        0.00,        1.00,        1.00,        0.00
     4421.00,       64.52,       23.61,        0.00,        0.00,        0.00,        0.00,        1.00,        4.25,        0.00,        0.00,        1.00,        1.00,        0.00
     4422.00,       64.52,       26.27,        0.00,        0.00,        0.00,        0.00,        1.00,        4.25,        0.00,        0.00,        1.00,        1.00,        0.00
     4423.00,       64.52,       25.99,        0.00,        0.00,        0.00,        0.00,        1.00,        4.25,        0.00,        0.00,        1.00,        1.00,        0.00
     4424.00,       64.52,       28.27,        0.00,        0.00,        0.00,        0.00,        1.00,        4.25,        0.00,        0.00,        1.00,        1.00,        0.00
     4425.00,       64.52,       30.99,        0.00,        0.00,        0.00,        0.00,        1.00,        4.25,        0.00,        0.00,        1.00,        1.00,        0.00
     4426.00,       64.52,       34.24,        0.00,        0.00,        0.00,        0.00,        1.00,        4.25,        0.00,        0.00,        1.00,        1.00,        0.00
     4427.00,       64.52,       34.96,        0.00,        0.00,        0.00,        0.00,        1.00,        4.25,        0.00,        0.00,        1.00,        1.00,        0.00
     4428.00,       64.52,       37.28,        0.00,        0.00,        0.00,        0.00,        1.00,        4.25,        0.00,        0.00,        1.00,        1.00,        0.00
     4429.00,       64.52,       35.84,        0.00,        0.00,        0.00,        0.00,        1.00,        4.25,        0.00,        0.00,        1.00,        1.00,        0.00
     4430.00,       64.52,       33.80,        0.00,        0.00,        0.00,        0.00,        1.00,        4.25,        0.00,        0.00,        1.00,        1.00,        0.00
     4431.00,       64.52,       28.13,        0.00,        0.00,        0.00,        0.00,        1.00,        4.25,        0.00,        0.00,        1.00,        1.00,        0.00
     4432.00,       64.52,       21.07,        0.00,        0.00,        0.00,        0.00,        1.00,        4.25,        0.00,        0.00,        1.00,        1.00,        0.00
     4433.00,       64.52,       17.46,        0.00,        0.00,        0.00,        0.00,        1.00,        4.25,        0.00,        0.00,        1.00,        1.00,        0.00
     4434.00,       64.52,       22.84,        0.00,        0.00,        0.00,        0.00,        1.00,        4.25,        0.00,        0.00,        1.00,        1.00,        0.00
     4435.00,       64.52,       31.41,        0.00,        0.00,        0.00,        0.00,        1.00,        4.25,        0.00,        0.00,        1.00,        1.00,        0.00
     4436.00,       64.52,       30.28,        0.00,        0.00,        0.00,        0.00,        1.00,        4.25,        0.00,        0.00,        1.00,        1.00,        0.00
     4437.00,       64.52,       30.09,        0.00,        0.00,        0.00,        0.00,        1.00,        4.25,        0.00,        0.00,        1.00,        1.00,        0.00
     4438.00,       64.52,       29.47,        0.00,        0.00,        0.00,        0.00,        1.00,        4.25,        0.00,        0.00,        1.00,        1.00,        0.00
     4439.00,       64.52,       26.12,        0.00,        0.00,        0.00,        0.00,        1.00,        4.25,        0.00,        0.00,        1.00,        1.00,        0.00
     4440.00,       64.52,       21.16,        0.00,        0.00,        0.00,        0.00,        1.00,        4.25,        0.00,        0.00,        1.00,        1.00,        0.00
     4441.00,       64.52,       22.16,        0.00,        0.00,        0.00,        0.00,        1.00,        4.25,        0.00,        0.00,        1.00,        1.00,        0.00
     4442.00,       64.52,       22.57,        0.00,        0.00,        0.00,        0.00,        1.00,        4.25,        0.00,        0.00,        1.00,        1.00,        0.00
     4443.00,       64.52,       21.63,        0.00,        0.00,        0.00,        0.00,        1.00,        4.25,        0.00,        0.00,        1.00,        1.00,        0.00
     4444.00,       64.52,       22.42,        0.00,        0.00,        0.00,        0.00,        1.00,        4.25,        0.00,        0.00,        1.00,        1.00,        0.00
     4445.00,       64.52,       20.69,        0.00,        0.00,        0.00,        0.00,        1.00,        4.25,        0.00,        0.00,        1.00,        1.00,        0.00
     4446.00,       64.52,       22.28,        0.00,        0.00,        0.00,        0.00,        1.00,        4.25,        0.00,        0.00,        1.00,        1.00,        0.00
     4447.00,       64.52,       22.63,        0.00,        0.00,        0.00,        0.00,        1.00,        4.25,        0.00,        0.00,        1.00,        1.00,        0.00
     4448.00,       64.52,       25.74,        0.00,        0.00,        0.00,        0.00,        1.00,        4.25,        0.00,        0.00,        1.00,        1.00,        0.00
     4449.00,       64.52,       27.34,        0.00,        0.00,        0.00,        0.00,        1.00,        4.25,        0.00,        0.00,        1.00,        1.00,        0.00
     4450.00,       64.52,       31.17,        0.00,        0.00,        0.00,        0.00,        1.00,        4.25,        0.00,        0.00,        1.00,        1.00,        0.00
     4451.00,       64.52,       33.96,        0.00,        0.00,        0.00,        0.00,        1.00,        4.25,        0.00,        0.00,        1.00,        1.00,        0.00
     4452.00,       64.52,       34.95,        0.00,        0.00,        0.00,        0.00,        1.00,        4.25,        0.00,        0.00,        1.00,        1.00,        0.00
     4453.00,       64.52,       32.39,        0.00,        0.00,        0.00,        0.00,        1.00,        4.25,        0.00,        0.00,        1.00,        1.00,        0.00
     4454.00,       64.52,       28.17,        0.00,        0.00,        0.00,        0.00,        1.00,        4.25,        0.00,        0.00,        1.00,        1.00,        0.00
     4455.00,       64.52,       26.46,        0.00,        0.00,        0.00,        0.00,        1.00,        4.25,        0.00,        0.00,        1.00,        1.00,        0.00
     4456.00,       64.52,       21.36,        0.00,        0.00,        0.00,        0.00,        1.00,        4.25,        0.00,        0.00,        1.00,        1.00,        0.00
     4457.00,       64.52,       24.79,        0.00,        0.00,        0.00,        0.00,        1.00,        4.25,        0.00,        0.00,        1.00,        1.00,        0.00
     4458.00,       64.52,       25.34,        0.00,        0.00,        0.00,        0.00,        1.00,        4.25,        0.00,        0.00,        1.00,        1.00,        0.00
     4459.00,       64.52,       28.02,        0.00,        0.00,        0.00,        0.00,        1.00,        4.25,        0.00,        0.00,        1.00,        1.00,        0.00
     4460.00,       64.52,       28.52,        0.00,        0.00,        0.00,        0.00,        1.00,        4.25,        0.00,        0.00,        1.00,        1.00,        0.00
     4461.00,       64.52,       22.76,        0.00,        0.00,        0.00,        0.00,        1.00,        4.25,        0.00,        0.00,        1.00,        1.00,        0.00
     4462.00,       64.52,       27.74,        0.00,        0.00,        0.00,        0.00,        1.00,        4.25,        0.00,        0.00,        1.00,        1.00,        0.00
     4463.00,       64.52,       26.05,        0.00,        0.00,        0.00,        0.00,        1.00,        4.25,        0.00,        0.00,        1.00,        1.00,        0.00
     4464.00,       64.52,       23.53,        0.00,        0.00,        0.00,        0.00,        1.00,        4.25,        0.00,        0.00,        1.00,        1.00,        0.00
     4465.00,       64.52,       24.98,        0.00,        0.00,        0.00,        0.00,        1.00,        4.25,        0.00,        0.00,        1.00,        1.00,        0.00
     4466.00,       64.52,       21.36,        0.00,        0.00,        0.00,        0.00,        1.00,        4.25,        0.00,        0.00,        1.00,        1.00,        0.00
     4467.00,       64.52,       21.16,        0.00,        0.00,        0.00,        0.00,        1.00,        4.25,        0.00,        0.00,        1.00,        1.00,        0.00
     4468.00,       64.52,       21.92,        0.00,        0.00,        0.00,        0.00,        1.00,        4.25,        0.00,        0.00,        1.00,        1.00,        0.00
     4469.00,       64.52,       26.38,        0.00,        0.00,        0.00,        0.00,        1.00,        4.25,        0.00,        0.00,        1.00,        1.00,        0.00
     4470.00,       64.52,       31.15,        0.00,        0.00,        0.00,        0.00,        1.00,        4.25,        0.00,        0.00,        1.00,        1.00,        0.00
     4471.00,       64.52,       31.53,        0.00,        0.00,        0.00,        0.00,        1.00,        4.25,        0.00,        0.00,        1.00,        1.00,        0.00
     4472.00,       64.52,       33.17,        0.00,        0.00,        0.00,        0.00,        1.00,        4.25,        0.00,        0.00,        1.00,        1.00,        0.00
     4473.00,       64.52,       32.88,        0.00,        0.00,        0.00,        0.00,        1.00,        4.25,        0.00,        0.00,        1.00,        1.00,        0.00
     4474.00,       64.52,       34.59,        0.00,        0.00,        0.00,        0.00,        1.00,        4.25,        0.00,        0.00,        1.00,        1.00,        0.00
     4475.00,       64.52,       36.48,        0.00,        0.00,        0.00,        0.00,        1.00,        4.25,        0.00,        0.00,        1.00,        1.00,        0.00
     4476.00,       64.52,       38.13,        0.00,        0.00,        0.00,        0.00,        1.00,        4.25,        0.00,        0.00,        1.00,        1.00,        0.00
     4477.00,       64.52,       37.87,        0.00,        0.00,        0.00,        0.00,        1.00,        4.25,        0.00,        0.00,        1.00,        1.00,        0.00
     4478.00,       64.52,       39.50,        0.00,        0.00,        0.00,        0.00,        1.00,        4.25,        0.00,        0.00,        1.00,        1.00,        0.00
     4479.00,       64.52,       38.04,        0.00,        0.00,        0.00,        0.00,        1.00,        4.25,        0.00,        0.00,        1.00,        1.00,        0.00
     4480.00,       64.52,       26.66,        0.00,        0.00,        0.00,        0.00,        1.00,        4.25,        0.00,        0.00,        1.00,        1.00,        0.00
     4481.00,       64.52,       24.10,        0.00,        0.00,        0.00,        0.00,        1.00,        4.25,        0.00,        0.00,        1.00,        1.00,        0.00
     4482.00,       64.52,       30.23,        0.00,        0.00,        0.00,        0.00,        1.00,        4.25,        0.00,        0.00,        1.00,        1.00,        0.00
     4483.00,       64.52,       31.34,        0.00,        0.00,        0.00,        0.00,        1.00,        4.25,        0.00,        0.00,        1.00,        1.00,        0.00
     4484.00,       64.52,       28.66,        0.00,        0.00,        0.00,        0.00,        1.00,        4.25,        0.00,        0.00,        1.00,        1.00,        0.00
     4485.00,       64.52,       30.96,        0.00,        0.00,        0.00,        0.00,        1.00,        4.25,        0.00,        0.00,        1.00,        1.00,        0.00
     4486.00,       64.52,       30.34,        0.00,        0.00,        0.00,        0.00,        1.00,        4.25,        0.00,        0.00,        1.00,        1.00,        0.00
     4487.00,       64.52,       28.47,        0.00,        0.00,        0.00,        0.00,        1.00,        4.25,        0.00,        0.00,        1.00,        1.00,        0.00
     4488.00,       64.52,       22.64,        0.00,        0.00,        0.00,        0.00,        1.00,        4.25,        0.00,        0.00,        1.00,        1.00,        0.00
     4489.00,       64.52,       25.47,        0.00,        0.00,        0.00,        0.00,        1.00,        4.25,        0.00,        0.00,        1.00,        1.00,        0.00
     4490.00,       64.52,       24.54,        0.00,        0.00,        0.00,        0.00,        1.00,        4.25,        0.00,        0.00,        1.00,        1.00,        0.00
     4491.00,       64.52,       25.68,        0.00,        0.00,        0.00,        0.00,        1.00,        4.25,        0.00,        0.00,        1.00,        1.00,        0.00
     4492.00,       64.52,       25.35,        0.00,        0.00,        0.00,        0.00,        1.00,        4.25,        0.00,        0.00,        1.00,        1.00,        0.00
     4493.00,       64.52,       24.70,        0.00,        0.00,        0.00,        0.00,        1.00,        4.25,        0.00,        0.00,        1.00,        1.00,        0.00
     4494.00,       64.52,       29.33,        0.00,        0.00,        0.00,        0.00,        1.00,        4.25,        0.00,        0.00,        1.00,        1.00,        0.00
     4495.00,       64.52,       28.89,        0.00,        0.00,        0.00,        0.00,        1.00,        4.25,        0.00,        0.00,        1.00,        1.00,        0.00
     4496.00,       64.52,       30.26,        0.00,        0.00,        0.00,        0.00,        1.00,        4.25,        0.00,        0.00,        1.00,        1.00,        0.00
     4497.00,       64.52,       30.50,        0.00,        0.00,        0.00,        0.00,        1.00,        4.25,        0.00,        0.00,        1.00,        1.00,        0.00
     4498.00,       64.52,       31.45,        0.00,        0.00,        0.00,        0.00,        1.00,        4.25,        0.00,        0.00,        1.00,        1.00,        0.00
     4499.00,       64.52,       32.64,        0.00,        0.00,        0.00,        0.00,        1.00,        4.25,        0.00,        0.00,        1.00,        1.00,        0.00
     4500.00,       64.52,       33.40,        0.00,        0.00,        0.00,        0.00,        1.00,        4.25,        0.00,        0.00,        1.00,        1.00,        0.00
     4501.00,       64.52,       33.45,        0.00,        0.00,        0.00,        0.00,        1.00,        4.25,        0.00,        0.00,        1.00,        1.00,        0.00
     4502.00,       64.52,       32.13,        0.00,        0.00,        0.00,        0.00,        1.00,        4.25,        0.00,        0.00,        1.00,        1.00,        0.00
     4503.00,       64.52,       33.57,        0.00,        0.00,        0.00,        0.00,        1.00,        4.25,        0.00,        0.00,        1.00,        1.00,        0.00
     4504.00,       64.52,       33.80,        0.00,        0.00,        0.00,        0.00,        1.00,        4.25,        0.00,        0.00,        1.00,        1.00,        0.00
     4505.00,       64.52,       31.00,        0.00,        0.00,        0.00,        0.00,        1.00,        4.25,        0.00,        0.00,        1.00,        1.00,        0.00
     4506.00,       64.52,       34.53,        0.00,        0.00,        0.00,        0.00,        1.00,        4.25,        0.00,        0.00,        1.00,        1.00,        0.00
     4507.00,       64.52,       34.89,        0.00,        0.00,        0.00,        0.00,        1.00,        4.25,        0.00,        0.00,        1.00,        1.00,        0.00
     4508.00,       64.52,       31.28,        0.00,        0.00,        0.00,        0.00,        1.00,        4.25,        0.00,        0.00,        1.00,        1.00,        0.00
     4509.00,       64.52,       30.67,        0.00,        0.00,        0.00,        0.00,        1.00,        4.25,        0.00,        0.00,        1.00,        1.00,        0.00
     4510.00,       64.52,       27.63,        0.00,        0.00,        0.00,        0.00,        1.00,        4.25,        0.00,        0.00,        1.00,        1.00,        0.00
     4511.00,       64.52,       26.04,        0.00,        0.00,        0.00,        0.00,        1.00,        4.25,        0.00,        0.00,        1.00,        1.00,        0.00
     4512.00,       64.52,       21.44,        0.00,        0.00,        0.00,        0.00,        1.00,        4.25,        0.00,        0.00,        1.00,        1.00,        0.00
     4513.00,       64.52,       24.47,        0.00,        0.00,        0.00,        0.00,        1.00,        4.25,        0.00,        0.00,        1.00,        1.00,        0.00
     4514.00,       64.52,       23.11,        0.00,        0.00,        0.00,        0.00,        1.00,        4.25,        0.00,        0.00,        1.00,        1.00,        0.00
     4515.00,       64.52,       22.14,        0.00,        0.00,        0.00,        0.00,        1.00,        4.25,        0.00,        0.00,        1.00,        1.00,        0.00
     4516.00,       64.52,       23.89,        0.00,        0.00,        0.00,        0.00,        1.00,        4.25,        0.00,        0.00,        1.00,        1.00,        0.00
     4517.00,       64.52,       23.73,        0.00,        0.00,        0.00,        0.00,        1.00,        4.25,        0.00,        0.00,        1.00,        1.00,        0.00
     4518.00,       64.52,       28.11,        0.00,        0.00,        0.00,        0.00,        1.00,        4.25,        0.00,        0.00,        1.00,        1.00,        0.00
     4519.00,       64.52,       28.93,        0.00,        0.00,        0.00,        0.00,        1.00,        4.25,        0.00,        0.00,        1.00,        1.00,        0.00
     4520.00,       64.52,       30.88,        0.00,        0.00,        0.00,        0.00,        1.00,        4.25,        0.00,        0.00,        1.00,        1.00,        0.00
     4521.00,       64.52,       30.45,        0.00,        0.00,        0.00,        0.00,        1.00,        4.25,        0.00,        0.00,        1.00,        1.00,        0.00
     4522.00,       64.52,       30.56,        0.00,        0.00,        0.00,        0.00,        1.00,        4.25,        0.00,        0.00,        1.00,        1.00,        0.00
     4523.00,       64.52,       31.00,        0.00,        0.00,        0.00,        0.00,        1.00,        4.25,        0.00,        0.00,        1.00,        1.00,        0.00
     4524.00,       64.52,       31.10,        0.00,        0.00,        0.00,        0.00,        1.00,        4.25,        0.00,        0.00,        1.00,        1.00,        0.00
     4525.00,       64.52,       31.20,        0.00,        0.00,        0.00,        0.00,        1.00,        4.25,        0.00,        0.00,        1.00,        1.00,        0.00
     4526.00,       64.52,       29.64,        0.00,        0.00,        0.00,        0.00,        1.00,        4.25,        0.00,        0.00,        1.00,        1.00,        0.00
     4527.00,       64.52,       30.45,        0.00,        0.00,        0.00,        0.00,        1.00,        4.25,        0.00,        0.00,        1.00,        1.00,        0.00
     4528.00,       64.52,       34.69,        0.00,        0.00,        0.00,        0.00,        1.00,        4.25,        0.00,        0.00,        1.00,        1.00,        0.00
     4529.00,       64.52,       35.35,        0.00,        0.00,        0.00,        0.00,        1.00,        4.25,        0.00,        0.00,        1.00,        1.00,        0.00
     4530.00,       64.52,       36.50,        0.00,        0.00,        0.00,        0.00,        1.00,        4.25,        0.00,        0.00,        1.00,        1.00,        0.00
     4531.00,       64.52,       36.87,        0.00,        0.00,        0.00,        0.00,        1.00,        4.25,        0.00,        0.00,        1.00,        1.00,        0.00
     4532.00,       64.52,       36.33,        0.00,        0.00,        0.00,        0.00,        1.00,        4.25,        0.00,        0.00,        1.00,        1.00,        0.00
     4533.00,       64.52,       23.94,        0.00,        0.00,        0.00,        0.00,        1.00,        4.25,        0.00,        0.00,        1.00,        1.00,        0.00
     4534.00,       64.52,       25.79,        0.00,        0.00,        0.00,        0.00,        1.00,        4.25,        0.00,        0.00,        1.00,        1.00,        0.00
     4535.00,       64.52,       24.64,        0.00,        0.00,        0.00,        0.00,        1.00,        4.25,        0.00,        0.00,        1.00,        1.00,        0.00
     4536.00,       64.52,       22.74,        0.00,        0.00,        0.00,        0.00,        1.00,        4.25,        0.00,        0.00,        1.00,        1.00,        0.00
     4537.00,       64.52,       24.58,        0.00,        0.00,        0.00,        0.00,        1.00,        4.25,        0.00,        0.00,        1.00,        1.00,        0.00
     4538.00,       64.52,       23.26,        0.00,        0.00,        0.00,        0.00,        1.00,        4.25,        0.00,        0.00,        1.00,        1.00,        0.00
     4539.00,       64.52,       23.38,        0.00,        0.00,        0.00,        0.00,        1.00,        4.25,        0.00,        0.00,        1.00,        1.00,        0.00
     4540.00,       64.52,       23.70,        0.00,        0.00,        0.00,        0.00,        1.00,        4.25,        0.00,        0.00,        1.00,        1.00,        0.00
     4541.00,       64.52,       24.43,        0.00,        0.00,        0.00,        0.00,        1.00,        4.25,        0.00,        0.00,        1.00,        1.00,        0.00
     4542.00,       64.52,       30.46,        0.00,        0.00,        0.00,        0.00,        1.00,        4.25,        0.00,        0.00,        1.00,        1.00,        0.00
     4543.00,       64.52,       31.66,        0.00,        0.00,        0.00,        0.00,        1.00,        4.25,        0.00,        0.00,        1.00,        1.00,        0.00
     4544.00,       64.52,       31.82,        0.00,        0.00,        0.00,        0.00,        1.00,        4.25,        0.00,        0.00,        1.00,        1.00,        0.00
     4545.00,       64.52,       30.44,        0.00,        0.00,        0.00,        0.00,        1.00,        4.25,        0.00,        0.00,        1.00,        1.00,        0.00
     4546.00,       64.52,       32.09,        0.00,        0.00,        0.00,        0.00,        1.00,        4.25,        0.00,        0.00,        1.00,        1.00,        0.00
     4547.00,       64.52,       31.83,        0.00,        0.00,        0.00,        0.00,        1.00,        4.25,        0.00,        0.00,        1.00,        1.00,        0.00
     4548.00,       64.52,       32.21,        0.00,        0.00,        0.00,        0.00,        1.00,        4.25,        0.00,        0.00,        1.00,        1.00,        0.00
     4549.00,       64.52,       30.13,        0.00,        0.00,        0.00,        0.00,        1.00,        4.25,        0.00,        0.00,        1.00,        1.00,        0.00
     4550.00,       64.52,       30.10,        0.00,        0.00,        0.00,        0.00,        1.00,        4.25,        0.00,        0.00,        1.00,        1.00,        0.00
     4551.00,       64.52,       27.82,        0.00,        0.00,        0.00,        0.00,        1.00,        4.25,        0.00,        0.00,        1.00,        1.00,        0.00
     4552.00,       64.52,       31.17,        0.00,        0.00,        0.00,        0.00,        1.00,        4.25,        0.00,        0.00,        1.00,        1.00,        0.00
     4553.00,       64.52,       31.74,        0.00,        0.00,        0.00,        0.00,        1.00,        4.25,        0.00,        0.00,        1.00,        1.00,        0.00
     4554.00,       64.52,       33.98,        0.00,        0.00,        0.00,        0.00,        1.00,        4.25,        0.00,        0.00,        1.00,        1.00,        0.00
     4555.00,       64.52,       33.04,        0.00,        0.00,        0.00,        0.00,        1.00,        4.25,        0.00,        0.00,        1.00,        1.00,        0.00
     4556.00,       64.52,       31.93,        0.00,        0.00,        0.00,        0.00,        1.00,        4.25,        0.00,        0.00,        1.00,        1.00,        0.00
     4557.00,       64.52,       29.85,        0.00,        0.00,        0.00,        0.00,        1.00,        4.25,        0.00,        0.00,        1.00,        1.00,        0.00
     4558.00,       64.52,       26.28,        0.00,        0.00,        0.00,        0.00,        1.00,        4.25,        0.00,        0.00,        1.00,        1.00,        0.00
     4559.00,       64.52,       26.10,        0.00,        0.00,        0.00,        0.00,        1.00,        4.25,        0.00,        0.00,        1.00,        1.00,        0.00
     4560.00,       64.52,       25.00,        0.00,        0.00,        0.00,        0.00,        1.00,        4.25,        0.00,        0.00,        1.00,        1.00,        0.00
     4561.00,       64.52,       25.59,        0.00,        0.00,        0.00,        0.00,        1.00,        4.25,        0.00,        0.00,        1.00,        1.00,        0.00
     4562.00,       64.52,       23.77,        0.00,        0.00,        0.00,        0.00,        1.00,        4.25,        0.00,        0.00,        1.00,        1.00,        0.00
     4563.00,       64.52,       24.79,        0.00,        0.00,        0.00,        0.00,        1.00,        4.25,        0.00,        0.00,        1.00,        1.00,        0.00
     4564.00,       64.52,       25.49,        0.00,        0.00,        0.00,        0.00,        1.00,        4.25,        0.00,        0.00,        1.00,        1.00,        0.00
     4565.00,       64.52,       27.92,        0.00,        0.00,        0.00,        0.00,        1.00,        4.25,        0.00,        0.00,        1.00,        1.00,        0.00
     4566.00,       64.52,       28.69,        0.00,        0.00,        0.00,        0.00,        1.00,        4.25,        0.00,        0.00,        1.00,        1.00,        0.00
     4567.00,       64.52,       29.80,        0.00,        0.00,        0.00,        0.00,        1.00,        4.25,        0.00,        0.00,        1.00,        1.00,        0.00
     4568.00,       64.52,       31.00,        0.00,        0.00,        0.00,        0.00,        1.00,        4.25,        0.00,        0.00,        1.00,        1.00,        0.00
     4569.00,       64.52,       31.16,        0.00,        0.00,        0.00,        0.00,        1.00,        4.25,        0.00,        0.00,        1.00,        1.00,        0.00
     4570.00,       64.52,       33.19,        0.00,        0.00,        0.00,        0.00,        1.00,        4.25,        0.00,        0.00,        1.00,        1.00,        0.00
     4571.00,       64.52,       33.20,        0.00,        0.00,        0.00,        0.00,        1.00,        4.25,        0.00,        0.00,        1.00,        1.00,        0.00
     4572.00,       64.52,       30.41,        0.00,        0.00,        0.00,        0.00,        1.00,        4.25,        0.00,        0.00,        1.00,        1.00,        0.00
     4573.00,       64.52,       29.83,        0.00,        0.00,        0.00,        0.00,        1.00,        4.25,        0.00,        0.00,        1.00,        1.00,        0.00
     4574.00,       64.52,       29.00,        0.00,        0.00,        0.00,        0.00,        1.00,        4.25,        0.00,        0.00,        1.00,        1.00,        0.00
     4575.00,       64.52,       28.95,        0.00,        0.00,        0.00,        0.00,        1.00,        4.25,        0.00,        0.00,        1.00,        1.00,        0.00
     4576.00,       64.52,       27.32,        0.00,        0.00,        0.00,        0.00,        1.00,        4.25,        0.00,        0.00,        1.00,        1.00,        0.00
     4577.00,       64.52,       30.15,        0.00,        0.00,        0.00,        0.00,        1.00,        4.25,        0.00,        0.00,        1.00,        1.00,        0.00
     4578.00,       64.52,       30.54,        0.00,        0.00,        0.00,        0.00,        1.00,        4.25,        0.00,        0.00,        1.00,        1.00,        0.00
     4579.00,       64.52,       29.10,        0.00,        0.00,        0.00,        0.00,        1.00,        4.25,        0.00,        0.00,        1.00,        1.00,        0.00
     4580.00,       64.52,       27.90,        0.00,        0.00,        0.00,        0.00,        1.00,        4.25,        0.00,        0.00,        1.00,        1.00,        0.00
     4581.00,       64.52,       26.99,        0.00,        0.00,        0.00,        0.00,        1.00,        4.25,        0.00,        0.00,        1.00,        1.00,        0.00
     4582.00,       64.52,       25.75,        0.00,        0.00,        0.00,        0.00,        1.00,        4.25,        0.00,        0.00,        1.00,        1.00,        0.00
     4583.00,       64.52,       26.45,        0.00,        0.00,        0.00,        0.00,        1.00,        4.25,        0.00,        0.00,        1.00,        1.00,        0.00
     4584.00,       64.52,       24.45,        0.00,        0.00,        0.00,        0.00,        1.00,        4.25,        0.00,        0.00,        1.00,        1.00,        0.00
     4585.00,       64.52,       25.48,        0.00,        0.00,        0.00,        0.00,        1.00,        4.25,        0.00,        0.00,        1.00,        1.00,        0.00
     4586.00,       64.52,       23.73,        0.00,        0.00,        0.00,        0.00,        1.00,        4.25,        0.00,        0.00,        1.00,        1.00,        0.00
     4587.00,       64.52,       26.98,        0.00,        0.00,        0.00,        0.00,        1.00,        4.25,        0.00,        0.00,        1.00,        1.00,        0.00
     4588.00,       64.52,       25.19,        0.00,        0.00,        0.00,        0.00,        1.00,        4.25,        0.00,        0.00,        1.00,        1.00,        0.00
     4589.00,       64.52,       25.18,        0.00,        0.00,        0.00,        0.00,        1.00,        4.25,        0.00,        0.00,        1.00,        1.00,        0.00
     4590.00,       64.52,       24.15,        0.00,        0.00,        0.00,        0.00,        1.00,        4.25,        0.00,        0.00,        1.00,        1.00,        0.00
     4591.00,       64.52,       24.16,        0.00,        0.00,        0.00,        0.00,        1.00,        4.25,        0.00,        0.00,        1.00,        1.00,        0.00
     4592.00,       64.52,       25.67,        0.00,        0.00,        0.00,        0.00,        1.00,        4.25,        0.00,        0.00,        1.00,        1.00,        0.00
     4593.00,       64.52,       27.59,        0.00,        0.00,        0.00,        0.00,        1.00,        4.25,        0.00,        0.00,        1.00,        1.00,        0.00
     4594.00,       64.52,       28.77,        0.00,        0.00,        0.00,        0.00,        1.00,        4.25,        0.00,        0.00,        1.00,        1.00,        0.00
     4595.00,       64.52,       29.30,        0.00,        0.00,        0.00,        0.00,        1.00,        4.25,        0.00,        0.00,        1.00,        1.00,        0.00
     4596.00,       64.52,       30.33,        0.00,        0.00,        0.00,        0.00,        1.00,        4.25,        0.00,        0.00,        1.00,        1.00,        0.00
     4597.00,       64.52,       29.66,        0.00,        0.00,        0.00,        0.00,        1.00,        4.25,        0.00,        0.00,        1.00,        1.00,        0.00
     4598.00,       64.52,       28.33,        0.00,        0.00,        0.00,        0.00,        1.00,        4.25,        0.00,        0.00,        1.00,        1.00,        0.00
     4599.00,       64.52,       25.17,        0.00,        0.00,        0.00,        0.00,        1.00,        4.25,        0.00,        0.00,        1.00,        1.00,        0.00
     4600.00,       64.52,       26.33,        0.00,        0.00,        0.00,        0.00,        1.00,        4.25,        0.00,        0.00,        1.00,        1.00,        0.00
     4601.00,       64.52,       27.53,        0.00,        0.00,        0.00,        0.00,        1.00,        4.25,        0.00,        0.00,        1.00,        1.00,        0.00
     4602.00,       64.52,       29.79,        0.00,        0.00,        0.00,        0.00,        1.00,        4.25,        0.00,        0.00,        1.00,        1.00,        0.00
     4603.00,       64.52,       30.50,        0.00,        0.00,        0.00,        0.00,        1.00,        4.25,        0.00,        0.00,        1.00,        1.00,        0.00
     4604.00,       64.52,       28.34,        0.00,        0.00,        0.00,        0.00,        1.00,        4.25,        0.00,        0.00,        1.00,        1.00,        0.00
     4605.00,       64.52,       27.63,        0.00,        0.00,        0.00,        0.00,        1.00,        4.25,        0.00,        0.00,        1.00,        1.00,        0.00
     4606.00,       64.52,       24.91,        0.00,        0.00,        0.00,        0.00,        1.00,        4.25,        0.00,        0.00,        1.00,        1.00,        0.00
     4607.00,       64.52,       25.80,        0.00,        0.00,        0.00,        0.00,        1.00,        4.25,        0.00,        0.00,        1.00,        1.00,        0.00
     4608.00,       64.52,       26.97,        0.00,        0.00,        0.00,        0.00,        1.00,        4.25,        0.00,        0.00,        1.00,        1.00,        0.00
     4609.00,       64.52,       28.63,        0.00,        0.00,        0.00,        0.00,        1.00,        4.25,        0.00,        0.00,        1.00,        1.00,        0.00
     4610.00,       64.52,       27.12,        0.00,        0.00,        0.00,        0.00,        1.00,        4.25,        0.00,        0.00,        1.00,        1.00,        0.00
     4611.00,       64.52,       26.70,        0.00,        0.00,        0.00,        0.00,        1.00,        4.25,        0.00,        0.00,        1.00,        1.00,        0.00
     4612.00,       64.52,       27.69,        0.00,        0.00,        0.00,        0.00,        1.00,        4.25,        0.00,        0.00,        1.00,        1.00,        0.00
     4613.00,       64.52,       25.91,        0.00,        0.00,        0.00,        0.00,        1.00,        4.25,        0.00,        0.00,        1.00,        1.00,        0.00
     4614.00,       64.52,       23.93,        0.00,        0.00,        0.00,        0.00,        1.00,        4.25,        0.00,        0.00,        1.00,        1.00,        0.00
     4615.00,       64.52,       22.14,        0.00,        0.00,        0.00,        0.00,        1.00,        4.25,        0.00,        0.00,        1.00,        1.00,        0.00
     4616.00,       64.52,       22.48,        0.00,        0.00,        0.00,        0.00,        1.00,        4.25,        0.00,        0.00,        1.00,        1.00,        0.00
     4617.00,       64.52,       25.63,        0.00,        0.00,        0.00,        0.00,        1.00,        4.25,        0.00,        0.00,        1.00,        1.00,        0.00
     4618.00,       64.52,       27.70,        0.00,        0.00,        0.00,        0.00,        1.00,        4.25,        0.00,        0.00,        1.00,        1.00,        0.00
     4619.00,       64.52,       28.82,        0.00,        0.00,        0.00,        0.00,        1.00,        4.25,        0.00,        0.00,        1.00,        1.00,        0.00
     4620.00,       64.52,       29.47,        0.00,        0.00,        0.00,        0.00,        1.00,        4.25,        0.00,        0.00,        1.00,        1.00,        0.00
     4621.00,       64.52,       27.60,        0.00,        0.00,        0.00,        0.00,        1.00,        4.25,        0.00,        0.00,        1.00,        1.00,        0.00
     4622.00,       64.52,       30.74,        0.00,        0.00,        0.00,        0.00,        1.00,        4.25,        0.00,        0.00,        1.00,        1.00,        0.00
     4623.00,       64.52,       27.59,        0.00,        0.00,        0.00,        0.00,        1.00,        4.25,        0.00,        0.00,        1.00,        1.00,        0.00
     4624.00,       64.52,       26.94,        0.00,        0.00,        0.00,        0.00,        1.00,        4.25,        0.00,        0.00,        1.00,        1.00,        0.00
     4625.00,       64.52,       30.12,        0.00,        0.00,        0.00,        0.00,        1.00,        4.25,        0.00,        0.00,        1.00,        1.00,        0.00
     4626.00,       64.52,       29.46,        0.00,        0.00,        0.00,        0.00,        1.00,        4.25,        0.00,        0.00,        1.00,        1.00,        0.00
     4627.00,       64.52,       31.65,        0.00,        0.00,        0.00,        0.00,        1.00,        4.25,        0.00,        0.00,        1.00,        1.00,        0.00
     4628.00,       64.52,       35.63,        0.00,        0.00,        0.00,        0.00,        1.00,        4.25,        0.00,        0.00,        1.00,        1.00,        0.00
     4629.00,       64.52,       31.57,        0.00,        0.00,        0.00,        0.00,        1.00,        4.25,        0.00,        0.00,        1.00,        1.00,        0.00
     4630.00,       64.52,       28.52,        0.00,        0.00,        0.00,        0.00,        1.00,        4.25,        0.00,        0.00,        1.00,        1.00,        0.00
     4631.00,       64.52,       28.22,        0.00,        0.00,        0.00,        0.00,        1.00,        4.25,        0.00,        0.00,        1.00,        1.00,        0.00
     4632.00,       64.52,       24.74,        0.00,        0.00,        0.00,        0.00,        1.00,        4.25,        0.00,        0.00,        1.00,        1.00,        0.00
     4633.00,       64.52,       24.56,        0.00,        0.00,        0.00,        0.00,        1.00,        4.25,        0.00,        0.00,        1.00,        1.00,        0.00
     4634.00,       64.52,       23.98,        0.00,        0.00,        0.00,        0.00,        1.00,        4.25,        0.00,        0.00,        1.00,        1.00,        0.00
     4635.00,       64.52,       24.43,        0.00,        0.00,        0.00,        0.00,        1.00,        4.25,        0.00,        0.00,        1.00,        1.00,        0.00
     4636.00,       64.52,       25.39,        0.00,        0.00,        0.00,        0.00,        1.00,        4.25,        0.00,        0.00,        1.00,        1.00,        0.00
     4637.00,       64.52,       26.13,        0.00,        0.00,        0.00,        0.00,        1.00,        4.25,        0.00,        0.00,        1.00,        1.00,        0.00
     4638.00,       64.52,       30.16,        0.00,        0.00,        0.00,        0.00,        1.00,        4.25,        0.00,        0.00,        1.00,        1.00,        0.00
     4639.00,       64.52,       30.81,        0.00,        0.00,        0.00,        0.00,        1.00,        4.25,        0.00,        0.00,        1.00,        1.00,        0.00
     4640.00,       64.52,       31.12,        0.00,        0.00,        0.00,        0.00,        1.00,        4.25,        0.00,        0.00,        1.00,        1.00,        0.00
     4641.00,       64.52,       31.69,        0.00,        0.00,        0.00,        0.00,        1.00,        4.25,        0.00,        0.00,        1.00,        1.00,        0.00
     4642.00,       64.52,       31.74,        0.00,        0.00,        0.00,        0.00,        1.00,        4.25,        0.00,        0.00,        1.00,        1.00,        0.00
     4643.00,       64.52,       32.65,        0.00,        0.00,        0.00,        0.00,        1.00,        4.25,        0.00,        0.00,        1.00,        1.00,        0.00
     4644.00,       64.52,       32.25,        0.00,        0.00,        0.00,        0.00,        1.00,        4.25,        0.00,        0.00,        1.00,        1.00,        0.00
     4645.00,       64.52,       33.04,        0.00,        0.00,        0.00,        0.00,        1.00,        4.25,        0.00,        0.00,        1.00,        1.00,        0.00
     4646.00,       64.52,       33.73,        0.00,        0.00,        0.00,        0.00,        1.00,        4.25,        0.00,        0.00,        1.00,        1.00,        0.00
     4647.00,       64.52,       35.63,        0.00,        0.00,        0.00,        0.00,        1.00,        4.25,        0.00,        0.00,        1.00,        1.00,        0.00
     4648.00,       64.52,       31.12,        0.00,        0.00,        0.00,        0.00,        1.00,        4.25,        0.00,        0.00,        1.00,        1.00,        0.00
     4649.00,       64.52,       26.27,        0.00,        0.00,        0.00,        0.00,        1.00,        4.25,        0.00,        0.00,        1.00,        1.00,        0.00
     4650.00,       64.52,       27.90,        0.00,        0.00,        0.00,        0.00,        1.00,        4.25,        0.00,        0.00,        1.00,        1.00,        0.00
     4651.00,       64.52,       28.74,        0.00,        0.00,        0.00,        0.00,        1.00,        4.25,        0.00,        0.00,        1.00,        1.00,        0.00
     4652.00,       64.52,       31.68,        0.00,        0.00,        0.00,        0.00,        1.00,        4.25,        0.00,        0.00,        1.00,        1.00,        0.00
     4653.00,       64.52,       28.26,        0.00,        0.00,        0.00,        0.00,        1.00,        4.25,        0.00,        0.00,        1.00,        1.00,        0.00
     4654.00,       64.52,       27.87,        0.00,        0.00,        0.00,        0.00,        1.00,        4.25,        0.00,        0.00,        1.00,        1.00,        0.00
     4655.00,       64.52,       28.63,        0.00,        0.00,        0.00,        0.00,        1.00,        4.25,        0.00,        0.00,        1.00,        1.00,        0.00
     4656.00,       64.52,       27.41,        0.00,        0.00,        0.00,        0.00,        1.00,        4.25,        0.00,        0.00,        1.00,        1.00,        0.00
     4657.00,       64.52,       27.86,        0.00,        0.00,        0.00,        0.00,        1.00,        4.25,        0.00,        0.00,        1.00,        1.00,        0.00
     4658.00,       64.52,       26.91,        0.00,        0.00,        0.00,        0.00,        1.00,        4.25,        0.00,        0.00,        1.00,        1.00,        0.00
     4659.00,       64.52,       26.99,        0.00,        0.00,        0.00,        0.00,        1.00,        4.25,        0.00,        0.00,        1.00,        1.00,        0.00
     4660.00,       64.52,       27.68,        0.00,        0.00,        0.00,        0.00,        1.00,        4.25,        0.00,        0.00,        1.00,        1.00,        0.00
     4661.00,       64.52,       29.26,        0.00,        0.00,        0.00,        0.00,        1.00,        4.25,        0.00,        0.00,        1.00,        1.00,        0.00
     4662.00,       64.52,       31.57,        0.00,        0.00,        0.00,        0.00,        1.00,        4.25,        0.00,        0.00,        1.00,        1.00,        0.00
     4663.00,       64.52,       32.18,        0.00,        0.00,        0.00,        0.00,        1.00,        4.25,        0.00,        0.00,        1.00,        1.00,        0.00
     4664.00,       64.52,       33.41,        0.00,        0.00,        0.00,        0.00,        1.00,        4.25,        0.00,        0.00,        1.00,        1.00,        0.00
     4665.00,       64.52,       33.12,        0.00,        0.00,        0.00,        0.00,        1.00,        4.25,        0.00,        0.00,        1.00,        1.00,        0.00
     4666.00,       64.52,       34.10,        0.00,        0.00,        0.00,        0.00,        1.00,        4.25,        0.00,        0.00,        1.00,        1.00,        0.00
     4667.00,       64.52,       34.39,        0.00,        0.00,        0.00,        0.00,        1.00,        4.25,        0.00,        0.00,        1.00,        1.00,        0.00
     4668.00,       64.52,       34.33,        0.00,        0.00,        0.00,        0.00,        1.00,        4.25,        0.00,        0.00,        1.00,        1.00,        0.00
     4669.00,       64.52,       37.28,        0.00,        0.00,        0.00,        0.00,        1.00,        4.25,        0.00,        0.00,        1.00,        1.00,        0.00
     4670.00,       64.52,       39.47,        0.00,        0.00,        0.00,        0.00,        1.00,        4.25,        0.00,        0.00,        1.00,        1.00,        0.00
     4671.00,       64.52,       41.15,        0.00,        0.00,        0.00,        0.00,        1.00,        4.25,        0.00,        0.00,        1.00,        1.00,        0.00
     4672.00,       64.52,       41.72,        0.00,        0.00,        0.00,        0.00,        1.00,        4.25,        0.00,        0.00,        1.00,        1.00,        0.00
     4673.00,       64.52,       38.16,        0.00,        0.00,        0.00,        0.00,        1.00,        4.25,        0.00,        0.00,        1.00,        1.00,        0.00
     4674.00,       64.52,       37.07,        0.00,        0.00,        0.00,        0.00,        1.00,        4.25,        0.00,        0.00,        1.00,        1.00,        0.00
     4675.00,       64.52,       38.11,        0.00,        0.00,        0.00,        0.00,        1.00,        4.25,        0.00,        0.00,        1.00,        1.00,        0.00
     4676.00,       64.52,       35.09,        0.00,        0.00,        0.00,        0.00,        1.00,        4.25,        0.00,        0.00,        1.00,        1.00,        0.00
     4677.00,       64.52,       31.51,        0.00,        0.00,        0.00,        0.00,        1.00,        4.25,        0.00,        0.00,        1.00,        1.00,        0.00
     4678.00,       64.52,       29.43,        0.00,        0.00,        0.00,        0.00,        1.00,        4.25,        0.00,        0.00,        1.00,        1.00,        0.00
     4679.00,       64.52,       29.82,        0.00,        0.00,        0.00,        0.00,        1.00,        4.25,        0.00,        0.00,        1.00,        1.00,        0.00
     4680.00,       64.52,       24.20,        0.00,        0.00,        0.00,        0.00,        1.00,        4.25,        0.00,        0.00,        1.00,        1.00,        0.00
     4681.00,       64.52,       27.96,        0.00,        0.00,        0.00,        0.00,        1.00,        4.25,        0.00,        0.00,        1.00,        1.00,        0.00
     4682.00,       64.52,       27.32,        0.00,        0.00,        0.00,        0.00,        1.00,        4.25,        0.00,        0.00,        1.00,        1.00,        0.00
     4683.00,       64.52,       25.83,        0.00,        0.00,        0.00,        0.00,        1.00,        4.25,        0.00,        0.00,        1.00,        1.00,        0.00
     4684.00,       64.52,       26.74,        0.00,        0.00,        0.00,        0.00,        1.00,        4.25,        0.00,        0.00,        1.00,        1.00,        0.00
     4685.00,       64.52,       31.02,        0.00,        0.00,        0.00,        0.00,        1.00,        4.25,        0.00,        0.00,        1.00,        1.00,        0.00
     4686.00,       64.52,       31.78,        0.00,        0.00,        0.00,        0.00,        1.00,        4.25,        0.00,        0.00,        1.00,        1.00,        0.00
     4687.00,       64.52,       33.49,        0.00,        0.00,        0.00,        0.00,        1.00,        4.25,        0.00,        0.00,        1.00,        1.00,        0.00
     4688.00,       64.52,       34.78,        0.00,        0.00,        0.00,        0.00,        1.00,        4.25,        0.00,        0.00,        1.00,        1.00,        0.00
     4689.00,       64.52,       35.61,        0.00,        0.00,        0.00,        0.00,        1.00,        4.25,        0.00,        0.00,        1.00,        1.00,        0.00
     4690.00,       64.52,       35.59,        0.00,        0.00,        0.00,        0.00,        1.00,        4.25,        0.00,        0.00,        1.00,        1.00,        0.00
     4691.00,       64.52,       36.89,        0.00,        0.00,        0.00,        0.00,        1.00,        4.25,        0.00,        0.00,        1.00,        1.00,        0.00
     4692.00,       64.52,       37.54,        0.00,        0.00,        0.00,        0.00,        1.00,        4.25,        0.00,        0.00,        1.00,        1.00,        0.00
     4693.00,       64.52,       41.44,        0.00,        0.00,        0.00,        0.00,        1.00,        4.25,        0.00,        0.00,        1.00,        1.00,        0.00
     4694.00,       64.52,       43.28,        0.00,        0.00,        0.00,        0.00,        1.00,        4.25,        0.00,        0.00,        1.00,        1.00,        0.00
     4695.00,       64.52,       51.66,        0.00,        0.00,        0.00,        0.00,        1.00,        4.25,        0.00,        0.00,        1.00,        1.00,        0.00
     4696.00,       64.52,       47.82,        0.00,        0.00,        0.00,        0.00,        1.00,        4.25,        0.00,        0.00,        1.00,        1.00,        0.00
     4697.00,       64.52,       43.68,        0.00,        0.00,        0.00,        0.00,        1.00,        4.25,        0.00,        0.00,        1.00,        1.00,        0.00
     4698.00,       64.52,       41.06,        0.00,        0.00,        0.00,        0.00,        1.00,        4.25,        0.00,        0.00,        1.00,        1.00,        0.00
     4699.00,       64.52,       42.10,        0.00,        0.00,        0.00,        0.00,        1.00,        4.25,        0.00,        0.00,        1.00,        1.00,        0.00
     4700.00,       64.52,       39.43,        0.00,        0.00,        0.00,        0.00,        1.00,        4.25,        0.00,        0.00,        1.00,        1.00,        0.00
     4701.00,       64.52,       30.91,        0.00,        0.00,        0.00,        0.00,        1.00,        4.25,        0.00,        0.00,        1.00,        1.00,        0.00
     4702.00,       64.52,       28.08,        0.00,        0.00,        0.00,        0.00,        1.00,        4.25,        0.00,        0.00,        1.00,        1.00,        0.00
     4703.00,       64.52,       29.72,        0.00,        0.00,        0.00,        0.00,        1.00,        4.25,        0.00,        0.00,        1.00,        1.00,        0.00
     4704.00,       64.52,       25.96,        0.00,        0.00,        0.00,        0.00,        1.00,        4.25,        0.00,        0.00,        1.00,        1.00,        0.00
     4705.00,       64.52,       28.73,        0.00,        0.00,        0.00,        0.00,        1.00,        4.25,        0.00,        0.00,        1.00,        1.00,        0.00
     4706.00,       64.52,       28.85,        0.00,        0.00,        0.00,        0.00,        1.00,        4.25,        0.00,        0.00,        1.00,        1.00,        0.00
     4707.00,       64.52,       27.71,        0.00,        0.00,        0.00,        0.00,        1.00,        4.25,        0.00,        0.00,        1.00,        1.00,        0.00
     4708.00,       64.52,       28.43,        0.00,        0.00,        0.00,        0.00,        1.00,        4.25,        0.00,        0.00,        1.00,        1.00,        0.00
     4709.00,       64.52,       29.34,        0.00,        0.00,        0.00,        0.00,        1.00,        4.25,        0.00,        0.00,        1.00,        1.00,        0.00
     4710.00,       64.52,       30.06,        0.00,        0.00,        0.00,        0.00,        1.00,        4.25,        0.00,        0.00,        1.00,        1.00,        0.00
     4711.00,       64.52,       32.23,        0.00,        0.00,        0.00,        0.00,        1.00,        4.25,        0.00,        0.00,        1.00,        1.00,        0.00
     4712.00,       64.52,       33.09,        0.00,        0.00,        0.00,        0.00,        1.00,        4.25,        0.00,        0.00,        1.00,        1.00,        0.00
     4713.00,       64.52,       34.68,        0.00,        0.00,        0.00,        0.00,        1.00,        4.25,        0.00,        0.00,        1.00,        1.00,        0.00
     4714.00,       64.52,       37.10,        0.00,        0.00,        0.00,        0.00,        1.00,        4.25,        0.00,        0.00,        1.00,        1.00,        0.00
     4715.00,       64.52,       35.77,        0.00,        0.00,        0.00,        0.00,        1.00,        4.25,        0.00,        0.00,        1.00,        1.00,        0.00
     4716.00,       64.52,       42.93,        0.00,        0.00,        0.00,        0.00,        1.00,        4.25,        0.00,        0.00,        1.00,        1.00,        0.00
     4717.00,       64.52,       47.18,        0.00,        0.00,        0.00,        0.00,        1.00,        4.25,        0.00,        0.00,        1.00,        1.00,        0.00
     4718.00,       64.52,       51.11,        0.00,        0.00,        0.00,        0.00,        1.00,        4.25,        0.00,        0.00,        1.00,        1.00,        0.00
     4719.00,       64.52,       52.60,        0.00,        0.00,        0.00,        0.00,        1.00,        4.25,        0.00,        0.00,        1.00,        1.00,        0.00
     4720.00,       64.52,       52.14,        0.00,        0.00,        0.00,        0.00,        1.00,        4.25,        0.00,        0.00,        1.00,        1.00,        0.00
     4721.00,       64.52,       52.78,        0.00,        0.00,        0.00,        0.00,        1.00,        4.25,        0.00,        0.00,        1.00,        1.00,        0.00
     4722.00,       64.52,       52.32,        0.00,        0.00,        0.00,        0.00,        1.00,        4.25,        0.00,        0.00,        1.00,        1.00,        0.00
     4723.00,       64.52,       44.67,        0.00,        0.00,        0.00,        0.00,        1.00,        4.25,        0.00,        0.00,        1.00,        1.00,        0.00
     4724.00,       64.52,       37.97,        0.00,        0.00,        0.00,        0.00,        1.00,        4.25,        0.00,        0.00,        1.00,        1.00,        0.00
     4725.00,       64.52,       32.54,        0.00,        0.00,        0.00,        0.00,        1.00,        4.25,        0.00,        0.00,        1.00,        1.00,        0.00
     4726.00,       64.52,       30.93,        0.00,        0.00,        0.00,        0.00,        1.00,        4.25,        0.00,        0.00,        1.00,        1.00,        0.00
     4727.00,       64.52,       27.82,        0.00,        0.00,        0.00,        0.00,        1.00,        4.25,        0.00,        0.00,        1.00,        1.00,        0.00
     4728.00,       64.52,       28.06,        0.00,        0.00,        0.00,        0.00,        1.00,        4.25,        0.00,        0.00,        1.00,        1.00,        0.00
     4729.00,       64.52,       30.79,        0.00,        0.00,        0.00,        0.00,        1.00,        4.25,        0.00,        0.00,        1.00,        1.00,        0.00
     4730.00,       64.52,       29.88,        0.00,        0.00,        0.00,        0.00,        1.00,        4.25,        0.00,        0.00,        1.00,        1.00,        0.00
     4731.00,       64.52,       26.69,        0.00,        0.00,        0.00,        0.00,        1.00,        4.25,        0.00,        0.00,        1.00,        1.00,        0.00
     4732.00,       64.52,       29.61,        0.00,        0.00,        0.00,        0.00,        1.00,        4.25,        0.00,        0.00,        1.00,        1.00,        0.00
     4733.00,       64.52,       29.26,        0.00,        0.00,        0.00,        0.00,        1.00,        4.25,        0.00,        0.00,        1.00,        1.00,        0.00
     4734.00,       64.52,       30.85,        0.00,        0.00,        0.00,        0.00,        1.00,        4.25,        0.00,        0.00,        1.00,        1.00,        0.00
     4735.00,       64.52,       32.89,        0.00,        0.00,        0.00,        0.00,        1.00,        4.25,        0.00,        0.00,        1.00,        1.00,        0.00
     4736.00,       64.52,       33.62,        0.00,        0.00,        0.00,        0.00,        1.00,        4.25,        0.00,        0.00,        1.00,        1.00,        0.00
     4737.00,       64.52,       34.38,        0.00,        0.00,        0.00,        0.00,        1.00,        4.25,        0.00,        0.00,        1.00,        1.00,        0.00
     4738.00,       64.52,       37.52,        0.00,        0.00,        0.00,        0.00,        1.00,        4.25,        0.00,        0.00,        1.00,        1.00,        0.00
     4739.00,       64.52,       37.27,        0.00,        0.00,        0.00,        0.00,        1.00,        4.25,        0.00,        0.00,        1.00,        1.00,        0.00
     4740.00,       64.52,       42.80,        0.00,        0.00,        0.00,        0.00,        1.00,        4.25,        0.00,        0.00,        1.00,        1.00,        0.00
     4741.00,       64.52,       44.94,        0.00,        0.00,        0.00,        0.00,        1.00,        4.25,        0.00,        0.00,        1.00,        1.00,        0.00
     4742.00,       64.52,       45.11,        0.00,        0.00,        0.00,        0.00,        1.00,        4.25,        0.00,        0.00,        1.00,        1.00,        0.00
     4743.00,       64.52,       44.24,        0.00,        0.00,        0.00,        0.00,        1.00,        4.25,        0.00,        0.00,        1.00,        1.00,        0.00
     4744.00,       64.52,       48.56,        0.00,        0.00,        0.00,        0.00,        1.00,        4.25,        0.00,        0.00,        1.00,        1.00,        0.00
     4745.00,       64.52,       47.47,        0.00,        0.00,        0.00,        0.00,        1.00,        4.25,        0.00,        0.00,        1.00,        1.00,        0.00
     4746.00,       64.52,       36.54,        0.00,        0.00,        0.00,        0.00,        1.00,        4.25,        0.00,        0.00,        1.00,        1.00,        0.00
     4747.00,       64.52,       36.08,        0.00,        0.00,        0.00,        0.00,        1.00,        4.25,        0.00,        0.00,        1.00,        1.00,        0.00
     4748.00,       64.52,       34.96,        0.00,        0.00,        0.00,        0.00,        1.00,        4.25,        0.00,        0.00,        1.00,        1.00,        0.00
     4749.00,       64.52,       33.60,        0.00,        0.00,        0.00,        0.00,        1.00,        4.25,        0.00,        0.00,        1.00,        1.00,        0.00
     4750.00,       64.52,       29.92,        0.00,        0.00,        0.00,        0.00,        1.00,        4.25,        0.00,        0.00,        1.00,        1.00,        0.00
     4751.00,       64.52,       26.89,        0.00,        0.00,        0.00,        0.00,        1.00,        4.25,        0.00,        0.00,        1.00,        1.00,        0.00
     4752.00,       64.52,       29.82,        0.00,        0.00,        0.00,        0.00,        1.00,        4.25,        0.00,        0.00,        1.00,        1.00,        0.00
     4753.00,       64.52,       32.38,        0.00,        0.00,        0.00,        0.00,        1.00,        4.25,        0.00,        0.00,        1.00,        1.00,        0.00
     4754.00,       64.52,       30.36,        0.00,        0.00,        0.00,        0.00,        1.00,        4.25,        0.00,        0.00,        1.00,        1.00,        0.00
     4755.00,       64.52,       28.41,        0.00,        0.00,        0.00,        0.00,        1.00,        4.25,        0.00,        0.00,        1.00,        1.00,        0.00
     4756.00,       64.52,       29.02,        0.00,        0.00,        0.00,        0.00,        1.00,        4.25,        0.00,        0.00,        1.00,        1.00,        0.00
     4757.00,       64.52,       25.73,        0.00,        0.00,        0.00,        0.00,        1.00,        4.25,        0.00,        0.00,        1.00,        1.00,        0.00
     4758.00,       64.52,       26.62,        0.00,        0.00,        0.00,        0.00,        1.00,        4.25,        0.00,        0.00,        1.00,        1.00,        0.00
     4759.00,       64.52,       26.42,        0.00,        0.00,        0.00,        0.00,        1.00,        4.25,        0.00,        0.00,        1.00,        1.00,        0.00
     4760.00,       64.52,       27.96,        0.00,        0.00,        0.00,        0.00,        1.00,        4.25,        0.00,        0.00,        1.00,        1.00,        0.00
     4761.00,       64.52,       31.03,        0.00,        0.00,        0.00,        0.00,        1.00,        4.25,        0.00,        0.00,        1.00,        1.00,        0.00
     4762.00,       64.52,       33.35,        0.00,        0.00,        0.00,        0.00,        1.00,        4.25,        0.00,        0.00,        1.00,        1.00,        0.00
     4763.00,       64.52,       32.82,        0.00,        0.00,        0.00,        0.00,        1.00,        4.25,        0.00,        0.00,        1.00,        1.00,        0.00
     4764.00,       64.52,       33.22,        0.00,        0.00,        0.00,        0.00,        1.00,        4.25,        0.00,        0.00,        1.00,        1.00,        0.00
     4765.00,       64.52,       29.37,        0.00,        0.00,        0.00,        0.00,        1.00,        4.25,        0.00,        0.00,        1.00,        1.00,        0.00
     4766.00,       64.52,       26.34,        0.00,        0.00,        0.00,        0.00,        1.00,        4.25,        0.00,        0.00,        1.00,        1.00,        0.00
     4767.00,       64.52,       27.11,        0.00,        0.00,        0.00,        0.00,        1.00,        4.25,        0.00,        0.00,        1.00,        1.00,        0.00
     4768.00,       64.52,       29.02,        0.00,        0.00,        0.00,        0.00,        1.00,        4.25,        0.00,        0.00,        1.00,        1.00,        0.00
     4769.00,       64.52,       30.47,        0.00,        0.00,        0.00,        0.00,        1.00,        4.25,        0.00,        0.00,        1.00,        1.00,        0.00
     4770.00,       64.52,       31.91,        0.00,        0.00,        0.00,        0.00,        1.00,        4.25,        0.00,        0.00,        1.00,        1.00,        0.00
     4771.00,       64.52,       32.65,        0.00,        0.00,        0.00,        0.00,        1.00,        4.25,        0.00,        0.00,        1.00,        1.00,        0.00
     4772.00,       64.52,       33.85,        0.00,        0.00,        0.00,        0.00,        1.00,        4.25,        0.00,        0.00,        1.00,        1.00,        0.00
     4773.00,       64.52,       31.72,        0.00,        0.00,        0.00,        0.00,        1.00,        4.25,        0.00,        0.00,        1.00,        1.00,        0.00
     4774.00,       64.52,       27.18,        0.00,        0.00,        0.00,        0.00,        1.00,        4.25,        0.00,        0.00,        1.00,        1.00,        0.00
     4775.00,       64.52,       27.56,        0.00,        0.00,        0.00,        0.00,        1.00,        4.25,        0.00,        0.00,        1.00,        1.00,        0.00
     4776.00,       64.52,       28.17,        0.00,        0.00,        0.00,        0.00,        1.00,        4.25,        0.00,        0.00,        1.00,        1.00,        0.00
     4777.00,       64.52,       32.58,        0.00,        0.00,        0.00,        0.00,        1.00,        4.25,        0.00,        0.00,        1.00,        1.00,        0.00
     4778.00,       64.52,       31.96,        0.00,        0.00,        0.00,        0.00,        1.00,        4.25,        0.00,        0.00,        1.00,        1.00,        0.00
     4779.00,       64.52,       28.94,        0.00,        0.00,        0.00,        0.00,        1.00,        4.25,        0.00,        0.00,        1.00,        1.00,        0.00
     4780.00,       64.52,       29.39,        0.00,        0.00,        0.00,        0.00,        1.00,        4.25,        0.00,        0.00,        1.00,        1.00,        0.00
     4781.00,       64.52,       29.12,        0.00,        0.00,        0.00,        0.00,        1.00,        4.25,        0.00,        0.00,        1.00,        1.00,        0.00
     4782.00,       64.52,       26.20,        0.00,        0.00,        0.00,        0.00,        1.00,        4.25,        0.00,        0.00,        1.00,        1.00,        0.00
     4783.00,       64.52,       25.17,        0.00,        0.00,        0.00,        0.00,        1.00,        4.25,        0.00,        0.00,        1.00,        1.00,        0.00
     4784.00,       64.52,       26.36,        0.00,        0.00,        0.00,        0.00,        1.00,        4.25,        0.00,        0.00,        1.00,        1.00,        0.00
     4785.00,       64.52,       30.67,        0.00,        0.00,        0.00,        0.00,        1.00,        4.25,        0.00,        0.00,        1.00,        1.00,        0.00
     4786.00,       64.52,       32.22,        0.00,        0.00,        0.00,        0.00,        1.00,        4.25,        0.00,        0.00,        1.00,        1.00,        0.00
     4787.00,       64.52,       34.18,        0.00,        0.00,        0.00,        0.00,        1.00,        4.25,        0.00,        0.00,        1.00,        1.00,        0.00
     4788.00,       64.52,       35.42,        0.00,        0.00,        0.00,        0.00,        1.00,        4.25,        0.00,        0.00,        1.00,        1.00,        0.00
     4789.00,       64.52,       32.38,        0.00,        0.00,        0.00,        0.00,        1.00,        4.25,        0.00,        0.00,        1.00,        1.00,        0.00
     4790.00,       64.52,       25.06,        0.00,        0.00,        0.00,        0.00,        1.00,        4.25,        0.00,        0.00,        1.00,        1.00,        0.00
     4791.00,       64.52,       27.47,        0.00,        0.00,        0.00,        0.00,        1.00,        4.25,        0.00,        0.00,        1.00,        1.00,        0.00
     4792.00,       64.52,       30.26,        0.00,        0.00,        0.00,        0.00,        1.00,        4.25,        0.00,        0.00,        1.00,        1.00,        0.00
     4793.00,       64.52,       32.38,        0.00,        0.00,        0.00,        0.00,        1.00,        4.25,        0.00,        0.00,        1.00,        1.00,        0.00
     4794.00,       64.52,       38.69,        0.00,        0.00,        0.00,        0.00,        1.00,        4.25,        0.00,        0.00,        1.00,        1.00,        0.00
     4795.00,       64.52,       40.33,        0.00,        0.00,        0.00,        0.00,        1.00,        4.25,        0.00,        0.00,        1.00,        1.00,        0.00
     4796.00,       64.52,       39.88,        0.00,        0.00,        0.00,        0.00,        1.00,        4.25,        0.00,        0.00,        1.00,        1.00,        0.00
     4797.00,       64.52,       29.39,        0.00,        0.00,        0.00,        0.00,        1.00,        4.25,        0.00,        0.00,        1.00,        1.00,        0.00
     4798.00,       64.52,       27.08,        0.00,        0.00,        0.00,        0.00,        1.00,        4.25,        0.00,        0.00,        1.00,        1.00,        0.00
     4799.00,       64.52,       24.80,        0.00,        0.00,        0.00,        0.00,        1.00,        4.25,        0.00,        0.00,        1.00,        1.00,        0.00
     4800.00,       64.52,       26.92,        0.00,        0.00,        0.00,        0.00,        1.00,        4.25,        0.00,        0.00,        1.00,        1.00,        0.00
     4801.00,       64.52,       29.44,        0.00,        0.00,        0.00,        0.00,        1.00,        4.25,        0.00,        0.00,        1.00,        1.00,        0.00
     4802.00,       64.52,       28.77,        0.00,        0.00,        0.00,        0.00,        1.00,        4.25,        0.00,        0.00,        1.00,        1.00,        0.00
     4803.00,       64.52,       26.97,        0.00,        0.00,        0.00,        0.00,        1.00,        4.25,        0.00,        0.00,        1.00,        1.00,        0.00
     4804.00,       64.52,       28.74,        0.00,        0.00,        0.00,        0.00,        1.00,        4.25,        0.00,        0.00,        1.00,        1.00,        0.00
     4805.00,       64.52,       28.88,        0.00,        0.00,        0.00,        0.00,        1.00,        4.25,        0.00,        0.00,        1.00,        1.00,        0.00
     4806.00,       64.52,       31.58,        0.00,        0.00,        0.00,        0.00,        1.00,        4.25,        0.00,        0.00,        1.00,        1.00,        0.00
     4807.00,       64.52,       32.32,        0.00,        0.00,        0.00,        0.00,        1.00,        4.25,        0.00,        0.00,        1.00,        1.00,        0.00
     4808.00,       64.52,       32.87,        0.00,        0.00,        0.00,        0.00,        1.00,        4.25,        0.00,        0.00,        1.00,        1.00,        0.00
     4809.00,       64.52,       35.39,        0.00,        0.00,        0.00,        0.00,        1.00,        4.25,        0.00,        0.00,        1.00,        1.00,        0.00
     4810.00,       64.52,       36.54,        0.00,        0.00,        0.00,        0.00,        1.00,        4.25,        0.00,        0.00,        1.00,        1.00,        0.00
     4811.00,       64.52,       37.13,        0.00,        0.00,        0.00,        0.00,        1.00,        4.25,        0.00,        0.00,        1.00,        1.00,        0.00
     4812.00,       64.52,       39.02,        0.00,        0.00,        0.00,        0.00,        1.00,        4.25,        0.00,        0.00,        1.00,        1.00,        0.00
     4813.00,       64.52,       35.92,        0.00,        0.00,        0.00,        0.00,        1.00,        4.25,        0.00,        0.00,        1.00,        1.00,        0.00
     4814.00,       64.52,       35.60,        0.00,        0.00,        0.00,        0.00,        1.00,        4.25,        0.00,        0.00,        1.00,        1.00,        0.00
     4815.00,       64.52,       33.87,        0.00,        0.00,        0.00,        0.00,        1.00,        4.25,        0.00,        0.00,        1.00,        1.00,        0.00
     4816.00,       64.52,       48.26,        0.00,        0.00,        0.00,        0.00,        1.00,        4.25,        0.00,        0.00,        1.00,        1.00,        0.00
     4817.00,       64.52,       40.29,        0.00,        0.00,        0.00,        0.00,        1.00,        4.25,        0.00,        0.00,        1.00,        1.00,        0.00
     4818.00,       64.52,       39.84,        0.00,        0.00,        0.00,        0.00,        1.00,        4.25,        0.00,        0.00,        1.00,        1.00,        0.00
     4819.00,       64.52,       38.28,        0.00,        0.00,        0.00,        0.00,        1.00,        4.25,        0.00,        0.00,        1.00,        1.00,        0.00
     4820.00,       64.52,       35.86,        0.00,        0.00,        0.00,        0.00,        1.00,        4.25,        0.00,        0.00,        1.00,        1.00,        0.00
     4821.00,       64.52,       33.69,        0.00,        0.00,        0.00,        0.00,        1.00,        4.25,        0.00,        0.00,        1.00,        1.00,        0.00
     4822.00,       64.52,       26.71,        0.00,        0.00,        0.00,        0.00,        1.00,        4.25,        0.00,        0.00,        1.00,        1.00,        0.00
     4823.00,       64.52,       28.16,        0.00,        0.00,        0.00,        0.00,        1.00,        4.25,        0.00,        0.00,        1.00,        1.00,        0.00
     4824.00,       64.52,       26.68,        0.00,        0.00,        0.00,        0.00,        1.00,        4.25,        0.00,        0.00,        1.00,        1.00,        0.00
     4825.00,       64.52,       30.19,        0.00,        0.00,        0.00,        0.00,        1.00,        4.25,        0.00,        0.00,        1.00,        1.00,        0.00
     4826.00,       64.52,       27.12,        0.00,        0.00,        0.00,        0.00,        1.00,        4.25,        0.00,        0.00,        1.00,        1.00,        0.00
     4827.00,       64.52,       25.23,        0.00,        0.00,        0.00,        0.00,        1.00,        4.25,        0.00,        0.00,        1.00,        1.00,        0.00
     4828.00,       64.52,       26.87,        0.00,        0.00,        0.00,        0.00,        1.00,        4.25,        0.00,        0.00,        1.00,        1.00,        0.00
     4829.00,       64.52,       29.38,        0.00,        0.00,        0.00,        0.00,        1.00,        4.25,        0.00,        0.00,        1.00,        1.00,        0.00
     4830.00,       64.52,       30.06,        0.00,        0.00,        0.00,        0.00,        1.00,        4.25,        0.00,        0.00,        1.00,        1.00,        0.00
     4831.00,       64.52,       32.23,        0.00,        0.00,        0.00,        0.00,        1.00,        4.25,        0.00,        0.00,        1.00,        1.00,        0.00
     4832.00,       64.52,       34.11,        0.00,        0.00,        0.00,        0.00,        1.00,        4.25,        0.00,        0.00,        1.00,        1.00,        0.00
     4833.00,       64.52,       33.50,        0.00,        0.00,        0.00,        0.00,        1.00,        4.25,        0.00,        0.00,        1.00,        1.00,        0.00
     4834.00,       64.52,       34.98,        0.00,        0.00,        0.00,        0.00,        1.00,        4.25,        0.00,        0.00,        1.00,        1.00,        0.00
     4835.00,       64.52,       37.19,        0.00,        0.00,        0.00,        0.00,        1.00,        4.25,        0.00,        0.00,        1.00,        1.00,        0.00
     4836.00,       64.52,       33.84,        0.00,        0.00,        0.00,        0.00,        1.00,        4.25,        0.00,        0.00,        1.00,        1.00,        0.00
     4837.00,       64.52,       32.54,        0.00,        0.00,        0.00,        0.00,        1.00,        4.25,        0.00,        0.00,        1.00,        1.00,        0.00
     4838.00,       64.52,       31.93,        0.00,        0.00,        0.00,        0.00,        1.00,        4.25,        0.00,        0.00,        1.00,        1.00,        0.00
     4839.00,       64.52,       34.60,        0.00,        0.00,        0.00,        0.00,        1.00,        4.25,        0.00,        0.00,        1.00,        1.00,        0.00
     4840.00,       64.52,       32.20,        0.00,        0.00,        0.00,        0.00,        1.00,        4.25,        0.00,        0.00,        1.00,        1.00,        0.00
     4841.00,       64.52,       30.42,        0.00,        0.00,        0.00,        0.00,        1.00,        4.25,        0.00,        0.00,        1.00,        1.00,        0.00
     4842.00,       64.52,       28.01,        0.00,        0.00,        0.00,        0.00,        1.00,        4.25,        0.00,        0.00,        1.00,        1.00,        0.00
     4843.00,       64.52,       28.67,        0.00,        0.00,        0.00,        0.00,        1.00,        4.25,        0.00,        0.00,        1.00,        1.00,        0.00
     4844.00,       64.52,       30.64,        0.00,        0.00,        0.00,        0.00,        1.00,        4.25,        0.00,        0.00,        1.00,        1.00,        0.00
     4845.00,       64.52,       26.50,        0.00,        0.00,        0.00,        0.00,        1.00,        4.25,        0.00,        0.00,        1.00,        1.00,        0.00
     4846.00,       64.52,       27.55,        0.00,        0.00,        0.00,        0.00,        1.00,        4.25,        0.00,        0.00,        1.00,        1.00,        0.00
     4847.00,       64.52,       27.69,        0.00,        0.00,        0.00,        0.00,        1.00,        4.25,        0.00,        0.00,        1.00,        1.00,        0.00
     4848.00,       64.52,       25.30,        0.00,        0.00,        0.00,        0.00,        1.00,        4.25,        0.00,        0.00,        1.00,        1.00,        0.00
     4849.00,       64.52,       27.42,        0.00,        0.00,        0.00,        0.00,        1.00,        4.25,        0.00,        0.00,        1.00,        1.00,        0.00
     4850.00,       64.52,       27.77,        0.00,        0.00,        0.00,        0.00,        1.00,        4.25,        0.00,        0.00,        1.00,        1.00,        0.00
     4851.00,       64.52,       26.23,        0.00,        0.00,        0.00,        0.00,        1.00,        4.25,        0.00,        0.00,        1.00,        1.00,        0.00
     4852.00,       64.52,       28.16,        0.00,        0.00,        0.00,        0.00,        1.00,        4.25,        0.00,        0.00,        1.00,        1.00,        0.00
     4853.00,       64.52,       29.33,        0.00,        0.00,        0.00,        0.00,        1.00,        4.25,        0.00,        0.00,        1.00,        1.00,        0.00
     4854.00,       64.52,       33.56,        0.00,        0.00,        0.00,        0.00,        1.00,        4.25,        0.00,        0.00,        1.00,        1.00,        0.00
     4855.00,       64.52,       33.43,        0.00,        0.00,        0.00,        0.00,        1.00,        4.25,        0.00,        0.00,        1.00,        1.00,        0.00
     4856.00,       64.52,       36.39,        0.00,        0.00,        0.00,        0.00,        1.00,        4.25,        0.00,        0.00,        1.00,        1.00,        0.00
     4857.00,       64.52,       36.30,        0.00,        0.00,        0.00,        0.00,        1.00,        4.25,        0.00,        0.00,        1.00,        1.00,        0.00
     4858.00,       64.52,       36.58,        0.00,        0.00,        0.00,        0.00,        1.00,        4.25,        0.00,        0.00,        1.00,        1.00,        0.00
     4859.00,       64.52,       38.43,        0.00,        0.00,        0.00,        0.00,        1.00,        4.25,        0.00,        0.00,        1.00,        1.00,        0.00
     4860.00,       64.52,       37.62,        0.00,        0.00,        0.00,        0.00,        1.00,        4.25,        0.00,        0.00,        1.00,        1.00,        0.00
     4861.00,       64.52,       36.36,        0.00,        0.00,        0.00,        0.00,        1.00,        4.25,        0.00,        0.00,        1.00,        1.00,        0.00
     4862.00,       64.52,       34.38,        0.00,        0.00,        0.00,        0.00,        1.00,        4.25,        0.00,        0.00,        1.00,        1.00,        0.00
     4863.00,       64.52,       36.13,        0.00,        0.00,        0.00,        0.00,        1.00,        4.25,        0.00,        0.00,        1.00,        1.00,        0.00
     4864.00,       64.52,       39.86,        0.00,        0.00,        0.00,        0.00,        1.00,        4.25,        0.00,        0.00,        1.00,        1.00,        0.00
     4865.00,       64.52,       37.26,        0.00,        0.00,        0.00,        0.00,        1.00,        4.25,        0.00,        0.00,        1.00,        1.00,        0.00
     4866.00,       64.52,       30.57,        0.00,        0.00,        0.00,        0.00,        1.00,        4.25,        0.00,        0.00,        1.00,        1.00,        0.00
     4867.00,       64.52,       32.84,        0.00,        0.00,        0.00,        0.00,        1.00,        4.25,        0.00,        0.00,        1.00,        1.00,        0.00
     4868.00,       64.52,       31.46,        0.00,        0.00,        0.00,        0.00,        1.00,        4.25,        0.00,        0.00,        1.00,        1.00,        0.00
     4869.00,       64.52,       30.39,        0.00,        0.00,        0.00,        0.00,        1.00,        4.25,        0.00,        0.00,        1.00,        1.00,        0.00
     4870.00,       64.52,       28.00,        0.00,        0.00,        0.00,        0.00,        1.00,        4.25,        0.00,        0.00,        1.00,        1.00,        0.00
     4871.00,       64.52,       29.69,        0.00,        0.00,        0.00,        0.00,        1.00,        4.25,        0.00,        0.00,        1.00,        1.00,        0.00
     4872.00,       64.52,       26.77,        0.00,        0.00,        0.00,        0.00,        1.00,        4.25,        0.00,        0.00,        1.00,        1.00,        0.00
     4873.00,       64.52,       27.99,        0.00,        0.00,        0.00,        0.00,        1.00,        4.25,        0.00,        0.00,        1.00,        1.00,        0.00
     4874.00,       64.52,       27.43,        0.00,        0.00,        0.00,        0.00,        1.00,        4.25,        0.00,        0.00,        1.00,        1.00,        0.00
     4875.00,       64.52,       26.62,        0.00,        0.00,        0.00,        0.00,        1.00,        4.25,        0.00,        0.00,        1.00,        1.00,        0.00
     4876.00,       64.52,       27.61,        0.00,        0.00,        0.00,        0.00,        1.00,        4.25,        0.00,        0.00,        1.00,        1.00,        0.00
     4877.00,       64.52,       26.46,        0.00,        0.00,        0.00,        0.00,        1.00,        4.25,        0.00,        0.00,        1.00,        1.00,        0.00
     4878.00,       64.52,       31.31,        0.00,        0.00,        0.00,        0.00,        1.00,        4.25,        0.00,        0.00,        1.00,        1.00,        0.00
     4879.00,       64.52,       31.55,        0.00,        0.00,        0.00,        0.00,        1.00,        4.25,        0.00,        0.00,        1.00,        1.00,        0.00
     4880.00,       64.52,       30.65,        0.00,        0.00,        0.00,        0.00,        1.00,        4.25,        0.00,        0.00,        1.00,        1.00,        0.00
     4881.00,       64.52,       31.70,        0.00,        0.00,        0.00,        0.00,        1.00,        4.25,        0.00,        0.00,        1.00,        1.00,        0.00
     4882.00,       64.52,       32.53,        0.00,        0.00,        0.00,        0.00,        1.00,        4.25,        0.00,        0.00,        1.00,        1.00,        0.00
     4883.00,       64.52,       34.12,        0.00,        0.00,        0.00,        0.00,        1.00,        4.25,        0.00,        0.00,        1.00,        1.00,        0.00
     4884.00,       64.52,       34.21,        0.00,        0.00,        0.00,        0.00,        1.00,        4.25,        0.00,        0.00,        1.00,        1.00,        0.00
     4885.00,       64.52,       33.97,        0.00,        0.00,        0.00,        0.00,        1.00,        4.25,        0.00,        0.00,        1.00,        1.00,        0.00
     4886.00,       64.52,       33.49,        0.00,        0.00,        0.00,        0.00,        1.00,        4.25,        0.00,        0.00,        1.00,        1.00,        0.00
     4887.00,       64.52,       32.42,        0.00,        0.00,        0.00,        0.00,        1.00,        4.25,        0.00,        0.00,        1.00,        1.00,        0.00
     4888.00,       64.52,       34.45,        0.00,        0.00,        0.00,        0.00,        1.00,        4.25,        0.00,        0.00,        1.00,        1.00,        0.00
     4889.00,       64.52,       34.28,        0.00,        0.00,        0.00,        0.00,        1.00,        4.25,        0.00,        0.00,        1.00,        1.00,        0.00
     4890.00,       64.52,       38.04,        0.00,        0.00,        0.00,        0.00,        1.00,        4.25,        0.00,        0.00,        1.00,        1.00,        0.00
     4891.00,       64.52,       37.75,        0.00,        0.00,        0.00,        0.00,        1.00,        4.25,        0.00,        0.00,        1.00,        1.00,        0.00
     4892.00,       64.52,       36.68,        0.00,        0.00,        0.00,        0.00,        1.00,        4.25,        0.00,        0.00,        1.00,        1.00,        0.00
     4893.00,       64.52,       34.48,        0.00,        0.00,        0.00,        0.00,        1.00,        4.25,        0.00,        0.00,        1.00,        1.00,        0.00
     4894.00,       64.52,       29.18,        0.00,        0.00,        0.00,        0.00,        1.00,        4.25,        0.00,        0.00,        1.00,        1.00,        0.00
     4895.00,       64.52,       29.81,        0.00,        0.00,        0.00,        0.00,        1.00,        4.25,        0.00,        0.00,        1.00,        1.00,        0.00
     4896.00,       64.52,       29.38,        0.00,        0.00,        0.00,        0.00,        1.00,        4.25,        0.00,        0.00,        1.00,        1.00,        0.00
     4897.00,       64.52,       29.58,        0.00,        0.00,        0.00,        0.00,        1.00,        4.25,        0.00,        0.00,        1.00,        1.00,        0.00
     4898.00,       64.52,       28.77,        0.00,        0.00,        0.00,        0.00,        1.00,        4.25,        0.00,        0.00,        1.00,        1.00,        0.00
     4899.00,       64.52,       27.11,        0.00,        0.00,        0.00,        0.00,        1.00,        4.25,        0.00,        0.00,        1.00,        1.00,        0.00
     4900.00,       64.52,       27.31,        0.00,        0.00,        0.00,        0.00,        1.00,        4.25,        0.00,        0.00,        1.00,        1.00,        0.00
     4901.00,       64.52,       28.82,        0.00,        0.00,        0.00,        0.00,        1.00,        4.25,        0.00,        0.00,        1.00,        1.00,        0.00
     4902.00,       64.52,       31.26,        0.00,        0.00,        0.00,        0.00,        1.00,        4.25,        0.00,        0.00,        1.00,        1.00,        0.00
     4903.00,       64.52,       31.11,        0.00,        0.00,        0.00,        0.00,        1.00,        4.25,        0.00,        0.00,        1.00,        1.00,        0.00
     4904.00,       64.52,       31.25,        0.00,        0.00,        0.00,        0.00,        1.00,        4.25,        0.00,        0.00,        1.00,        1.00,        0.00
     4905.00,       64.52,       31.41,        0.00,        0.00,        0.00,        0.00,        1.00,        4.25,        0.00,        0.00,        1.00,        1.00,        0.00
     4906.00,       64.52,       33.83,        0.00,        0.00,        0.00,        0.00,        1.00,        4.25,        0.00,        0.00,        1.00,        1.00,        0.00
     4907.00,       64.52,       33.13,        0.00,        0.00,        0.00,        0.00,        1.00,        4.25,        0.00,        0.00,        1.00,        1.00,        0.00
     4908.00,       64.52,       32.25,        0.00,        0.00,        0.00,        0.00,        1.00,        4.25,        0.00,        0.00,        1.00,        1.00,        0.00
     4909.00,       64.52,       35.66,        0.00,        0.00,        0.00,        0.00,        1.00,        4.25,        0.00,        0.00,        1.00,        1.00,        0.00
     4910.00,       64.52,       37.59,        0.00,        0.00,        0.00,        0.00,        1.00,        4.25,        0.00,        0.00,        1.00,        1.00,        0.00
     4911.00,       64.52,       39.41,        0.00,        0.00,        0.00,        0.00,        1.00,        4.25,        0.00,        0.00,        1.00,        1.00,        0.00
     4912.00,       64.52,       39.96,        0.00,        0.00,        0.00,        0.00,        1.00,        4.25,        0.00,        0.00,        1.00,        1.00,        0.00
     4913.00,       64.52,       40.17,        0.00,        0.00,        0.00,        0.00,        1.00,        4.25,        0.00,        0.00,        1.00,        1.00,        0.00
     4914.00,       64.52,       38.00,        0.00,        0.00,        0.00,        0.00,        1.00,        4.25,        0.00,        0.00,        1.00,        1.00,        0.00
     4915.00,       64.52,       40.23,        0.00,        0.00,        0.00,        0.00,        1.00,        4.25,        0.00,        0.00,        1.00,        1.00,        0.00
     4916.00,       64.52,       37.91,        0.00,        0.00,        0.00,        0.00,        1.00,        4.25,        0.00,        0.00,        1.00,        1.00,        0.00
     4917.00,       64.52,       32.39,        0.00,        0.00,        0.00,        0.00,        1.00,        4.25,        0.00,        0.00,        1.00,        1.00,        0.00
     4918.00,       64.52,       28.84,        0.00,        0.00,        0.00,        0.00,        1.00,        4.25,        0.00,        0.00,        1.00,        1.00,        0.00
     4919.00,       64.52,       30.46,        0.00,        0.00,        0.00,        0.00,        1.00,        4.25,        0.00,        0.00,        1.00,        1.00,        0.00
     4920.00,       64.52,       24.99,        0.00,        0.00,        0.00,        0.00,        1.00,        4.25,        0.00,        0.00,        1.00,        1.00,        0.00
     4921.00,       64.52,       27.56,        0.00,        0.00,        0.00,        0.00,        1.00,        4.25,        0.00,        0.00,        1.00,        1.00,        0.00
     4922.00,       64.52,       26.63,        0.00,        0.00,        0.00,        0.00,        1.00,        4.25,        0.00,        0.00,        1.00,        1.00,        0.00
     4923.00,       64.52,       26.06,        0.00,        0.00,        0.00,        0.00,        1.00,        4.25,        0.00,        0.00,        1.00,        1.00,        0.00
     4924.00,       64.52,       27.76,        0.00,        0.00,        0.00,        0.00,        1.00,        4.25,        0.00,        0.00,        1.00,        1.00,        0.00
     4925.00,       64.52,       25.37,        0.00,        0.00,        0.00,        0.00,        1.00,        4.25,        0.00,        0.00,        1.00,        1.00,        0.00
     4926.00,       64.52,       24.63,        0.00,        0.00,        0.00,        0.00,        1.00,        4.25,        0.00,        0.00,        1.00,        1.00,        0.00
     4927.00,       64.52,       23.85,        0.00,        0.00,        0.00,        0.00,        1.00,        4.25,        0.00,        0.00,        1.00,        1.00,        0.00
     4928.00,       64.52,       24.90,        0.00,        0.00,        0.00,        0.00,        1.00,        4.25,        0.00,        0.00,        1.00,        1.00,        0.00
     4929.00,       64.52,       28.34,        0.00,        0.00,        0.00,        0.00,        1.00,        4.25,        0.00,        0.00,        1.00,        1.00,        0.00
     4930.00,       64.52,       31.83,        0.00,        0.00,        0.00,        0.00,        1.00,        4.25,        0.00,        0.00,        1.00,        1.00,        0.00
     4931.00,       64.52,       32.41,        0.00,        0.00,        0.00,        0.00,        1.00,        4.25,        0.00,        0.00,        1.00,        1.00,        0.00
     4932.00,       64.52,       33.46,        0.00,        0.00,        0.00,        0.00,        1.00,        4.25,        0.00,        0.00,        1.00,        1.00,        0.00
     4933.00,       64.52,       35.66,        0.00,        0.00,        0.00,        0.00,        1.00,        4.25,        0.00,        0.00,        1.00,        1.00,        0.00
     4934.00,       64.52,       36.98,        0.00,        0.00,        0.00,        0.00,        1.00,        4.25,        0.00,        0.00,        1.00,        1.00,        0.00
     4935.00,       64.52,       34.58,        0.00,        0.00,        0.00,        0.00,        1.00,        4.25,        0.00,        0.00,        1.00,        1.00,        0.00
     4936.00,       64.52,       37.73,        0.00,        0.00,        0.00,        0.00,        1.00,        4.25,        0.00,        0.00,        1.00,        1.00,        0.00
     4937.00,       64.52,       36.92,        0.00,        0.00,        0.00,        0.00,        1.00,        4.25,        0.00,        0.00,        1.00,        1.00,        0.00
     4938.00,       64.52,       38.01,        0.00,        0.00,        0.00,        0.00,        1.00,        4.25,        0.00,        0.00,        1.00,        1.00,        0.00
     4939.00,       64.52,       38.59,        0.00,        0.00,        0.00,        0.00,        1.00,        4.25,        0.00,        0.00,        1.00,        1.00,        0.00
     4940.00,       64.52,       34.13,        0.00,        0.00,        0.00,        0.00,        1.00,        4.25,        0.00,        0.00,        1.00,        1.00,        0.00
     4941.00,       64.52,       33.13,        0.00,        0.00,        0.00,        0.00,        1.00,        4.25,        0.00,        0.00,        1.00,        1.00,        0.00
     4942.00,       64.52,       28.05,        0.00,        0.00,        0.00,        0.00,        1.00,        4.25,        0.00,        0.00,        1.00,        1.00,        0.00
     4943.00,       64.52,       28.22,        0.00,        0.00,        0.00,        0.00,        1.00,        4.25,        0.00,        0.00,        1.00,        1.00,        0.00
     4944.00,       64.52,       30.35,        0.00,        0.00,        0.00,        0.00,        1.00,        4.25,        0.00,        0.00,        1.00,        1.00,        0.00
     4945.00,       64.52,       31.81,        0.00,        0.00,        0.00,        0.00,        1.00,        4.25,        0.00,        0.00,        1.00,        1.00,        0.00
     4946.00,       64.52,       29.53,        0.00,        0.00,        0.00,        0.00,        1.00,        4.25,        0.00,        0.00,        1.00,        1.00,        0.00
     4947.00,       64.52,       28.37,        0.00,        0.00,        0.00,        0.00,        1.00,        4.25,        0.00,        0.00,        1.00,        1.00,        0.00
     4948.00,       64.52,       27.08,        0.00,        0.00,        0.00,        0.00,        1.00,        4.25,        0.00,        0.00,        1.00,        1.00,        0.00
     4949.00,       64.52,       26.91,        0.00,        0.00,        0.00,        0.00,        1.00,        4.25,        0.00,        0.00,        1.00,        1.00,        0.00
     4950.00,       64.52,       25.42,        0.00,        0.00,        0.00,        0.00,        1.00,        4.25,        0.00,        0.00,        1.00,        1.00,        0.00
     4951.00,       64.52,       24.45,        0.00,        0.00,        0.00,        0.00,        1.00,        4.25,        0.00,        0.00,        1.00,        1.00,        0.00
     4952.00,       64.52,       25.05,        0.00,        0.00,        0.00,        0.00,        1.00,        4.25,        0.00,        0.00,        1.00,        1.00,        0.00
     4953.00,       64.52,       27.33,        0.00,        0.00,        0.00,        0.00,        1.00,        4.25,        0.00,        0.00,        1.00,        1.00,        0.00
     4954.00,       64.52,       29.35,        0.00,        0.00,        0.00,        0.00,        1.00,        4.25,        0.00,        0.00,        1.00,        1.00,        0.00
     4955.00,       64.52,       30.15,        0.00,        0.00,        0.00,        0.00,        1.00,        4.25,        0.00,        0.00,        1.00,        1.00,        0.00
     4956.00,       64.52,       32.24,        0.00,        0.00,        0.00,        0.00,        1.00,        4.25,        0.00,        0.00,        1.00,        1.00,        0.00
     4957.00,       64.52,       31.30,        0.00,        0.00,        0.00,        0.00,        1.00,        4.25,        0.00,        0.00,        1.00,        1.00,        0.00
     4958.00,       64.52,       34.68,        0.00,        0.00,        0.00,        0.00,        1.00,        4.25,        0.00,        0.00,        1.00,        1.00,        0.00
     4959.00,       64.52,       31.82,        0.00,        0.00,        0.00,        0.00,        1.00,        4.25,        0.00,        0.00,        1.00,        1.00,        0.00
     4960.00,       64.52,       35.27,        0.00,        0.00,        0.00,        0.00,        1.00,        4.25,        0.00,        0.00,        1.00,        1.00,        0.00
     4961.00,       64.52,       35.47,        0.00,        0.00,        0.00,        0.00,        1.00,        4.25,        0.00,        0.00,        1.00,        1.00,        0.00
     4962.00,       64.52,       36.83,        0.00,        0.00,        0.00,        0.00,        1.00,        4.25,        0.00,        0.00,        1.00,        1.00,        0.00
     4963.00,       64.52,       36.71,        0.00,        0.00,        0.00,        0.00,        1.00,        4.25,        0.00,        0.00,        1.00,        1.00,        0.00
     4964.00,       64.52,       34.64,        0.00,        0.00,        0.00,        0.00,        1.00,        4.25,        0.00,        0.00,        1.00,        1.00,        0.00
     4965.00,       64.52,       32.57,        0.00,        0.00,        0.00,        0.00,        1.00,        4.25,        0.00,        0.00,        1.00,        1.00,        0.00
     4966.00,       64.52,       27.11,        0.00,        0.00,        0.00,        0.00,        1.00,        4.25,        0.00,        0.00,        1.00,        1.00,        0.00
     4967.00,       64.52,       28.44,        0.00,        0.00,        0.00,        0.00,        1.00,        4.25,        0.00,        0.00,        1.00,        1.00,        0.00
     4968.00,       64.52,       24.58,        0.00,        0.00,        0.00,        0.00,        1.00,        4.25,        0.00,        0.00,        1.00,        1.00,        0.00
     4969.00,       64.52,       26.39,        0.00,        0.00,        0.00,        0.00,        1.00,        4.25,        0.00,        0.00,        1.00,        1.00,        0.00
     4970.00,       64.52,       26.03,        0.00,        0.00,        0.00,        0.00,        1.00,        4.25,        0.00,        0.00,        1.00,        1.00,        0.00
     4971.00,       64.52,       25.39,        0.00,        0.00,        0.00,        0.00,        1.00,        4.25,        0.00,        0.00,        1.00,        1.00,        0.00
     4972.00,       64.52,       26.89,        0.00,        0.00,        0.00,        0.00,        1.00,        4.25,        0.00,        0.00,        1.00,        1.00,        0.00
     4973.00,       64.52,       27.25,        0.00,        0.00,        0.00,        0.00,        1.00,        4.25,        0.00,        0.00,        1.00,        1.00,        0.00
     4974.00,       64.52,       27.23,        0.00,        0.00,        0.00,        0.00,        1.00,        4.25,        0.00,        0.00,        1.00,        1.00,        0.00
     4975.00,       64.52,       28.18,        0.00,        0.00,        0.00,        0.00,        1.00,        4.25,        0.00,        0.00,        1.00,        1.00,        0.00
     4976.00,       64.52,       26.65,        0.00,        0.00,        0.00,        0.00,        1.00,        4.25,        0.00,        0.00,        1.00,        1.00,        0.00
     4977.00,       64.52,       28.27,        0.00,        0.00,        0.00,        0.00,        1.00,        4.25,        0.00,        0.00,        1.00,        1.00,        0.00
     4978.00,       64.52,       34.45,        0.00,        0.00,        0.00,        0.00,        1.00,        4.25,        0.00,        0.00,        1.00,        1.00,        0.00
     4979.00,       64.52,       28.60,        0.00,        0.00,        0.00,        0.00,        1.00,        4.25,        0.00,        0.00,        1.00,        1.00,        0.00
     4980.00,       64.52,       34.44,        0.00,        0.00,        0.00,        0.00,        1.00,        4.25,        0.00,        0.00,        1.00,        1.00,        0.00
     4981.00,       64.52,       37.76,        0.00,        0.00,        0.00,        0.00,        1.00,        4.25,        0.00,        0.00,        1.00,        1.00,        0.00
     4982.00,       64.52,       39.70,        0.00,        0.00,        0.00,        0.00,        1.00,        4.25,        0.00,        0.00,        1.00,        1.00,        0.00
     4983.00,       64.52,       46.74,        0.00,        0.00,        0.00,        0.00,        1.00,        4.25,        0.00,        0.00,        1.00,        1.00,        0.00
     4984.00,       64.52,       47.90,        0.00,        0.00,        0.00,        0.00,        1.00,        4.25,        0.00,        0.00,        1.00,        1.00,        0.00
     4985.00,       64.52,       46.59,        0.00,        0.00,        0.00,        0.00,        1.00,        4.25,        0.00,        0.00,        1.00,        1.00,        0.00
     4986.00,       64.52,       46.00,        0.00,        0.00,        0.00,        0.00,        1.00,        4.25,        0.00,        0.00,        1.00,        1.00,        0.00
     4987.00,       64.52,       40.13,        0.00,        0.00,        0.00,        0.00,        1.00,        4.25,        0.00,        0.00,        1.00,        1.00,        0.00
     4988.00,       64.52,       32.67,        0.00,        0.00,        0.00,        0.00,        1.00,        4.25,        0.00,        0.00,        1.00,        1.00,        0.00
     4989.00,       64.52,       28.80,        0.00,        0.00,        0.00,        0.00,        1.00,        4.25,        0.00,        0.00,        1.00,        1.00,        0.00
     4990.00,       64.52,       28.12,        0.00,        0.00,        0.00,        0.00,        1.00,        4.25,        0.00,        0.00,        1.00,        1.00,        0.00
     4991.00,       64.52,       28.01,        0.00,        0.00,        0.00,        0.00,        1.00,        4.25,        0.00,        0.00,        1.00,        1.00,        0.00
     4992.00,       64.52,       24.90,        0.00,        0.00,        0.00,        0.00,        1.00,        4.25,        0.00,        0.00,        1.00,        1.00,        0.00
     4993.00,       64.52,       25.40,        0.00,        0.00,        0.00,        0.00,        1.00,        4.25,        0.00,        0.00,        1.00,        1.00,        0.00
     4994.00,       64.52,       25.03,        0.00,        0.00,        0.00,        0.00,        1.00,        4.25,        0.00,        0.00,        1.00,        1.00,        0.00
     4995.00,       64.52,       24.78,        0.00,        0.00,        0.00,        0.00,        1.00,        4.25,        0.00,        0.00,        1.00,        1.00,        0.00
     4996.00,       64.52,       26.11,        0.00,        0.00,        0.00,        0.00,        1.00,        4.25,        0.00,        0.00,        1.00,        1.00,        0.00
     4997.00,       64.52,       27.26,        0.00,        0.00,        0.00,        0.00,        1.00,        4.25,        0.00,        0.00,        1.00,        1.00,        0.00
     4998.00,       64.52,       31.28,        0.00,        0.00,        0.00,        0.00,        1.00,        4.25,        0.00,        0.00,        1.00,        1.00,        0.00
     4999.00,       64.52,       31.87,        0.00,        0.00,        0.00,        0.00,        1.00,        4.25,        0.00,        0.00,        1.00,        1.00,        0.00
     5000.00,       64.52,       32.24,        0.00,        0.00,        0.00,        0.00,        1.00,        4.25,        0.00,        0.00,        1.00,        1.00,        0.00
     5001.00,       64.52,       30.17,        0.00,        0.00,        0.00,        0.00,        1.00,        4.25,        0.00,        0.00,        1.00,        1.00,        0.00
     5002.00,       64.52,       47.45,        0.00,        0.00,        0.00,        0.00,        1.00,        4.25,        0.00,        0.00,        1.00,        1.00,        0.00
     5003.00,       64.52,       53.55,        0.00,        0.00,        0.00,        0.00,        1.00,        4.25,        0.00,        0.00,        1.00,        1.00,        0.00
     5004.00,       64.52,       35.23,        0.00,        0.00,        0.00,        0.00,        1.00,        4.25,        0.00,        0.00,        1.00,        1.00,        0.00
     5005.00,       64.52,       58.13,        0.00,        0.00,        0.00,        0.00,        1.00,        4.25,        0.00,        0.00,        1.00,        1.00,        0.00
     5006.00,       64.52,       55.58,        0.00,        0.00,        0.00,        0.00,        1.00,        4.25,        0.00,        0.00,        1.00,        1.00,        0.00
     5007.00,       64.52,       66.43,        0.00,        0.00,        0.00,        0.00,        1.00,        4.25,        0.00,        0.00,        1.00,        1.00,        0.00
     5008.00,       64.52,       67.97,        0.00,        0.00,        0.00,        0.00,        1.00,        4.25,        0.00,        0.00,        1.00,        1.00,        0.00
     5009.00,       64.52,       64.45,        0.00,        0.00,        0.00,        0.00,        1.00,        4.25,        0.00,        0.00,        1.00,        1.00,        0.00
     5010.00,       64.52,       55.48,        0.00,        0.00,        0.00,        0.00,        1.00,        4.25,        0.00,        0.00,        1.00,        1.00,        0.00
     5011.00,       64.52,       46.32,        0.00,        0.00,        0.00,        0.00,        1.00,        4.25,        0.00,        0.00,        1.00,        1.00,        0.00
     5012.00,       64.52,       32.74,        0.00,        0.00,        0.00,        0.00,        1.00,        4.25,        0.00,        0.00,        1.00,        1.00,        0.00
     5013.00,       64.52,       31.96,        0.00,        0.00,        0.00,        0.00,        1.00,        4.25,        0.00,        0.00,        1.00,        1.00,        0.00
     5014.00,       64.52,       25.24,        0.00,        0.00,        0.00,        0.00,        1.00,        4.25,        0.00,        0.00,        1.00,        1.00,        0.00
     5015.00,       64.52,       27.90,        0.00,        0.00,        0.00,        0.00,        1.00,        4.25,        0.00,        0.00,        1.00,        1.00,        0.00
     5016.00,       64.52,       20.76,        0.00,        0.00,        0.00,        0.00,        1.00,        4.25,        0.00,        0.00,        1.00,        1.00,        0.00
     5017.00,       64.52,       25.41,        0.00,        0.00,        0.00,        0.00,        1.00,        4.25,        0.00,        0.00,        1.00,        1.00,        0.00
     5018.00,       64.52,       24.36,        0.00,        0.00,        0.00,        0.00,        1.00,        4.25,        0.00,        0.00,        1.00,        1.00,        0.00
     5019.00,       64.52,       23.46,        0.00,        0.00,        0.00,        0.00,        1.00,        4.25,        0.00,        0.00,        1.00,        1.00,        0.00
     5020.00,       64.52,       24.86,        0.00,        0.00,        0.00,        0.00,        1.00,        4.25,        0.00,        0.00,        1.00,        1.00,        0.00
     5021.00,       64.52,       24.88,        0.00,        0.00,        0.00,        0.00,        1.00,        4.25,        0.00,        0.00,        1.00,        1.00,        0.00
     5022.00,       64.52,       29.10,        0.00,        0.00,        0.00,        0.00,        1.00,        4.25,        0.00,        0.00,        1.00,        1.00,        0.00
     5023.00,       64.52,       30.88,        0.00,        0.00,        0.00,        0.00,        1.00,        4.25,        0.00,        0.00,        1.00,        1.00,        0.00
     5024.00,       64.52,       32.61,        0.00,        0.00,        0.00,        0.00,        1.00,        4.25,        0.00,        0.00,        1.00,        1.00,        0.00
     5025.00,       64.52,       33.20,        0.00,        0.00,        0.00,        0.00,        1.00,        4.25,        0.00,        0.00,        1.00,        1.00,        0.00
     5026.00,       64.52,       33.74,        0.00,        0.00,        0.00,        0.00,        1.00,        4.25,        0.00,        0.00,        1.00,        1.00,        0.00
     5027.00,       64.52,       39.42,        0.00,        0.00,        0.00,        0.00,        1.00,        4.25,        0.00,        0.00,        1.00,        1.00,        0.00
     5028.00,       64.52,       42.12,        0.00,        0.00,        0.00,        0.00,        1.00,        4.25,        0.00,        0.00,        1.00,        1.00,        0.00
     5029.00,       64.52,       52.71,        0.00,        0.00,        0.00,        0.00,        1.00,        4.25,        0.00,        0.00,        1.00,        1.00,        0.00
     5030.00,       64.52,       61.20,        0.00,        0.00,        0.00,        0.00,        1.00,        4.25,        0.00,        0.00,        1.00,        1.00,        0.00
     5031.00,       64.52,       63.41,        0.00,        0.00,        0.00,        0.00,        1.00,        4.25,        0.00,        0.00,        1.00,        1.00,        0.00
     5032.00,       64.52,       65.11,        0.00,        0.00,        0.00,        0.00,        1.00,        4.25,        0.00,        0.00,        1.00,        1.00,        0.00
     5033.00,       64.52,       56.21,        0.00,        0.00,        0.00,        0.00,        1.00,        4.25,        0.00,        0.00,        1.00,        1.00,        0.00
     5034.00,       64.52,       30.63,        0.00,        0.00,        0.00,        0.00,        1.00,        4.25,        0.00,        0.00,        1.00,        1.00,        0.00
     5035.00,       64.52,       30.26,        0.00,        0.00,        0.00,        0.00,        1.00,        4.25,        0.00,        0.00,        1.00,        1.00,        0.00
     5036.00,       64.52,       21.64,        0.00,        0.00,        0.00,        0.00,        1.00,        4.25,        0.00,        0.00,        1.00,        1.00,        0.00
     5037.00,       64.52,       18.02,        0.00,        0.00,        0.00,        0.00,        1.00,        4.25,        0.00,        0.00,        1.00,        1.00,        0.00
     5038.00,       64.52,       21.59,        0.00,        0.00,        0.00,        0.00,        1.00,        4.25,        0.00,        0.00,        1.00,        1.00,        0.00
     5039.00,       64.52,       25.08,        0.00,        0.00,        0.00,        0.00,        1.00,        4.25,        0.00,        0.00,        1.00,        1.00,        0.00
     5040.00,       64.52,       26.61,        0.00,        0.00,        0.00,        0.00,        1.00,        4.25,        0.00,        0.00,        1.00,        1.00,        0.00
     5041.00,       64.52,       26.88,        0.00,        0.00,        0.00,        0.00,        1.00,        4.25,        0.00,        0.00,        1.00,        1.00,        0.00
     5042.00,       64.52,       25.39,        0.00,        0.00,        0.00,        0.00,        1.00,        4.25,        0.00,        0.00,        1.00,        1.00,        0.00
     5043.00,       64.52,       25.81,        0.00,        0.00,        0.00,        0.00,        1.00,        4.25,        0.00,        0.00,        1.00,        1.00,        0.00
     5044.00,       64.52,       25.91,        0.00,        0.00,        0.00,        0.00,        1.00,        4.25,        0.00,        0.00,        1.00,        1.00,        0.00
     5045.00,       64.52,       24.70,        0.00,        0.00,        0.00,        0.00,        1.00,        4.25,        0.00,        0.00,        1.00,        1.00,        0.00
     5046.00,       64.52,       30.19,        0.00,        0.00,        0.00,        0.00,        1.00,        4.25,        0.00,        0.00,        1.00,        1.00,        0.00
     5047.00,       64.52,       30.29,        0.00,        0.00,        0.00,        0.00,        1.00,        4.25,        0.00,        0.00,        1.00,        1.00,        0.00
     5048.00,       64.52,       32.33,        0.00,        0.00,        0.00,        0.00,        1.00,        4.25,        0.00,        0.00,        1.00,        1.00,        0.00
     5049.00,       64.52,       31.67,        0.00,        0.00,        0.00,        0.00,        1.00,        4.25,        0.00,        0.00,        1.00,        1.00,        0.00
     5050.00,       64.52,       33.85,        0.00,        0.00,        0.00,        0.00,        1.00,        4.25,        0.00,        0.00,        1.00,        1.00,        0.00
     5051.00,       64.52,       34.11,        0.00,        0.00,        0.00,        0.00,        1.00,        4.25,        0.00,        0.00,        1.00,        1.00,        0.00
     5052.00,       64.52,       35.55,        0.00,        0.00,        0.00,        0.00,        1.00,        4.25,        0.00,        0.00,        1.00,        1.00,        0.00
     5053.00,       64.52,       35.76,        0.00,        0.00,        0.00,        0.00,        1.00,        4.25,        0.00,        0.00,        1.00,        1.00,        0.00
     5054.00,       64.52,       36.47,        0.00,        0.00,        0.00,        0.00,        1.00,        4.25,        0.00,        0.00,        1.00,        1.00,        0.00
     5055.00,       64.52,       32.16,        0.00,        0.00,        0.00,        0.00,        1.00,        4.25,        0.00,        0.00,        1.00,        1.00,        0.00
     5056.00,       64.52,       41.43,        0.00,        0.00,        0.00,        0.00,        1.00,        4.25,        0.00,        0.00,        1.00,        1.00,        0.00
     5057.00,       64.52,       34.81,        0.00,        0.00,        0.00,        0.00,        1.00,        4.25,        0.00,        0.00,        1.00,        1.00,        0.00
     5058.00,       64.52,       22.68,        0.00,        0.00,        0.00,        0.00,        1.00,        4.25,        0.00,        0.00,        1.00,        1.00,        0.00
     5059.00,       64.52,       21.00,        0.00,        0.00,        0.00,        0.00,        1.00,        4.25,        0.00,        0.00,        1.00,        1.00,        0.00
     5060.00,       64.52,       14.81,        0.00,        0.00,        0.00,        0.00,        1.00,        4.25,        0.00,        0.00,        1.00,        1.00,        0.00
     5061.00,       64.52,       17.59,        0.00,        0.00,        0.00,        0.00,        1.00,        4.25,        0.00,        0.00,        1.00,        1.00,        0.00
     5062.00,       64.52,       18.91,        0.00,        0.00,        0.00,        0.00,        1.00,        4.25,        0.00,        0.00,        1.00,        1.00,        0.00
     5063.00,       64.52,       27.50,        0.00,        0.00,        0.00,        0.00,        1.00,        4.25,        0.00,        0.00,        1.00,        1.00,        0.00
     5064.00,       64.52,       25.90,        0.00,        0.00,        0.00,        0.00,        1.00,        4.25,        0.00,        0.00,        1.00,        1.00,        0.00
     5065.00,       64.52,       27.94,        0.00,        0.00,        0.00,        0.00,        1.00,        4.25,        0.00,        0.00,        1.00,        1.00,        0.00
     5066.00,       64.52,       27.05,        0.00,        0.00,        0.00,        0.00,        1.00,        4.25,        0.00,        0.00,        1.00,        1.00,        0.00
     5067.00,       64.52,       24.34,        0.00,        0.00,        0.00,        0.00,        1.00,        4.25,        0.00,        0.00,        1.00,        1.00,        0.00
     5068.00,       64.52,       25.68,        0.00,        0.00,        0.00,        0.00,        1.00,        4.25,        0.00,        0.00,        1.00,        1.00,        0.00
     5069.00,       64.52,       25.16,        0.00,        0.00,        0.00,        0.00,        1.00,        4.25,        0.00,        0.00,        1.00,        1.00,        0.00
     5070.00,       64.52,       27.18,        0.00,        0.00,        0.00,        0.00,        1.00,        4.25,        0.00,        0.00,        1.00,        1.00,        0.00
     5071.00,       64.52,       27.70,        0.00,        0.00,        0.00,        0.00,        1.00,        4.25,        0.00,        0.00,        1.00,        1.00,        0.00
     5072.00,       64.52,       28.96,        0.00,        0.00,        0.00,        0.00,        1.00,        4.25,        0.00,        0.00,        1.00,        1.00,        0.00
     5073.00,       64.52,       30.38,        0.00,        0.00,        0.00,        0.00,        1.00,        4.25,        0.00,        0.00,        1.00,        1.00,        0.00
     5074.00,       64.52,       31.86,        0.00,        0.00,        0.00,        0.00,        1.00,        4.25,        0.00,        0.00,        1.00,        1.00,        0.00
     5075.00,       64.52,       31.90,        0.00,        0.00,        0.00,        0.00,        1.00,        4.25,        0.00,        0.00,        1.00,        1.00,        0.00
     5076.00,       64.52,       36.07,        0.00,        0.00,        0.00,        0.00,        1.00,        4.25,        0.00,        0.00,        1.00,        1.00,        0.00
     5077.00,       64.52,       38.09,        0.00,        0.00,        0.00,        0.00,        1.00,        4.25,        0.00,        0.00,        1.00,        1.00,        0.00
     5078.00,       64.52,       40.03,        0.00,        0.00,        0.00,        0.00,        1.00,        4.25,        0.00,        0.00,        1.00,        1.00,        0.00
     5079.00,       64.52,       38.38,        0.00,        0.00,        0.00,        0.00,        1.00,        4.25,        0.00,        0.00,        1.00,        1.00,        0.00
     5080.00,       64.52,       50.71,        0.00,        0.00,        0.00,        0.00,        1.00,        4.25,        0.00,        0.00,        1.00,        1.00,        0.00
     5081.00,       64.52,       38.47,        0.00,        0.00,        0.00,        0.00,        1.00,        4.25,        0.00,        0.00,        1.00,        1.00,        0.00
     5082.00,       64.52,       27.24,        0.00,        0.00,        0.00,        0.00,        1.00,        4.25,        0.00,        0.00,        1.00,        1.00,        0.00
     5083.00,       64.52,       18.81,        0.00,        0.00,        0.00,        0.00,        1.00,        4.25,        0.00,        0.00,        1.00,        1.00,        0.00
     5084.00,       64.52,       18.67,        0.00,        0.00,        0.00,        0.00,        1.00,        4.25,        0.00,        0.00,        1.00,        1.00,        0.00
     5085.00,       64.52,       21.49,        0.00,        0.00,        0.00,        0.00,        1.00,        4.25,        0.00,        0.00,        1.00,        1.00,        0.00
     5086.00,       64.52,       21.83,        0.00,        0.00,        0.00,        0.00,        1.00,        4.25,        0.00,        0.00,        1.00,        1.00,        0.00
     5087.00,       64.52,       26.81,        0.00,        0.00,        0.00,        0.00,        1.00,        4.25,        0.00,        0.00,        1.00,        1.00,        0.00
     5088.00,       64.52,       22.96,        0.00,        0.00,        0.00,        0.00,        1.00,        4.25,        0.00,        0.00,        1.00,        1.00,        0.00
     5089.00,       64.52,       26.69,        0.00,        0.00,        0.00,        0.00,        1.00,        4.25,        0.00,        0.00,        1.00,        1.00,        0.00
     5090.00,       64.52,       26.21,        0.00,        0.00,        0.00,        0.00,        1.00,        4.25,        0.00,        0.00,        1.00,        1.00,        0.00
     5091.00,       64.52,       24.62,        0.00,        0.00,        0.00,        0.00,        1.00,        4.25,        0.00,        0.00,        1.00,        1.00,        0.00
     5092.00,       64.52,       24.72,        0.00,        0.00,        0.00,        0.00,        1.00,        4.25,        0.00,        0.00,        1.00,        1.00,        0.00
     5093.00,       64.52,       23.75,        0.00,        0.00,        0.00,        0.00,        1.00,        4.25,        0.00,        0.00,        1.00,        1.00,        0.00
     5094.00,       64.52,       25.17,        0.00,        0.00,        0.00,        0.00,        1.00,        4.25,        0.00,        0.00,        1.00,        1.00,        0.00
     5095.00,       64.52,       24.30,        0.00,        0.00,        0.00,        0.00,        1.00,        4.25,        0.00,        0.00,        1.00,        1.00,        0.00
     5096.00,       64.52,       26.84,        0.00,        0.00,        0.00,        0.00,        1.00,        4.25,        0.00,        0.00,        1.00,        1.00,        0.00
     5097.00,       64.52,       28.34,        0.00,        0.00,        0.00,        0.00,        1.00,        4.25,        0.00,        0.00,        1.00,        1.00,        0.00
     5098.00,       64.52,       31.03,        0.00,        0.00,        0.00,        0.00,        1.00,        4.25,        0.00,        0.00,        1.00,        1.00,        0.00
     5099.00,       64.52,       30.44,        0.00,        0.00,        0.00,        0.00,        1.00,        4.25,        0.00,        0.00,        1.00,        1.00,        0.00
     5100.00,       64.52,       31.62,        0.00,        0.00,        0.00,        0.00,        1.00,        4.25,        0.00,        0.00,        1.00,        1.00,        0.00
     5101.00,       64.52,       32.32,        0.00,        0.00,        0.00,        0.00,        1.00,        4.25,        0.00,        0.00,        1.00,        1.00,        0.00
     5102.00,       64.52,       31.98,        0.00,        0.00,        0.00,        0.00,        1.00,        4.25,        0.00,        0.00,        1.00,        1.00,        0.00
     5103.00,       64.52,       27.05,        0.00,        0.00,        0.00,        0.00,        1.00,        4.25,        0.00,        0.00,        1.00,        1.00,        0.00
     5104.00,       64.52,       29.49,        0.00,        0.00,        0.00,        0.00,        1.00,        4.25,        0.00,        0.00,        1.00,        1.00,        0.00
     5105.00,       64.52,       28.14,        0.00,        0.00,        0.00,        0.00,        1.00,        4.25,        0.00,        0.00,        1.00,        1.00,        0.00
     5106.00,       64.52,       25.12,        0.00,        0.00,        0.00,        0.00,        1.00,        4.25,        0.00,        0.00,        1.00,        1.00,        0.00
     5107.00,       64.52,       25.57,        0.00,        0.00,        0.00,        0.00,        1.00,        4.25,        0.00,        0.00,        1.00,        1.00,        0.00
     5108.00,       64.52,       26.78,        0.00,        0.00,        0.00,        0.00,        1.00,        4.25,        0.00,        0.00,        1.00,        1.00,        0.00
     5109.00,       64.52,       22.38,        0.00,        0.00,        0.00,        0.00,        1.00,        4.25,        0.00,        0.00,        1.00,        1.00,        0.00
     5110.00,       64.52,       22.22,        0.00,        0.00,        0.00,        0.00,        1.00,        4.25,        0.00,        0.00,        1.00,        1.00,        0.00
     5111.00,       64.52,       24.48,        0.00,        0.00,        0.00,        0.00,        1.00,        4.25,        0.00,        0.00,        1.00,        1.00,        0.00
     5112.00,       64.52,       23.56,        0.00,        0.00,        0.00,        0.00,        1.00,        4.25,        0.00,        0.00,        1.00,        1.00,        0.00
     5113.00,       64.52,       26.39,        0.00,        0.00,        0.00,        0.00,        1.00,        4.25,        0.00,        0.00,        1.00,        1.00,        0.00
     5114.00,       64.52,       27.24,        0.00,        0.00,        0.00,        0.00,        1.00,        4.25,        0.00,        0.00,        1.00,        1.00,        0.00
     5115.00,       64.52,       25.51,        0.00,        0.00,        0.00,        0.00,        1.00,        4.25,        0.00,        0.00,        1.00,        1.00,        0.00
     5116.00,       64.52,       25.83,        0.00,        0.00,        0.00,        0.00,        1.00,        4.25,        0.00,        0.00,        1.00,        1.00,        0.00
     5117.00,       64.52,       24.71,        0.00,        0.00,        0.00,        0.00,        1.00,        4.25,        0.00,        0.00,        1.00,        1.00,        0.00
     5118.00,       64.52,       25.95,        0.00,        0.00,        0.00,        0.00,        1.00,        4.25,        0.00,        0.00,        1.00,        1.00,        0.00
     5119.00,       64.52,       25.01,        0.00,        0.00,        0.00,        0.00,        1.00,        4.25,        0.00,        0.00,        1.00,        1.00,        0.00
     5120.00,       64.52,       24.55,        0.00,        0.00,        0.00,        0.00,        1.00,        4.25,        0.00,        0.00,        1.00,        1.00,        0.00
     5121.00,       64.52,       29.62,        0.00,        0.00,        0.00,        0.00,        1.00,        4.25,        0.00,        0.00,        1.00,        1.00,        0.00
     5122.00,       64.52,       29.86,        0.00,        0.00,        0.00,        0.00,        1.00,        4.25,        0.00,        0.00,        1.00,        1.00,        0.00
     5123.00,       64.52,       32.53,        0.00,        0.00,        0.00,        0.00,        1.00,        4.25,        0.00,        0.00,        1.00,        1.00,        0.00
     5124.00,       64.52,       31.95,        0.00,        0.00,        0.00,        0.00,        1.00,        4.25,        0.00,        0.00,        1.00,        1.00,        0.00
     5125.00,       64.52,       33.52,        0.00,        0.00,        0.00,        0.00,        1.00,        4.25,        0.00,        0.00,        1.00,        1.00,        0.00
     5126.00,       64.52,       33.27,        0.00,        0.00,        0.00,        0.00,        1.00,        4.25,        0.00,        0.00,        1.00,        1.00,        0.00
     5127.00,       64.52,       31.66,        0.00,        0.00,        0.00,        0.00,        1.00,        4.25,        0.00,        0.00,        1.00,        1.00,        0.00
     5128.00,       64.52,       32.18,        0.00,        0.00,        0.00,        0.00,        1.00,        4.25,        0.00,        0.00,        1.00,        1.00,        0.00
     5129.00,       64.52,       32.54,        0.00,        0.00,        0.00,        0.00,        1.00,        4.25,        0.00,        0.00,        1.00,        1.00,        0.00
     5130.00,       64.52,       27.23,        0.00,        0.00,        0.00,        0.00,        1.00,        4.25,        0.00,        0.00,        1.00,        1.00,        0.00
     5131.00,       64.52,       26.88,        0.00,        0.00,        0.00,        0.00,        1.00,        4.25,        0.00,        0.00,        1.00,        1.00,        0.00
     5132.00,       64.52,       27.99,        0.00,        0.00,        0.00,        0.00,        1.00,        4.25,        0.00,        0.00,        1.00,        1.00,        0.00
     5133.00,       64.52,       24.28,        0.00,        0.00,        0.00,        0.00,        1.00,        4.25,        0.00,        0.00,        1.00,        1.00,        0.00
     5134.00,       64.52,       23.77,        0.00,        0.00,        0.00,        0.00,        1.00,        4.25,        0.00,        0.00,        1.00,        1.00,        0.00
     5135.00,       64.52,       24.98,        0.00,        0.00,        0.00,        0.00,        1.00,        4.25,        0.00,        0.00,        1.00,        1.00,        0.00
     5136.00,       64.52,       23.29,        0.00,        0.00,        0.00,        0.00,        1.00,        4.25,        0.00,        0.00,        1.00,        1.00,        0.00
     5137.00,       64.52,       25.52,        0.00,        0.00,        0.00,        0.00,        1.00,        4.25,        0.00,        0.00,        1.00,        1.00,        0.00
     5138.00,       64.52,       25.86,        0.00,        0.00,        0.00,        0.00,        1.00,        4.25,        0.00,        0.00,        1.00,        1.00,        0.00
     5139.00,       64.52,       23.69,        0.00,        0.00,        0.00,        0.00,        1.00,        4.25,        0.00,        0.00,        1.00,        1.00,        0.00
     5140.00,       64.52,       25.46,        0.00,        0.00,        0.00,        0.00,        1.00,        4.25,        0.00,        0.00,        1.00,        1.00,        0.00
     5141.00,       64.52,       26.73,        0.00,        0.00,        0.00,        0.00,        1.00,        4.25,        0.00,        0.00,        1.00,        1.00,        0.00
     5142.00,       64.52,       29.40,        0.00,        0.00,        0.00,        0.00,        1.00,        4.25,        0.00,        0.00,        1.00,        1.00,        0.00
     5143.00,       64.52,       28.34,        0.00,        0.00,        0.00,        0.00,        1.00,        4.25,        0.00,        0.00,        1.00,        1.00,        0.00
     5144.00,       64.52,       28.70,        0.00,        0.00,        0.00,        0.00,        1.00,        4.25,        0.00,        0.00,        1.00,        1.00,        0.00
     5145.00,       64.52,       30.86,        0.00,        0.00,        0.00,        0.00,        1.00,        4.25,        0.00,        0.00,        1.00,        1.00,        0.00
     5146.00,       64.52,       31.76,        0.00,        0.00,        0.00,        0.00,        1.00,        4.25,        0.00,        0.00,        1.00,        1.00,        0.00
     5147.00,       64.52,       32.15,        0.00,        0.00,        0.00,        0.00,        1.00,        4.25,        0.00,        0.00,        1.00,        1.00,        0.00
     5148.00,       64.52,       32.79,        0.00,        0.00,        0.00,        0.00,        1.00,        4.25,        0.00,        0.00,        1.00,        1.00,        0.00
     5149.00,       64.52,       33.58,        0.00,        0.00,        0.00,        0.00,        1.00,        4.25,        0.00,        0.00,        1.00,        1.00,        0.00
     5150.00,       64.52,       36.73,        0.00,        0.00,        0.00,        0.00,        1.00,        4.25,        0.00,        0.00,        1.00,        1.00,        0.00
     5151.00,       64.52,       34.52,        0.00,        0.00,        0.00,        0.00,        1.00,        4.25,        0.00,        0.00,        1.00,        1.00,        0.00
     5152.00,       64.52,       37.22,        0.00,        0.00,        0.00,        0.00,        1.00,        4.25,        0.00,        0.00,        1.00,        1.00,        0.00
     5153.00,       64.52,       35.63,        0.00,        0.00,        0.00,        0.00,        1.00,        4.25,        0.00,        0.00,        1.00,        1.00,        0.00
     5154.00,       64.52,       32.83,        0.00,        0.00,        0.00,        0.00,        1.00,        4.25,        0.00,        0.00,        1.00,        1.00,        0.00
     5155.00,       64.52,       26.47,        0.00,        0.00,        0.00,        0.00,        1.00,        4.25,        0.00,        0.00,        1.00,        1.00,        0.00
     5156.00,       64.52,       23.50,        0.00,        0.00,        0.00,        0.00,        1.00,        4.25,        0.00,        0.00,        1.00,        1.00,        0.00
     5157.00,       64.52,       23.70,        0.00,        0.00,        0.00,        0.00,        1.00,        4.25,        0.00,        0.00,        1.00,        1.00,        0.00
     5158.00,       64.52,       24.79,        0.00,        0.00,        0.00,        0.00,        1.00,        4.25,        0.00,        0.00,        1.00,        1.00,        0.00
     5159.00,       64.52,       25.42,        0.00,        0.00,        0.00,        0.00,        1.00,        4.25,        0.00,        0.00,        1.00,        1.00,        0.00
     5160.00,       64.52,       22.88,        0.00,        0.00,        0.00,        0.00,        1.00,        4.25,        0.00,        0.00,        1.00,        1.00,        0.00
     5161.00,       64.52,       24.62,        0.00,        0.00,        0.00,        0.00,        1.00,        4.25,        0.00,        0.00,        1.00,        1.00,        0.00
     5162.00,       64.52,       24.64,        0.00,        0.00,        0.00,        0.00,        1.00,        4.25,        0.00,        0.00,        1.00,        1.00,        0.00
     5163.00,       64.52,       24.71,        0.00,        0.00,        0.00,        0.00,        1.00,        4.25,        0.00,        0.00,        1.00,        1.00,        0.00
     5164.00,       64.52,       25.38,        0.00,        0.00,        0.00,        0.00,        1.00,        4.25,        0.00,        0.00,        1.00,        1.00,        0.00
     5165.00,       64.52,       26.71,        0.00,        0.00,        0.00,        0.00,        1.00,        4.25,        0.00,        0.00,        1.00,        1.00,        0.00
     5166.00,       64.52,       29.06,        0.00,        0.00,        0.00,        0.00,        1.00,        4.25,        0.00,        0.00,        1.00,        1.00,        0.00
     5167.00,       64.52,       30.94,        0.00,        0.00,        0.00,        0.00,        1.00,        4.25,        0.00,        0.00,        1.00,        1.00,        0.00
     5168.00,       64.52,       30.55,        0.00,        0.00,        0.00,        0.00,        1.00,        4.25,        0.00,        0.00,        1.00,        1.00,        0.00
     5169.00,       64.52,       30.67,        0.00,        0.00,        0.00,        0.00,        1.00,        4.25,        0.00,        0.00,        1.00,        1.00,        0.00
     5170.00,       64.52,       32.02,        0.00,        0.00,        0.00,        0.00,        1.00,        4.25,        0.00,        0.00,        1.00,        1.00,        0.00
     5171.00,       64.52,       30.65,        0.00,        0.00,        0.00,        0.00,        1.00,        4.25,        0.00,        0.00,        1.00,        1.00,        0.00
     5172.00,       64.52,       30.86,        0.00,        0.00,        0.00,        0.00,        1.00,        4.25,        0.00,        0.00,        1.00,        1.00,        0.00
     5173.00,       64.52,       32.13,        0.00,        0.00,        0.00,        0.00,        1.00,        4.25,        0.00,        0.00,        1.00,        1.00,        0.00
     5174.00,       64.52,       33.81,        0.00,        0.00,        0.00,        0.00,        1.00,        4.25,        0.00,        0.00,        1.00,        1.00,        0.00
     5175.00,       64.52,       32.71,        0.00,        0.00,        0.00,        0.00,        1.00,        4.25,        0.00,        0.00,        1.00,        1.00,        0.00
     5176.00,       64.52,       36.62,        0.00,        0.00,        0.00,        0.00,        1.00,        4.25,        0.00,        0.00,        1.00,        1.00,        0.00
     5177.00,       64.52,       29.35,        0.00,        0.00,        0.00,        0.00,        1.00,        4.25,        0.00,        0.00,        1.00,        1.00,        0.00
     5178.00,       64.52,       27.59,        0.00,        0.00,        0.00,        0.00,        1.00,        4.25,        0.00,        0.00,        1.00,        1.00,        0.00
     5179.00,       64.52,       24.83,        0.00,        0.00,        0.00,        0.00,        1.00,        4.25,        0.00,        0.00,        1.00,        1.00,        0.00
     5180.00,       64.52,       21.30,        0.00,        0.00,        0.00,        0.00,        1.00,        4.25,        0.00,        0.00,        1.00,        1.00,        0.00
     5181.00,       64.52,       19.32,        0.00,        0.00,        0.00,        0.00,        1.00,        4.25,        0.00,        0.00,        1.00,        1.00,        0.00
     5182.00,       64.52,       22.23,        0.00,        0.00,        0.00,        0.00,        1.00,        4.25,        0.00,        0.00,        1.00,        1.00,        0.00
     5183.00,       64.52,       25.80,        0.00,        0.00,        0.00,        0.00,        1.00,        4.25,        0.00,        0.00,        1.00,        1.00,        0.00
     5184.00,       64.52,       22.85,        0.00,        0.00,        0.00,        0.00,        1.00,        4.25,        0.00,        0.00,        1.00,        1.00,        0.00
     5185.00,       64.52,       26.37,        0.00,        0.00,        0.00,        0.00,        1.00,        4.25,        0.00,        0.00,        1.00,        1.00,        0.00
     5186.00,       64.52,       27.14,        0.00,        0.00,        0.00,        0.00,        1.00,        4.25,        0.00,        0.00,        1.00,        1.00,        0.00
     5187.00,       64.52,       25.03,        0.00,        0.00,        0.00,        0.00,        1.00,        4.25,        0.00,        0.00,        1.00,        1.00,        0.00
     5188.00,       64.52,       25.80,        0.00,        0.00,        0.00,        0.00,        1.00,        4.25,        0.00,        0.00,        1.00,        1.00,        0.00
     5189.00,       64.52,       27.38,        0.00,        0.00,        0.00,        0.00,        1.00,        4.25,        0.00,        0.00,        1.00,        1.00,        0.00
     5190.00,       64.52,       28.95,        0.00,        0.00,        0.00,        0.00,        1.00,        4.25,        0.00,        0.00,        1.00,        1.00,        0.00
     5191.00,       64.52,       30.50,        0.00,        0.00,        0.00,        0.00,        1.00,        4.25,        0.00,        0.00,        1.00,        1.00,        0.00
     5192.00,       64.52,       32.63,        0.00,        0.00,        0.00,        0.00,        1.00,        4.25,        0.00,        0.00,        1.00,        1.00,        0.00
     5193.00,       64.52,       32.72,        0.00,        0.00,        0.00,        0.00,        1.00,        4.25,        0.00,        0.00,        1.00,        1.00,        0.00
     5194.00,       64.52,       33.10,        0.00,        0.00,        0.00,        0.00,        1.00,        4.25,        0.00,        0.00,        1.00,        1.00,        0.00
     5195.00,       64.52,       32.39,        0.00,        0.00,        0.00,        0.00,        1.00,        4.25,        0.00,        0.00,        1.00,        1.00,        0.00
     5196.00,       64.52,       34.12,        0.00,        0.00,        0.00,        0.00,        1.00,        4.25,        0.00,        0.00,        1.00,        1.00,        0.00
     5197.00,       64.52,       36.32,        0.00,        0.00,        0.00,        0.00,        1.00,        4.25,        0.00,        0.00,        1.00,        1.00,        0.00
     5198.00,       64.52,       38.54,        0.00,        0.00,        0.00,        0.00,        1.00,        4.25,        0.00,        0.00,        1.00,        1.00,        0.00
     5199.00,       64.52,       35.65,        0.00,        0.00,        0.00,        0.00,        1.00,        4.25,        0.00,        0.00,        1.00,        1.00,        0.00
     5200.00,       64.52,       47.36,        0.00,        0.00,        0.00,        0.00,        1.00,        4.25,        0.00,        0.00,        1.00,        1.00,        0.00
     5201.00,       64.52,       39.50,        0.00,        0.00,        0.00,        0.00,        1.00,        4.25,        0.00,        0.00,        1.00,        1.00,        0.00
     5202.00,       64.52,       38.95,        0.00,        0.00,        0.00,        0.00,        1.00,        4.25,        0.00,        0.00,        1.00,        1.00,        0.00
     5203.00,       64.52,       33.79,        0.00,        0.00,        0.00,        0.00,        1.00,        4.25,        0.00,        0.00,        1.00,        1.00,        0.00
     5204.00,       64.52,       23.13,        0.00,        0.00,        0.00,        0.00,        1.00,        4.25,        0.00,        0.00,        1.00,        1.00,        0.00
     5205.00,       64.52,       21.65,        0.00,        0.00,        0.00,        0.00,        1.00,        4.25,        0.00,        0.00,        1.00,        1.00,        0.00
     5206.00,       64.52,       24.36,        0.00,        0.00,        0.00,        0.00,        1.00,        4.25,        0.00,        0.00,        1.00,        1.00,        0.00
     5207.00,       64.52,       27.13,        0.00,        0.00,        0.00,        0.00,        1.00,        4.25,        0.00,        0.00,        1.00,        1.00,        0.00
     5208.00,       64.52,       25.90,        0.00,        0.00,        0.00,        0.00,        1.00,        4.25,        0.00,        0.00,        1.00,        1.00,        0.00
     5209.00,       64.52,       27.56,        0.00,        0.00,        0.00,        0.00,        1.00,        4.25,        0.00,        0.00,        1.00,        1.00,        0.00
     5210.00,       64.52,       27.82,        0.00,        0.00,        0.00,        0.00,        1.00,        4.25,        0.00,        0.00,        1.00,        1.00,        0.00
     5211.00,       64.52,       26.96,        0.00,        0.00,        0.00,        0.00,        1.00,        4.25,        0.00,        0.00,        1.00,        1.00,        0.00
     5212.00,       64.52,       27.89,        0.00,        0.00,        0.00,        0.00,        1.00,        4.25,        0.00,        0.00,        1.00,        1.00,        0.00
     5213.00,       64.52,       29.43,        0.00,        0.00,        0.00,        0.00,        1.00,        4.25,        0.00,        0.00,        1.00,        1.00,        0.00
     5214.00,       64.52,       30.99,        0.00,        0.00,        0.00,        0.00,        1.00,        4.25,        0.00,        0.00,        1.00,        1.00,        0.00
     5215.00,       64.52,       31.86,        0.00,        0.00,        0.00,        0.00,        1.00,        4.25,        0.00,        0.00,        1.00,        1.00,        0.00
     5216.00,       64.52,       35.38,        0.00,        0.00,        0.00,        0.00,        1.00,        4.25,        0.00,        0.00,        1.00,        1.00,        0.00
     5217.00,       64.52,       37.55,        0.00,        0.00,        0.00,        0.00,        1.00,        4.25,        0.00,        0.00,        1.00,        1.00,        0.00
     5218.00,       64.52,       34.06,        0.00,        0.00,        0.00,        0.00,        1.00,        4.25,        0.00,        0.00,        1.00,        1.00,        0.00
     5219.00,       64.52,       34.03,        0.00,        0.00,        0.00,        0.00,        1.00,        4.25,        0.00,        0.00,        1.00,        1.00,        0.00
     5220.00,       64.52,       35.40,        0.00,        0.00,        0.00,        0.00,        1.00,        4.25,        0.00,        0.00,        1.00,        1.00,        0.00
     5221.00,       64.52,       35.36,        0.00,        0.00,        0.00,        0.00,        1.00,        4.25,        0.00,        0.00,        1.00,        1.00,        0.00
     5222.00,       64.52,       35.94,        0.00,        0.00,        0.00,        0.00,        1.00,        4.25,        0.00,        0.00,        1.00,        1.00,        0.00
     5223.00,       64.52,       40.55,        0.00,        0.00,        0.00,        0.00,        1.00,        4.25,        0.00,        0.00,        1.00,        1.00,        0.00
     5224.00,       64.52,       46.84,        0.00,        0.00,        0.00,        0.00,        1.00,        4.25,        0.00,        0.00,        1.00,        1.00,        0.00
     5225.00,       64.52,       37.60,        0.00,        0.00,        0.00,        0.00,        1.00,        4.25,        0.00,        0.00,        1.00,        1.00,        0.00
     5226.00,       64.52,       34.18,        0.00,        0.00,        0.00,        0.00,        1.00,        4.25,        0.00,        0.00,        1.00,        1.00,        0.00
     5227.00,       64.52,       21.38,        0.00,        0.00,        0.00,        0.00,        1.00,        4.25,        0.00,        0.00,        1.00,        1.00,        0.00
     5228.00,       64.52,       22.96,        0.00,        0.00,        0.00,        0.00,        1.00,        4.25,        0.00,        0.00,        1.00,        1.00,        0.00
     5229.00,       64.52,       20.95,        0.00,        0.00,        0.00,        0.00,        1.00,        4.25,        0.00,        0.00,        1.00,        1.00,        0.00
     5230.00,       64.52,       23.35,        0.00,        0.00,        0.00,        0.00,        1.00,        4.25,        0.00,        0.00,        1.00,        1.00,        0.00
     5231.00,       64.52,       27.49,        0.00,        0.00,        0.00,        0.00,        1.00,        4.25,        0.00,        0.00,        1.00,        1.00,        0.00
     5232.00,       64.52,       29.39,        0.00,        0.00,        0.00,        0.00,        1.00,        4.25,        0.00,        0.00,        1.00,        1.00,        0.00
     5233.00,       64.52,       30.50,        0.00,        0.00,        0.00,        0.00,        1.00,        4.25,        0.00,        0.00,        1.00,        1.00,        0.00
     5234.00,       64.52,       26.69,        0.00,        0.00,        0.00,        0.00,        1.00,        4.25,        0.00,        0.00,        1.00,        1.00,        0.00
     5235.00,       64.52,       25.09,        0.00,        0.00,        0.00,        0.00,        1.00,        4.25,        0.00,        0.00,        1.00,        1.00,        0.00
     5236.00,       64.52,       26.04,        0.00,        0.00,        0.00,        0.00,        1.00,        4.25,        0.00,        0.00,        1.00,        1.00,        0.00
     5237.00,       64.52,       30.66,        0.00,        0.00,        0.00,        0.00,        1.00,        4.25,        0.00,        0.00,        1.00,        1.00,        0.00
     5238.00,       64.52,       31.16,        0.00,        0.00,        0.00,        0.00,        1.00,        4.25,        0.00,        0.00,        1.00,        1.00,        0.00
     5239.00,       64.52,       33.38,        0.00,        0.00,        0.00,        0.00,        1.00,        4.25,        0.00,        0.00,        1.00,        1.00,        0.00
     5240.00,       64.52,       35.21,        0.00,        0.00,        0.00,        0.00,        1.00,        4.25,        0.00,        0.00,        1.00,        1.00,        0.00
     5241.00,       64.52,       37.24,        0.00,        0.00,        0.00,        0.00,        1.00,        4.25,        0.00,        0.00,        1.00,        1.00,        0.00
     5242.00,       64.52,       42.28,        0.00,        0.00,        0.00,        0.00,        1.00,        4.25,        0.00,        0.00,        1.00,        1.00,        0.00
     5243.00,       64.52,       41.57,        0.00,        0.00,        0.00,        0.00,        1.00,        4.25,        0.00,        0.00,        1.00,        1.00,        0.00
     5244.00,       64.52,       51.41,        0.00,        0.00,        0.00,        0.00,        1.00,        4.25,        0.00,        0.00,        1.00,        1.00,        0.00
     5245.00,       64.52,       57.91,        0.00,        0.00,        0.00,        0.00,        1.00,        4.25,        0.00,        0.00,        1.00,        1.00,        0.00
     5246.00,       64.52,       66.14,        0.00,        0.00,        0.00,        0.00,        1.00,        4.25,        0.00,        0.00,        1.00,        1.00,        0.00
     5247.00,       64.52,       43.36,        0.00,        0.00,        0.00,        0.00,        1.00,        4.25,        0.00,        0.00,        1.00,        1.00,        0.00
     5248.00,       64.52,       46.97,        0.00,        0.00,        0.00,        0.00,        1.00,        4.25,        0.00,        0.00,        1.00,        1.00,        0.00
     5249.00,       64.52,       43.68,        0.00,        0.00,        0.00,        0.00,        1.00,        4.25,        0.00,        0.00,        1.00,        1.00,        0.00
     5250.00,       64.52,       39.72,        0.00,        0.00,        0.00,        0.00,        1.00,        4.25,        0.00,        0.00,        1.00,        1.00,        0.00
     5251.00,       64.52,       26.68,        0.00,        0.00,        0.00,        0.00,        1.00,        4.25,        0.00,        0.00,        1.00,        1.00,        0.00
     5252.00,       64.52,       25.18,        0.00,        0.00,        0.00,        0.00,        1.00,        4.25,        0.00,        0.00,        1.00,        1.00,        0.00
     5253.00,       64.52,       25.88,        0.00,        0.00,        0.00,        0.00,        1.00,        4.25,        0.00,        0.00,        1.00,        1.00,        0.00
     5254.00,       64.52,       25.98,        0.00,        0.00,        0.00,        0.00,        1.00,        4.25,        0.00,        0.00,        1.00,        1.00,        0.00
     5255.00,       64.52,       29.43,        0.00,        0.00,        0.00,        0.00,        1.00,        4.25,        0.00,        0.00,        1.00,        1.00,        0.00
     5256.00,       64.52,       25.02,        0.00,        0.00,        0.00,        0.00,        1.00,        4.25,        0.00,        0.00,        1.00,        1.00,        0.00
     5257.00,       64.52,       26.77,        0.00,        0.00,        0.00,        0.00,        1.00,        4.25,        0.00,        0.00,        1.00,        1.00,        0.00
     5258.00,       64.52,       27.50,        0.00,        0.00,        0.00,        0.00,        1.00,        4.25,        0.00,        0.00,        1.00,        1.00,        0.00
     5259.00,       64.52,       26.05,        0.00,        0.00,        0.00,        0.00,        1.00,        4.25,        0.00,        0.00,        1.00,        1.00,        0.00
     5260.00,       64.52,       26.83,        0.00,        0.00,        0.00,        0.00,        1.00,        4.25,        0.00,        0.00,        1.00,        1.00,        0.00
     5261.00,       64.52,       28.04,        0.00,        0.00,        0.00,        0.00,        1.00,        4.25,        0.00,        0.00,        1.00,        1.00,        0.00
     5262.00,       64.52,       25.48,        0.00,        0.00,        0.00,        0.00,        1.00,        4.25,        0.00,        0.00,        1.00,        1.00,        0.00
     5263.00,       64.52,       23.58,        0.00,        0.00,        0.00,        0.00,        1.00,        4.25,        0.00,        0.00,        1.00,        1.00,        0.00
     5264.00,       64.52,       24.84,        0.00,        0.00,        0.00,        0.00,        1.00,        4.25,        0.00,        0.00,        1.00,        1.00,        0.00
     5265.00,       64.52,       25.36,        0.00,        0.00,        0.00,        0.00,        1.00,        4.25,        0.00,        0.00,        1.00,        1.00,        0.00
     5266.00,       64.52,       32.13,        0.00,        0.00,        0.00,        0.00,        1.00,        4.25,        0.00,        0.00,        1.00,        1.00,        0.00
     5267.00,       64.52,       31.71,        0.00,        0.00,        0.00,        0.00,        1.00,        4.25,        0.00,        0.00,        1.00,        1.00,        0.00
     5268.00,       64.52,       32.84,        0.00,        0.00,        0.00,        0.00,        1.00,        4.25,        0.00,        0.00,        1.00,        1.00,        0.00
     5269.00,       64.52,       30.09,        0.00,        0.00,        0.00,        0.00,        1.00,        4.25,        0.00,        0.00,        1.00,        1.00,        0.00
     5270.00,       64.52,       29.53,        0.00,        0.00,        0.00,        0.00,        1.00,        4.25,        0.00,        0.00,        1.00,        1.00,        0.00
     5271.00,       64.52,       28.67,        0.00,        0.00,        0.00,        0.00,        1.00,        4.25,        0.00,        0.00,        1.00,        1.00,        0.00
     5272.00,       64.52,       32.66,        0.00,        0.00,        0.00,        0.00,        1.00,        4.25,        0.00,        0.00,        1.00,        1.00,        0.00
     5273.00,       64.52,       28.80,        0.00,        0.00,        0.00,        0.00,        1.00,        4.25,        0.00,        0.00,        1.00,        1.00,        0.00
     5274.00,       64.52,       29.41,        0.00,        0.00,        0.00,        0.00,        1.00,        4.25,        0.00,        0.00,        1.00,        1.00,        0.00
     5275.00,       64.52,       28.56,        0.00,        0.00,        0.00,        0.00,        1.00,        4.25,        0.00,        0.00,        1.00,        1.00,        0.00
     5276.00,       64.52,       28.10,        0.00,        0.00,        0.00,        0.00,        1.00,        4.25,        0.00,        0.00,        1.00,        1.00,        0.00
     5277.00,       64.52,       26.17,        0.00,        0.00,        0.00,        0.00,        1.00,        4.25,        0.00,        0.00,        1.00,        1.00,        0.00
     5278.00,       64.52,       26.83,        0.00,        0.00,        0.00,        0.00,        1.00,        4.25,        0.00,        0.00,        1.00,        1.00,        0.00
     5279.00,       64.52,       27.51,        0.00,        0.00,        0.00,        0.00,        1.00,        4.25,        0.00,        0.00,        1.00,        1.00,        0.00
     5280.00,       64.52,       19.87,        0.00,        0.00,        0.00,        0.00,        1.00,        4.25,        0.00,        0.00,        1.00,        1.00,        0.00
     5281.00,       64.52,       22.71,        0.00,        0.00,        0.00,        0.00,        1.00,        4.25,        0.00,        0.00,        1.00,        1.00,        0.00
     5282.00,       64.52,       25.23,        0.00,        0.00,        0.00,        0.00,        1.00,        4.25,        0.00,        0.00,        1.00,        1.00,        0.00
     5283.00,       64.52,       23.72,        0.00,        0.00,        0.00,        0.00,        1.00,        4.25,        0.00,        0.00,        1.00,        1.00,        0.00
     5284.00,       64.52,       24.68,        0.00,        0.00,        0.00,        0.00,        1.00,        4.25,        0.00,        0.00,        1.00,        1.00,        0.00
     5285.00,       64.52,       25.96,        0.00,        0.00,        0.00,        0.00,        1.00,        4.25,        0.00,        0.00,        1.00,        1.00,        0.00
     5286.00,       64.52,       23.27,        0.00,        0.00,        0.00,        0.00,        1.00,        4.25,        0.00,        0.00,        1.00,        1.00,        0.00
     5287.00,       64.52,       23.15,        0.00,        0.00,        0.00,        0.00,        1.00,        4.25,        0.00,        0.00,        1.00,        1.00,        0.00
     5288.00,       64.52,       24.18,        0.00,        0.00,        0.00,        0.00,        1.00,        4.25,        0.00,        0.00,        1.00,        1.00,        0.00
     5289.00,       64.52,       27.21,        0.00,        0.00,        0.00,        0.00,        1.00,        4.25,        0.00,        0.00,        1.00,        1.00,        0.00
     5290.00,       64.52,       31.94,        0.00,        0.00,        0.00,        0.00,        1.00,        4.25,        0.00,        0.00,        1.00,        1.00,        0.00
     5291.00,       64.52,       30.96,        0.00,        0.00,        0.00,        0.00,        1.00,        4.25,        0.00,        0.00,        1.00,        1.00,        0.00
     5292.00,       64.52,       31.13,        0.00,        0.00,        0.00,        0.00,        1.00,        4.25,        0.00,        0.00,        1.00,        1.00,        0.00
     5293.00,       64.52,       30.71,        0.00,        0.00,        0.00,        0.00,        1.00,        4.25,        0.00,        0.00,        1.00,        1.00,        0.00
     5294.00,       64.52,       28.64,        0.00,        0.00,        0.00,        0.00,        1.00,        4.25,        0.00,        0.00,        1.00,        1.00,        0.00
     5295.00,       64.52,       27.87,        0.00,        0.00,        0.00,        0.00,        1.00,        4.25,        0.00,        0.00,        1.00,        1.00,        0.00
     5296.00,       64.52,       29.47,        0.00,        0.00,        0.00,        0.00,        1.00,        4.25,        0.00,        0.00,        1.00,        1.00,        0.00
     5297.00,       64.52,       30.72,        0.00,        0.00,        0.00,        0.00,        1.00,        4.25,        0.00,        0.00,        1.00,        1.00,        0.00
     5298.00,       64.52,       32.94,        0.00,        0.00,        0.00,        0.00,        1.00,        4.25,        0.00,        0.00,        1.00,        1.00,        0.00
     5299.00,       64.52,       32.65,        0.00,        0.00,        0.00,        0.00,        1.00,        4.25,        0.00,        0.00,        1.00,        1.00,        0.00
     5300.00,       64.52,       27.14,        0.00,        0.00,        0.00,        0.00,        1.00,        4.25,        0.00,        0.00,        1.00,        1.00,        0.00
     5301.00,       64.52,       25.42,        0.00,        0.00,        0.00,        0.00,        1.00,        4.25,        0.00,        0.00,        1.00,        1.00,        0.00
     5302.00,       64.52,       25.87,        0.00,        0.00,        0.00,        0.00,        1.00,        4.25,        0.00,        0.00,        1.00,        1.00,        0.00
     5303.00,       64.52,       26.83,        0.00,        0.00,        0.00,        0.00,        1.00,        4.25,        0.00,        0.00,        1.00,        1.00,        0.00
     5304.00,       64.52,       24.97,        0.00,        0.00,        0.00,        0.00,        1.00,        4.25,        0.00,        0.00,        1.00,        1.00,        0.00
     5305.00,       64.52,       25.90,        0.00,        0.00,        0.00,        0.00,        1.00,        4.25,        0.00,        0.00,        1.00,        1.00,        0.00
     5306.00,       64.52,       26.53,        0.00,        0.00,        0.00,        0.00,        1.00,        4.25,        0.00,        0.00,        1.00,        1.00,        0.00
     5307.00,       64.52,       26.27,        0.00,        0.00,        0.00,        0.00,        1.00,        4.25,        0.00,        0.00,        1.00,        1.00,        0.00
     5308.00,       64.52,       27.62,        0.00,        0.00,        0.00,        0.00,        1.00,        4.25,        0.00,        0.00,        1.00,        1.00,        0.00
     5309.00,       64.52,       29.09,        0.00,        0.00,        0.00,        0.00,        1.00,        4.25,        0.00,        0.00,        1.00,        1.00,        0.00
     5310.00,       64.52,       31.55,        0.00,        0.00,        0.00,        0.00,        1.00,        4.25,        0.00,        0.00,        1.00,        1.00,        0.00
     5311.00,       64.52,       31.75,        0.00,        0.00,        0.00,        0.00,        1.00,        4.25,        0.00,        0.00,        1.00,        1.00,        0.00
     5312.00,       64.52,       32.51,        0.00,        0.00,        0.00,        0.00,        1.00,        4.25,        0.00,        0.00,        1.00,        1.00,        0.00
     5313.00,       64.52,       34.10,        0.00,        0.00,        0.00,        0.00,        1.00,        4.25,        0.00,        0.00,        1.00,        1.00,        0.00
     5314.00,       64.52,       33.99,        0.00,        0.00,        0.00,        0.00,        1.00,        4.25,        0.00,        0.00,        1.00,        1.00,        0.00
     5315.00,       64.52,       34.51,        0.00,        0.00,        0.00,        0.00,        1.00,        4.25,        0.00,        0.00,        1.00,        1.00,        0.00
     5316.00,       64.52,       34.45,        0.00,        0.00,        0.00,        0.00,        1.00,        4.25,        0.00,        0.00,        1.00,        1.00,        0.00
     5317.00,       64.52,       35.67,        0.00,        0.00,        0.00,        0.00,        1.00,        4.25,        0.00,        0.00,        1.00,        1.00,        0.00
     5318.00,       64.52,       37.69,        0.00,        0.00,        0.00,        0.00,        1.00,        4.25,        0.00,        0.00,        1.00,        1.00,        0.00
     5319.00,       64.52,       37.83,        0.00,        0.00,        0.00,        0.00,        1.00,        4.25,        0.00,        0.00,        1.00,        1.00,        0.00
     5320.00,       64.52,       37.21,        0.00,        0.00,        0.00,        0.00,        1.00,        4.25,        0.00,        0.00,        1.00,        1.00,        0.00
     5321.00,       64.52,       37.45,        0.00,        0.00,        0.00,        0.00,        1.00,        4.25,        0.00,        0.00,        1.00,        1.00,        0.00
     5322.00,       64.52,       38.10,        0.00,        0.00,        0.00,        0.00,        1.00,        4.25,        0.00,        0.00,        1.00,        1.00,        0.00
     5323.00,       64.52,       35.21,        0.00,        0.00,        0.00,        0.00,        1.00,        4.25,        0.00,        0.00,        1.00,        1.00,        0.00
     5324.00,       64.52,       31.91,        0.00,        0.00,        0.00,        0.00,        1.00,        4.25,        0.00,        0.00,        1.00,        1.00,        0.00
     5325.00,       64.52,       29.67,        0.00,        0.00,        0.00,        0.00,        1.00,        4.25,        0.00,        0.00,        1.00,        1.00,        0.00
     5326.00,       64.52,       28.63,        0.00,        0.00,        0.00,        0.00,        1.00,        4.25,        0.00,        0.00,        1.00,        1.00,        0.00
     5327.00,       64.52,       28.94,        0.00,        0.00,        0.00,        0.00,        1.00,        4.25,        0.00,        0.00,        1.00,        1.00,        0.00
     5328.00,       64.52,       25.67,        0.00,        0.00,        0.00,        0.00,        1.00,        4.25,        0.00,        0.00,        1.00,        1.00,        0.00
     5329.00,       64.52,       29.92,        0.00,        0.00,        0.00,        0.00,        1.00,        4.25,        0.00,        0.00,        1.00,        1.00,        0.00
     5330.00,       64.52,       29.15,        0.00,        0.00,        0.00,        0.00,        1.00,        4.25,        0.00,        0.00,        1.00,        1.00,        0.00
     5331.00,       64.52,       26.61,        0.00,        0.00,        0.00,        0.00,        1.00,        4.25,        0.00,        0.00,        1.00,        1.00,        0.00
     5332.00,       64.52,       29.16,        0.00,        0.00,        0.00,        0.00,        1.00,        4.25,        0.00,        0.00,        1.00,        1.00,        0.00
     5333.00,       64.52,       30.78,        0.00,        0.00,        0.00,        0.00,        1.00,        4.25,        0.00,        0.00,        1.00,        1.00,        0.00
     5334.00,       64.52,       33.53,        0.00,        0.00,        0.00,        0.00,        1.00,        4.25,        0.00,        0.00,        1.00,        1.00,        0.00
     5335.00,       64.52,       32.71,        0.00,        0.00,        0.00,        0.00,        1.00,        4.25,        0.00,        0.00,        1.00,        1.00,        0.00
     5336.00,       64.52,       31.42,        0.00,        0.00,        0.00,        0.00,        1.00,        4.25,        0.00,        0.00,        1.00,        1.00,        0.00
     5337.00,       64.52,       32.63,        0.00,        0.00,        0.00,        0.00,        1.00,        4.25,        0.00,        0.00,        1.00,        1.00,        0.00
     5338.00,       64.52,       33.12,        0.00,        0.00,        0.00,        0.00,        1.00,        4.25,        0.00,        0.00,        1.00,        1.00,        0.00
     5339.00,       64.52,       34.81,        0.00,        0.00,        0.00,        0.00,        1.00,        4.25,        0.00,        0.00,        1.00,        1.00,        0.00
     5340.00,       64.52,       35.63,        0.00,        0.00,        0.00,        0.00,        1.00,        4.25,        0.00,        0.00,        1.00,        1.00,        0.00
     5341.00,       64.52,       36.90,        0.00,        0.00,        0.00,        0.00,        1.00,        4.25,        0.00,        0.00,        1.00,        1.00,        0.00
     5342.00,       64.52,       39.71,        0.00,        0.00,        0.00,        0.00,        1.00,        4.25,        0.00,        0.00,        1.00,        1.00,        0.00
     5343.00,       64.52,       40.45,        0.00,        0.00,        0.00,        0.00,        1.00,        4.25,        0.00,        0.00,        1.00,        1.00,        0.00
     5344.00,       64.52,       44.62,        0.00,        0.00,        0.00,        0.00,        1.00,        4.25,        0.00,        0.00,        1.00,        1.00,        0.00
     5345.00,       64.52,       42.20,        0.00,        0.00,        0.00,        0.00,        1.00,        4.25,        0.00,        0.00,        1.00,        1.00,        0.00
     5346.00,       64.52,       44.26,        0.00,        0.00,        0.00,        0.00,        1.00,        4.25,        0.00,        0.00,        1.00,        1.00,        0.00
     5347.00,       64.52,       39.54,        0.00,        0.00,        0.00,        0.00,        1.00,        4.25,        0.00,        0.00,        1.00,        1.00,        0.00
     5348.00,       64.52,       33.93,        0.00,        0.00,        0.00,        0.00,        1.00,        4.25,        0.00,        0.00,        1.00,        1.00,        0.00
     5349.00,       64.52,       32.24,        0.00,        0.00,        0.00,        0.00,        1.00,        4.25,        0.00,        0.00,        1.00,        1.00,        0.00
     5350.00,       64.52,       29.61,        0.00,        0.00,        0.00,        0.00,        1.00,        4.25,        0.00,        0.00,        1.00,        1.00,        0.00
     5351.00,       64.52,       29.36,        0.00,        0.00,        0.00,        0.00,        1.00,        4.25,        0.00,        0.00,        1.00,        1.00,        0.00
     5352.00,       64.52,       23.90,        0.00,        0.00,        0.00,        0.00,        1.00,        4.25,        0.00,        0.00,        1.00,        1.00,        0.00
     5353.00,       64.52,       26.21,        0.00,        0.00,        0.00,        0.00,        1.00,        4.25,        0.00,        0.00,        1.00,        1.00,        0.00
     5354.00,       64.52,       25.26,        0.00,        0.00,        0.00,        0.00,        1.00,        4.25,        0.00,        0.00,        1.00,        1.00,        0.00
     5355.00,       64.52,       25.65,        0.00,        0.00,        0.00,        0.00,        1.00,        4.25,        0.00,        0.00,        1.00,        1.00,        0.00
     5356.00,       64.52,       27.02,        0.00,        0.00,        0.00,        0.00,        1.00,        4.25,        0.00,        0.00,        1.00,        1.00,        0.00
     5357.00,       64.52,       29.25,        0.00,        0.00,        0.00,        0.00,        1.00,        4.25,        0.00,        0.00,        1.00,        1.00,        0.00
     5358.00,       64.52,       32.96,        0.00,        0.00,        0.00,        0.00,        1.00,        4.25,        0.00,        0.00,        1.00,        1.00,        0.00
     5359.00,       64.52,       34.81,        0.00,        0.00,        0.00,        0.00,        1.00,        4.25,        0.00,        0.00,        1.00,        1.00,        0.00
     5360.00,       64.52,       34.90,        0.00,        0.00,        0.00,        0.00,        1.00,        4.25,        0.00,        0.00,        1.00,        1.00,        0.00
     5361.00,       64.52,       35.33,        0.00,        0.00,        0.00,        0.00,        1.00,        4.25,        0.00,        0.00,        1.00,        1.00,        0.00
     5362.00,       64.52,       35.93,        0.00,        0.00,        0.00,        0.00,        1.00,        4.25,        0.00,        0.00,        1.00,        1.00,        0.00
     5363.00,       64.52,       40.96,        0.00,        0.00,        0.00,        0.00,        1.00,        4.25,        0.00,        0.00,        1.00,        1.00,        0.00
     5364.00,       64.52,       39.00,        0.00,        0.00,        0.00,        0.00,        1.00,        4.25,        0.00,        0.00,        1.00,        1.00,        0.00
     5365.00,       64.52,       41.03,        0.00,        0.00,        0.00,        0.00,        1.00,        4.25,        0.00,        0.00,        1.00,        1.00,        0.00
     5366.00,       64.52,       42.49,        0.00,        0.00,        0.00,        0.00,        1.00,        4.25,        0.00,        0.00,        1.00,        1.00,        0.00
     5367.00,       64.52,       42.32,        0.00,        0.00,        0.00,        0.00,        1.00,        4.25,        0.00,        0.00,        1.00,        1.00,        0.00
     5368.00,       64.52,       62.27,        0.00,        0.00,        0.00,        0.00,        1.00,        4.25,        0.00,        0.00,        1.00,        1.00,        0.00
     5369.00,       64.52,       47.80,        0.00,        0.00,        0.00,        0.00,        1.00,        4.25,        0.00,        0.00,        1.00,        1.00,        0.00
     5370.00,       64.52,       40.55,        0.00,        0.00,        0.00,        0.00,        1.00,        4.25,        0.00,        0.00,        1.00,        1.00,        0.00
     5371.00,       64.52,       34.01,        0.00,        0.00,        0.00,        0.00,        1.00,        4.25,        0.00,        0.00,        1.00,        1.00,        0.00
     5372.00,       64.52,       28.37,        0.00,        0.00,        0.00,        0.00,        1.00,        4.25,        0.00,        0.00,        1.00,        1.00,        0.00
     5373.00,       64.52,       29.25,        0.00,        0.00,        0.00,        0.00,        1.00,        4.25,        0.00,        0.00,        1.00,        1.00,        0.00
     5374.00,       64.52,       26.72,        0.00,        0.00,        0.00,        0.00,        1.00,        4.25,        0.00,        0.00,        1.00,        1.00,        0.00
     5375.00,       64.52,       28.18,        0.00,        0.00,        0.00,        0.00,        1.00,        4.25,        0.00,        0.00,        1.00,        1.00,        0.00
     5376.00,       64.52,       22.81,        0.00,        0.00,        0.00,        0.00,        1.00,        4.25,        0.00,        0.00,        1.00,        1.00,        0.00
     5377.00,       64.52,       26.19,        0.00,        0.00,        0.00,        0.00,        1.00,        4.25,        0.00,        0.00,        1.00,        1.00,        0.00
     5378.00,       64.52,       25.91,        0.00,        0.00,        0.00,        0.00,        1.00,        4.25,        0.00,        0.00,        1.00,        1.00,        0.00
     5379.00,       64.52,       25.58,        0.00,        0.00,        0.00,        0.00,        1.00,        4.25,        0.00,        0.00,        1.00,        1.00,        0.00
     5380.00,       64.52,       26.96,        0.00,        0.00,        0.00,        0.00,        1.00,        4.25,        0.00,        0.00,        1.00,        1.00,        0.00
     5381.00,       64.52,       27.55,        0.00,        0.00,        0.00,        0.00,        1.00,        4.25,        0.00,        0.00,        1.00,        1.00,        0.00
     5382.00,       64.52,       31.98,        0.00,        0.00,        0.00,        0.00,        1.00,        4.25,        0.00,        0.00,        1.00,        1.00,        0.00
     5383.00,       64.52,       32.93,        0.00,        0.00,        0.00,        0.00,        1.00,        4.25,        0.00,        0.00,        1.00,        1.00,        0.00
     5384.00,       64.52,       34.20,        0.00,        0.00,        0.00,        0.00,        1.00,        4.25,        0.00,        0.00,        1.00,        1.00,        0.00
     5385.00,       64.52,       35.00,        0.00,        0.00,        0.00,        0.00,        1.00,        4.25,        0.00,        0.00,        1.00,        1.00,        0.00
     5386.00,       64.52,       34.42,        0.00,        0.00,        0.00,        0.00,        1.00,        4.25,        0.00,        0.00,        1.00,        1.00,        0.00
     5387.00,       64.52,       38.57,        0.00,        0.00,        0.00,        0.00,        1.00,        4.25,        0.00,        0.00,        1.00,        1.00,        0.00
     5388.00,       64.52,       39.59,        0.00,        0.00,        0.00,        0.00,        1.00,        4.25,        0.00,        0.00,        1.00,        1.00,        0.00
     5389.00,       64.52,       44.51,        0.00,        0.00,        0.00,        0.00,        1.00,        4.25,        0.00,        0.00,        1.00,        1.00,        0.00
     5390.00,       64.52,       44.13,        0.00,        0.00,        0.00,        0.00,        1.00,        4.25,        0.00,        0.00,        1.00,        1.00,        0.00
     5391.00,       64.52,       42.74,        0.00,        0.00,        0.00,        0.00,        1.00,        4.25,        0.00,        0.00,        1.00,        1.00,        0.00
     5392.00,       64.52,       56.10,        0.00,        0.00,        0.00,        0.00,        1.00,        4.25,        0.00,        0.00,        1.00,        1.00,        0.00
     5393.00,       64.52,       49.85,        0.00,        0.00,        0.00,        0.00,        1.00,        4.25,        0.00,        0.00,        1.00,        1.00,        0.00
     5394.00,       64.52,       48.38,        0.00,        0.00,        0.00,        0.00,        1.00,        4.25,        0.00,        0.00,        1.00,        1.00,        0.00
     5395.00,       64.52,       38.12,        0.00,        0.00,        0.00,        0.00,        1.00,        4.25,        0.00,        0.00,        1.00,        1.00,        0.00
     5396.00,       64.52,       29.17,        0.00,        0.00,        0.00,        0.00,        1.00,        4.25,        0.00,        0.00,        1.00,        1.00,        0.00
     5397.00,       64.52,       33.00,        0.00,        0.00,        0.00,        0.00,        1.00,        4.25,        0.00,        0.00,        1.00,        1.00,        0.00
     5398.00,       64.52,       26.76,        0.00,        0.00,        0.00,        0.00,        1.00,        4.25,        0.00,        0.00,        1.00,        1.00,        0.00
     5399.00,       64.52,       28.62,        0.00,        0.00,        0.00,        0.00,        1.00,        4.25,        0.00,        0.00,        1.00,        1.00,        0.00
     5400.00,       64.52,       25.31,        0.00,        0.00,        0.00,        0.00,        1.00,        4.25,        0.00,        0.00,        1.00,        1.00,        0.00
     5401.00,       64.52,       26.85,        0.00,        0.00,        0.00,        0.00,        1.00,        4.25,        0.00,        0.00,        1.00,        1.00,        0.00
     5402.00,       64.52,       25.50,        0.00,        0.00,        0.00,        0.00,        1.00,        4.25,        0.00,        0.00,        1.00,        1.00,        0.00
     5403.00,       64.52,       25.71,        0.00,        0.00,        0.00,        0.00,        1.00,        4.25,        0.00,        0.00,        1.00,        1.00,        0.00
     5404.00,       64.52,       26.58,        0.00,        0.00,        0.00,        0.00,        1.00,        4.25,        0.00,        0.00,        1.00,        1.00,        0.00
     5405.00,       64.52,       28.63,        0.00,        0.00,        0.00,        0.00,        1.00,        4.25,        0.00,        0.00,        1.00,        1.00,        0.00
     5406.00,       64.52,       29.70,        0.00,        0.00,        0.00,        0.00,        1.00,        4.25,        0.00,        0.00,        1.00,        1.00,        0.00
     5407.00,       64.52,       32.52,        0.00,        0.00,        0.00,        0.00,        1.00,        4.25,        0.00,        0.00,        1.00,        1.00,        0.00
     5408.00,       64.52,       56.58,        0.00,        0.00,        0.00,        0.00,        1.00,        4.25,        0.00,        0.00,        1.00,        1.00,        0.00
     5409.00,       64.52,       44.25,        0.00,        0.00,        0.00,        0.00,        1.00,        4.25,        0.00,        0.00,        1.00,        1.00,        0.00
     5410.00,       64.52,       45.74,        0.00,        0.00,        0.00,        0.00,        1.00,        4.25,        0.00,        0.00,        1.00,        1.00,        0.00
     5411.00,       64.52,       38.25,        0.00,        0.00,        0.00,        0.00,        1.00,        4.25,        0.00,        0.00,        1.00,        1.00,        0.00
     5412.00,       64.52,       46.21,        0.00,        0.00,        0.00,        0.00,        1.00,        4.25,        0.00,        0.00,        1.00,        1.00,        0.00
     5413.00,       64.52,       54.22,        0.00,        0.00,        0.00,        0.00,        1.00,        4.25,        0.00,        0.00,        1.00,        1.00,        0.00
     5414.00,       64.52,       51.59,        0.00,        0.00,        0.00,        0.00,        1.00,        4.25,        0.00,        0.00,        1.00,        1.00,        0.00
     5415.00,       64.52,       48.13,        0.00,        0.00,        0.00,        0.00,        1.00,        4.25,        0.00,        0.00,        1.00,        1.00,        0.00
     5416.00,       64.52,       75.14,        0.00,        0.00,        0.00,        0.00,        1.00,        4.25,        0.00,        0.00,        1.00,        1.00,        0.00
     5417.00,       64.52,       55.68,        0.00,        0.00,        0.00,        0.00,        1.00,        4.25,        0.00,        0.00,        1.00,        1.00,        0.00
     5418.00,       64.52,       54.67,        0.00,        0.00,        0.00,        0.00,        1.00,        4.25,        0.00,        0.00,        1.00,        1.00,        0.00
     5419.00,       64.52,       35.87,        0.00,        0.00,        0.00,        0.00,        1.00,        4.25,        0.00,        0.00,        1.00,        1.00,        0.00
     5420.00,       64.52,       29.69,        0.00,        0.00,        0.00,        0.00,        1.00,        4.25,        0.00,        0.00,        1.00,        1.00,        0.00
     5421.00,       64.52,       26.60,        0.00,        0.00,        0.00,        0.00,        1.00,        4.25,        0.00,        0.00,        1.00,        1.00,        0.00
     5422.00,       64.52,       27.03,        0.00,        0.00,        0.00,        0.00,        1.00,        4.25,        0.00,        0.00,        1.00,        1.00,        0.00
     5423.00,       64.52,       29.23,        0.00,        0.00,        0.00,        0.00,        1.00,        4.25,        0.00,        0.00,        1.00,        1.00,        0.00
     5424.00,       64.52,       25.55,        0.00,        0.00,        0.00,        0.00,        1.00,        4.25,        0.00,        0.00,        1.00,        1.00,        0.00
     5425.00,       64.52,       28.16,        0.00,        0.00,        0.00,        0.00,        1.00,        4.25,        0.00,        0.00,        1.00,        1.00,        0.00
     5426.00,       64.52,       27.76,        0.00,        0.00,        0.00,        0.00,        1.00,        4.25,        0.00,        0.00,        1.00,        1.00,        0.00
     5427.00,       64.52,       28.03,        0.00,        0.00,        0.00,        0.00,        1.00,        4.25,        0.00,        0.00,        1.00,        1.00,        0.00
     5428.00,       64.52,       29.27,        0.00,        0.00,        0.00,        0.00,        1.00,        4.25,        0.00,        0.00,        1.00,        1.00,        0.00
     5429.00,       64.52,       29.53,        0.00,        0.00,        0.00,        0.00,        1.00,        4.25,        0.00,        0.00,        1.00,        1.00,        0.00
     5430.00,       64.52,       26.57,        0.00,        0.00,        0.00,        0.00,        1.00,        4.25,        0.00,        0.00,        1.00,        1.00,        0.00
     5431.00,       64.52,       26.65,        0.00,        0.00,        0.00,        0.00,        1.00,        4.25,        0.00,        0.00,        1.00,        1.00,        0.00
     5432.00,       64.52,       28.24,        0.00,        0.00,        0.00,        0.00,        1.00,        4.25,        0.00,        0.00,        1.00,        1.00,        0.00
     5433.00,       64.52,       29.48,        0.00,        0.00,        0.00,        0.00,        1.00,        4.25,        0.00,        0.00,        1.00,        1.00,        0.00
     5434.00,       64.52,       32.75,        0.00,        0.00,        0.00,        0.00,        1.00,        4.25,        0.00,        0.00,        1.00,        1.00,        0.00
     5435.00,       64.52,       34.22,        0.00,        0.00,        0.00,        0.00,        1.00,        4.25,        0.00,        0.00,        1.00,        1.00,        0.00
     5436.00,       64.52,       35.74,        0.00,        0.00,        0.00,        0.00,        1.00,        4.25,        0.00,        0.00,        1.00,        1.00,        0.00
     5437.00,       64.52,       32.23,        0.00,        0.00,        0.00,        0.00,        1.00,        4.25,        0.00,        0.00,        1.00,        1.00,        0.00
     5438.00,       64.52,       36.55,        0.00,        0.00,        0.00,        0.00,        1.00,        4.25,        0.00,        0.00,        1.00,        1.00,        0.00
     5439.00,       64.52,       41.96,        0.00,        0.00,        0.00,        0.00,        1.00,        4.25,        0.00,        0.00,        1.00,        1.00,        0.00
     5440.00,       64.52,       46.36,        0.00,        0.00,        0.00,        0.00,        1.00,        4.25,        0.00,        0.00,        1.00,        1.00,        0.00
     5441.00,       64.52,       47.33,        0.00,        0.00,        0.00,        0.00,        1.00,        4.25,        0.00,        0.00,        1.00,        1.00,        0.00
     5442.00,       64.52,       43.67,        0.00,        0.00,        0.00,        0.00,        1.00,        4.25,        0.00,        0.00,        1.00,        1.00,        0.00
     5443.00,       64.52,       41.03,        0.00,        0.00,        0.00,        0.00,        1.00,        4.25,        0.00,        0.00,        1.00,        1.00,        0.00
     5444.00,       64.52,       32.64,        0.00,        0.00,        0.00,        0.00,        1.00,        4.25,        0.00,        0.00,        1.00,        1.00,        0.00
     5445.00,       64.52,       31.72,        0.00,        0.00,        0.00,        0.00,        1.00,        4.25,        0.00,        0.00,        1.00,        1.00,        0.00
     5446.00,       64.52,       28.88,        0.00,        0.00,        0.00,        0.00,        1.00,        4.25,        0.00,        0.00,        1.00,        1.00,        0.00
     5447.00,       64.52,       28.36,        0.00,        0.00,        0.00,        0.00,        1.00,        4.25,        0.00,        0.00,        1.00,        1.00,        0.00
     5448.00,       64.52,       28.31,        0.00,        0.00,        0.00,        0.00,        1.00,        4.25,        0.00,        0.00,        1.00,        1.00,        0.00
     5449.00,       64.52,       31.78,        0.00,        0.00,        0.00,        0.00,        1.00,        4.25,        0.00,        0.00,        1.00,        1.00,        0.00
     5450.00,       64.52,       30.58,        0.00,        0.00,        0.00,        0.00,        1.00,        4.25,        0.00,        0.00,        1.00,        1.00,        0.00
     5451.00,       64.52,       29.13,        0.00,        0.00,        0.00,        0.00,        1.00,        4.25,        0.00,        0.00,        1.00,        1.00,        0.00
     5452.00,       64.52,       28.48,        0.00,        0.00,        0.00,        0.00,        1.00,        4.25,        0.00,        0.00,        1.00,        1.00,        0.00
     5453.00,       64.52,       29.06,        0.00,        0.00,        0.00,        0.00,        1.00,        4.25,        0.00,        0.00,        1.00,        1.00,        0.00
     5454.00,       64.52,       27.43,        0.00,        0.00,        0.00,        0.00,        1.00,        4.25,        0.00,        0.00,        1.00,        1.00,        0.00
     5455.00,       64.52,       27.21,        0.00,        0.00,        0.00,        0.00,        1.00,        4.25,        0.00,        0.00,        1.00,        1.00,        0.00
     5456.00,       64.52,       27.48,        0.00,        0.00,        0.00,        0.00,        1.00,        4.25,        0.00,        0.00,        1.00,        1.00,        0.00
     5457.00,       64.52,       31.23,        0.00,        0.00,        0.00,        0.00,        1.00,        4.25,        0.00,        0.00,        1.00,        1.00,        0.00
     5458.00,       64.52,       35.00,        0.00,        0.00,        0.00,        0.00,        1.00,        4.25,        0.00,        0.00,        1.00,        1.00,        0.00
     5459.00,       64.52,       36.39,        0.00,        0.00,        0.00,        0.00,        1.00,        4.25,        0.00,        0.00,        1.00,        1.00,        0.00
     5460.00,       64.52,       39.65,        0.00,        0.00,        0.00,        0.00,        1.00,        4.25,        0.00,        0.00,        1.00,        1.00,        0.00
     5461.00,       64.52,       38.75,        0.00,        0.00,        0.00,        0.00,        1.00,        4.25,        0.00,        0.00,        1.00,        1.00,        0.00
     5462.00,       64.52,       45.21,        0.00,        0.00,        0.00,        0.00,        1.00,        4.25,        0.00,        0.00,        1.00,        1.00,        0.00
     5463.00,       64.52,       48.41,        0.00,        0.00,        0.00,        0.00,        1.00,        4.25,        0.00,        0.00,        1.00,        1.00,        0.00
     5464.00,       64.52,       55.03,        0.00,        0.00,        0.00,        0.00,        1.00,        4.25,        0.00,        0.00,        1.00,        1.00,        0.00
     5465.00,       64.52,       54.61,        0.00,        0.00,        0.00,        0.00,        1.00,        4.25,        0.00,        0.00,        1.00,        1.00,        0.00
     5466.00,       64.52,       49.56,        0.00,        0.00,        0.00,        0.00,        1.00,        4.25,        0.00,        0.00,        1.00,        1.00,        0.00
     5467.00,       64.52,       45.38,        0.00,        0.00,        0.00,        0.00,        1.00,        4.25,        0.00,        0.00,        1.00,        1.00,        0.00
     5468.00,       64.52,       35.01,        0.00,        0.00,        0.00,        0.00,        1.00,        4.25,        0.00,        0.00,        1.00,        1.00,        0.00
     5469.00,       64.52,       29.11,        0.00,        0.00,        0.00,        0.00,        1.00,        4.25,        0.00,        0.00,        1.00,        1.00,        0.00
     5470.00,       64.52,       29.58,        0.00,        0.00,        0.00,        0.00,        1.00,        4.25,        0.00,        0.00,        1.00,        1.00,        0.00
     5471.00,       64.52,       30.51,        0.00,        0.00,        0.00,        0.00,        1.00,        4.25,        0.00,        0.00,        1.00,        1.00,        0.00
     5472.00,       64.52,       27.02,        0.00,        0.00,        0.00,        0.00,        1.00,        4.25,        0.00,        0.00,        1.00,        1.00,        0.00
     5473.00,       64.52,       29.58,        0.00,        0.00,        0.00,        0.00,        1.00,        4.25,        0.00,        0.00,        1.00,        1.00,        0.00
     5474.00,       64.52,       27.46,        0.00,        0.00,        0.00,        0.00,        1.00,        4.25,        0.00,        0.00,        1.00,        1.00,        0.00
     5475.00,       64.52,       26.65,        0.00,        0.00,        0.00,        0.00,        1.00,        4.25,        0.00,        0.00,        1.00,        1.00,        0.00
     5476.00,       64.52,       27.30,        0.00,        0.00,        0.00,        0.00,        1.00,        4.25,        0.00,        0.00,        1.00,        1.00,        0.00
     5477.00,       64.52,       30.39,        0.00,        0.00,        0.00,        0.00,        1.00,        4.25,        0.00,        0.00,        1.00,        1.00,        0.00
     5478.00,       64.52,       33.97,        0.00,        0.00,        0.00,        0.00,        1.00,        4.25,        0.00,        0.00,        1.00,        1.00,        0.00
     5479.00,       64.52,       35.17,        0.00,        0.00,        0.00,        0.00,        1.00,        4.25,        0.00,        0.00,        1.00,        1.00,        0.00
     5480.00,       64.52,       34.09,        0.00,        0.00,        0.00,        0.00,        1.00,        4.25,        0.00,        0.00,        1.00,        1.00,        0.00
     5481.00,       64.52,       44.74,        0.00,        0.00,        0.00,        0.00,        1.00,        4.25,        0.00,        0.00,        1.00,        1.00,        0.00
     5482.00,       64.52,       55.67,        0.00,        0.00,        0.00,        0.00,        1.00,        4.25,        0.00,        0.00,        1.00,        1.00,        0.00
     5483.00,       64.52,       51.39,        0.00,        0.00,        0.00,        0.00,        1.00,        4.25,        0.00,        0.00,        1.00,        1.00,        0.00
     5484.00,       64.52,       69.16,        0.00,        0.00,        0.00,        0.00,        1.00,        4.25,        0.00,        0.00,        1.00,        1.00,        0.00
     5485.00,       64.52,       47.61,        0.00,        0.00,        0.00,        0.00,        1.00,        4.25,        0.00,        0.00,        1.00,        1.00,        0.00
     5486.00,       64.52,       74.66,        0.00,        0.00,        0.00,        0.00,        1.00,        4.25,        0.00,        0.00,        1.00,        1.00,        0.00
     5487.00,       64.52,       89.02,        0.00,        0.00,        0.00,        0.00,        1.00,        4.25,        0.00,        0.00,        1.00,        1.00,        0.00
     5488.00,       64.52,       67.50,        0.00,        0.00,        0.00,        0.00,        1.00,        4.25,        0.00,        0.00,        1.00,        1.00,        0.00
     5489.00,       64.52,       61.60,        0.00,        0.00,        0.00,        0.00,        1.00,        4.25,        0.00,        0.00,        1.00,        1.00,        0.00
     5490.00,       64.52,       52.58,        0.00,        0.00,        0.00,        0.00,        1.00,        4.25,        0.00,        0.00,        1.00,        1.00,        0.00
     5491.00,       64.52,       47.67,        0.00,        0.00,        0.00,        0.00,        1.00,        4.25,        0.00,        0.00,        1.00,        1.00,        0.00
     5492.00,       64.52,       42.13,        0.00,        0.00,        0.00,        0.00,        1.00,        4.25,        0.00,        0.00,        1.00,        1.00,        0.00
     5493.00,       64.52,       28.84,        0.00,        0.00,        0.00,        0.00,        1.00,        4.25,        0.00,        0.00,        1.00,        1.00,        0.00
     5494.00,       64.52,       28.56,        0.00,        0.00,        0.00,        0.00,        1.00,        4.25,        0.00,        0.00,        1.00,        1.00,        0.00
     5495.00,       64.52,       28.89,        0.00,        0.00,        0.00,        0.00,        1.00,        4.25,        0.00,        0.00,        1.00,        1.00,        0.00
     5496.00,       64.52,       26.10,        0.00,        0.00,        0.00,        0.00,        1.00,        4.25,        0.00,        0.00,        1.00,        1.00,        0.00
     5497.00,       64.52,       27.85,        0.00,        0.00,        0.00,        0.00,        1.00,        4.25,        0.00,        0.00,        1.00,        1.00,        0.00
     5498.00,       64.52,       26.54,        0.00,        0.00,        0.00,        0.00,        1.00,        4.25,        0.00,        0.00,        1.00,        1.00,        0.00
     5499.00,       64.52,       26.13,        0.00,        0.00,        0.00,        0.00,        1.00,        4.25,        0.00,        0.00,        1.00,        1.00,        0.00
     5500.00,       64.52,       26.81,        0.00,        0.00,        0.00,        0.00,        1.00,        4.25,        0.00,        0.00,        1.00,        1.00,        0.00
     5501.00,       64.52,       28.58,        0.00,        0.00,        0.00,        0.00,        1.00,        4.25,        0.00,        0.00,        1.00,        1.00,        0.00
     5502.00,       64.52,       31.74,        0.00,        0.00,        0.00,        0.00,        1.00,        4.25,        0.00,        0.00,        1.00,        1.00,        0.00
     5503.00,       64.52,       32.98,        0.00,        0.00,        0.00,        0.00,        1.00,        4.25,        0.00,        0.00,        1.00,        1.00,        0.00
     5504.00,       64.52,       32.01,        0.00,        0.00,        0.00,        0.00,        1.00,        4.25,        0.00,        0.00,        1.00,        1.00,        0.00
     5505.00,       64.52,       34.72,        0.00,        0.00,        0.00,        0.00,        1.00,        4.25,        0.00,        0.00,        1.00,        1.00,        0.00
     5506.00,       64.52,       35.65,        0.00,        0.00,        0.00,        0.00,        1.00,        4.25,        0.00,        0.00,        1.00,        1.00,        0.00
     5507.00,       64.52,       36.38,        0.00,        0.00,        0.00,        0.00,        1.00,        4.25,        0.00,        0.00,        1.00,        1.00,        0.00
     5508.00,       64.52,       39.81,        0.00,        0.00,        0.00,        0.00,        1.00,        4.25,        0.00,        0.00,        1.00,        1.00,        0.00
     5509.00,       64.52,       41.32,        0.00,        0.00,        0.00,        0.00,        1.00,        4.25,        0.00,        0.00,        1.00,        1.00,        0.00
     5510.00,       64.52,       43.58,        0.00,        0.00,        0.00,        0.00,        1.00,        4.25,        0.00,        0.00,        1.00,        1.00,        0.00
     5511.00,       64.52,       46.04,        0.00,        0.00,        0.00,        0.00,        1.00,        4.25,        0.00,        0.00,        1.00,        1.00,        0.00
     5512.00,       64.52,       53.97,        0.00,        0.00,        0.00,        0.00,        1.00,        4.25,        0.00,        0.00,        1.00,        1.00,        0.00
     5513.00,       64.52,       50.58,        0.00,        0.00,        0.00,        0.00,        1.00,        4.25,        0.00,        0.00,        1.00,        1.00,        0.00
     5514.00,       64.52,       45.20,        0.00,        0.00,        0.00,        0.00,        1.00,        4.25,        0.00,        0.00,        1.00,        1.00,        0.00
     5515.00,       64.52,       47.60,        0.00,        0.00,        0.00,        0.00,        1.00,        4.25,        0.00,        0.00,        1.00,        1.00,        0.00
     5516.00,       64.52,       38.03,        0.00,        0.00,        0.00,        0.00,        1.00,        4.25,        0.00,        0.00,        1.00,        1.00,        0.00
     5517.00,       64.52,       33.41,        0.00,        0.00,        0.00,        0.00,        1.00,        4.25,        0.00,        0.00,        1.00,        1.00,        0.00
     5518.00,       64.52,       28.40,        0.00,        0.00,        0.00,        0.00,        1.00,        4.25,        0.00,        0.00,        1.00,        1.00,        0.00
     5519.00,       64.52,       28.25,        0.00,        0.00,        0.00,        0.00,        1.00,        4.25,        0.00,        0.00,        1.00,        1.00,        0.00
     5520.00,       64.52,       25.77,        0.00,        0.00,        0.00,        0.00,        1.00,        4.25,        0.00,        0.00,        1.00,        1.00,        0.00
     5521.00,       64.52,       26.83,        0.00,        0.00,        0.00,        0.00,        1.00,        4.25,        0.00,        0.00,        1.00,        1.00,        0.00
     5522.00,       64.52,       25.25,        0.00,        0.00,        0.00,        0.00,        1.00,        4.25,        0.00,        0.00,        1.00,        1.00,        0.00
     5523.00,       64.52,       24.93,        0.00,        0.00,        0.00,        0.00,        1.00,        4.25,        0.00,        0.00,        1.00,        1.00,        0.00
     5524.00,       64.52,       25.89,        0.00,        0.00,        0.00,        0.00,        1.00,        4.25,        0.00,        0.00,        1.00,        1.00,        0.00
     5525.00,       64.52,       28.33,        0.00,        0.00,        0.00,        0.00,        1.00,        4.25,        0.00,        0.00,        1.00,        1.00,        0.00
     5526.00,       64.52,       30.07,        0.00,        0.00,        0.00,        0.00,        1.00,        4.25,        0.00,        0.00,        1.00,        1.00,        0.00
     5527.00,       64.52,       29.74,        0.00,        0.00,        0.00,        0.00,        1.00,        4.25,        0.00,        0.00,        1.00,        1.00,        0.00
     5528.00,       64.52,       30.18,        0.00,        0.00,        0.00,        0.00,        1.00,        4.25,        0.00,        0.00,        1.00,        1.00,        0.00
     5529.00,       64.52,       32.54,        0.00,        0.00,        0.00,        0.00,        1.00,        4.25,        0.00,        0.00,        1.00,        1.00,        0.00
     5530.00,       64.52,       32.99,        0.00,        0.00,        0.00,        0.00,        1.00,        4.25,        0.00,        0.00,        1.00,        1.00,        0.00
     5531.00,       64.52,       33.42,        0.00,        0.00,        0.00,        0.00,        1.00,        4.25,        0.00,        0.00,        1.00,        1.00,        0.00
     5532.00,       64.52,       33.38,        0.00,        0.00,        0.00,        0.00,        1.00,        4.25,        0.00,        0.00,        1.00,        1.00,        0.00
     5533.00,       64.52,       34.79,        0.00,        0.00,        0.00,        0.00,        1.00,        4.25,        0.00,        0.00,        1.00,        1.00,        0.00
     5534.00,       64.52,       35.07,        0.00,        0.00,        0.00,        0.00,        1.00,        4.25,        0.00,        0.00,        1.00,        1.00,        0.00
     5535.00,       64.52,       37.34,        0.00,        0.00,        0.00,        0.00,        1.00,        4.25,        0.00,        0.00,        1.00,        1.00,        0.00
     5536.00,       64.52,       39.05,        0.00,        0.00,        0.00,        0.00,        1.00,        4.25,        0.00,        0.00,        1.00,        1.00,        0.00
     5537.00,       64.52,       36.05,        0.00,        0.00,        0.00,        0.00,        1.00,        4.25,        0.00,        0.00,        1.00,        1.00,        0.00
     5538.00,       64.52,       35.43,        0.00,        0.00,        0.00,        0.00,        1.00,        4.25,        0.00,        0.00,        1.00,        1.00,        0.00
     5539.00,       64.52,       36.73,        0.00,        0.00,        0.00,        0.00,        1.00,        4.25,        0.00,        0.00,        1.00,        1.00,        0.00
     5540.00,       64.52,       35.16,        0.00,        0.00,        0.00,        0.00,        1.00,        4.25,        0.00,        0.00,        1.00,        1.00,        0.00
     5541.00,       64.52,       33.69,        0.00,        0.00,        0.00,        0.00,        1.00,        4.25,        0.00,        0.00,        1.00,        1.00,        0.00
     5542.00,       64.52,       29.62,        0.00,        0.00,        0.00,        0.00,        1.00,        4.25,        0.00,        0.00,        1.00,        1.00,        0.00
     5543.00,       64.52,       27.16,        0.00,        0.00,        0.00,        0.00,        1.00,        4.25,        0.00,        0.00,        1.00,        1.00,        0.00
     5544.00,       64.52,       23.94,        0.00,        0.00,        0.00,        0.00,        1.00,        4.25,        0.00,        0.00,        1.00,        1.00,        0.00
     5545.00,       64.52,       25.49,        0.00,        0.00,        0.00,        0.00,        1.00,        4.25,        0.00,        0.00,        1.00,        1.00,        0.00
     5546.00,       64.52,       26.37,        0.00,        0.00,        0.00,        0.00,        1.00,        4.25,        0.00,        0.00,        1.00,        1.00,        0.00
     5547.00,       64.52,       25.77,        0.00,        0.00,        0.00,        0.00,        1.00,        4.25,        0.00,        0.00,        1.00,        1.00,        0.00
     5548.00,       64.52,       26.69,        0.00,        0.00,        0.00,        0.00,        1.00,        4.25,        0.00,        0.00,        1.00,        1.00,        0.00
     5549.00,       64.52,       29.48,        0.00,        0.00,        0.00,        0.00,        1.00,        4.25,        0.00,        0.00,        1.00,        1.00,        0.00
     5550.00,       64.52,       31.93,        0.00,        0.00,        0.00,        0.00,        1.00,        4.25,        0.00,        0.00,        1.00,        1.00,        0.00
     5551.00,       64.52,       30.54,        0.00,        0.00,        0.00,        0.00,        1.00,        4.25,        0.00,        0.00,        1.00,        1.00,        0.00
     5552.00,       64.52,       32.06,        0.00,        0.00,        0.00,        0.00,        1.00,        4.25,        0.00,        0.00,        1.00,        1.00,        0.00
     5553.00,       64.52,       33.86,        0.00,        0.00,        0.00,        0.00,        1.00,        4.25,        0.00,        0.00,        1.00,        1.00,        0.00
     5554.00,       64.52,       33.88,        0.00,        0.00,        0.00,        0.00,        1.00,        4.25,        0.00,        0.00,        1.00,        1.00,        0.00
     5555.00,       64.52,       34.89,        0.00,        0.00,        0.00,        0.00,        1.00,        4.25,        0.00,        0.00,        1.00,        1.00,        0.00
     5556.00,       64.52,       34.46,        0.00,        0.00,        0.00,        0.00,        1.00,        4.25,        0.00,        0.00,        1.00,        1.00,        0.00
     5557.00,       64.52,       35.67,        0.00,        0.00,        0.00,        0.00,        1.00,        4.25,        0.00,        0.00,        1.00,        1.00,        0.00
     5558.00,       64.52,       37.67,        0.00,        0.00,        0.00,        0.00,        1.00,        4.25,        0.00,        0.00,        1.00,        1.00,        0.00
     5559.00,       64.52,       39.08,        0.00,        0.00,        0.00,        0.00,        1.00,        4.25,        0.00,        0.00,        1.00,        1.00,        0.00
     5560.00,       64.52,       44.07,        0.00,        0.00,        0.00,        0.00,        1.00,        4.25,        0.00,        0.00,        1.00,        1.00,        0.00
     5561.00,       64.52,       40.79,        0.00,        0.00,        0.00,        0.00,        1.00,        4.25,        0.00,        0.00,        1.00,        1.00,        0.00
     5562.00,       64.52,       39.07,        0.00,        0.00,        0.00,        0.00,        1.00,        4.25,        0.00,        0.00,        1.00,        1.00,        0.00
     5563.00,       64.52,       38.38,        0.00,        0.00,        0.00,        0.00,        1.00,        4.25,        0.00,        0.00,        1.00,        1.00,        0.00
     5564.00,       64.52,       35.89,        0.00,        0.00,        0.00,        0.00,        1.00,        4.25,        0.00,        0.00,        1.00,        1.00,        0.00
     5565.00,       64.52,       31.03,        0.00,        0.00,        0.00,        0.00,        1.00,        4.25,        0.00,        0.00,        1.00,        1.00,        0.00
     5566.00,       64.52,       29.24,        0.00,        0.00,        0.00,        0.00,        1.00,        4.25,        0.00,        0.00,        1.00,        1.00,        0.00
     5567.00,       64.52,       28.09,        0.00,        0.00,        0.00,        0.00,        1.00,        4.25,        0.00,        0.00,        1.00,        1.00,        0.00
     5568.00,       64.52,       22.19,        0.00,        0.00,        0.00,        0.00,        1.00,        4.25,        0.00,        0.00,        1.00,        1.00,        0.00
     5569.00,       64.52,       22.21,        0.00,        0.00,        0.00,        0.00,        1.00,        4.25,        0.00,        0.00,        1.00,        1.00,        0.00
     5570.00,       64.52,       22.66,        0.00,        0.00,        0.00,        0.00,        1.00,        4.25,        0.00,        0.00,        1.00,        1.00,        0.00
     5571.00,       64.52,       22.12,        0.00,        0.00,        0.00,        0.00,        1.00,        4.25,        0.00,        0.00,        1.00,        1.00,        0.00
     5572.00,       64.52,       23.39,        0.00,        0.00,        0.00,        0.00,        1.00,        4.25,        0.00,        0.00,        1.00,        1.00,        0.00
     5573.00,       64.52,       26.10,        0.00,        0.00,        0.00,        0.00,        1.00,        4.25,        0.00,        0.00,        1.00,        1.00,        0.00
     5574.00,       64.52,       29.41,        0.00,        0.00,        0.00,        0.00,        1.00,        4.25,        0.00,        0.00,        1.00,        1.00,        0.00
     5575.00,       64.52,       28.54,        0.00,        0.00,        0.00,        0.00,        1.00,        4.25,        0.00,        0.00,        1.00,        1.00,        0.00
     5576.00,       64.52,       29.72,        0.00,        0.00,        0.00,        0.00,        1.00,        4.25,        0.00,        0.00,        1.00,        1.00,        0.00
     5577.00,       64.52,       31.36,        0.00,        0.00,        0.00,        0.00,        1.00,        4.25,        0.00,        0.00,        1.00,        1.00,        0.00
     5578.00,       64.52,       32.08,        0.00,        0.00,        0.00,        0.00,        1.00,        4.25,        0.00,        0.00,        1.00,        1.00,        0.00
     5579.00,       64.52,       32.42,        0.00,        0.00,        0.00,        0.00,        1.00,        4.25,        0.00,        0.00,        1.00,        1.00,        0.00
     5580.00,       64.52,       33.28,        0.00,        0.00,        0.00,        0.00,        1.00,        4.25,        0.00,        0.00,        1.00,        1.00,        0.00
     5581.00,       64.52,       34.15,        0.00,        0.00,        0.00,        0.00,        1.00,        4.25,        0.00,        0.00,        1.00,        1.00,        0.00
     5582.00,       64.52,       32.53,        0.00,        0.00,        0.00,        0.00,        1.00,        4.25,        0.00,        0.00,        1.00,        1.00,        0.00
     5583.00,       64.52,       35.98,        0.00,        0.00,        0.00,        0.00,        1.00,        4.25,        0.00,        0.00,        1.00,        1.00,        0.00
     5584.00,       64.52,       37.83,        0.00,        0.00,        0.00,        0.00,        1.00,        4.25,        0.00,        0.00,        1.00,        1.00,        0.00
     5585.00,       64.52,       38.83,        0.00,        0.00,        0.00,        0.00,        1.00,        4.25,        0.00,        0.00,        1.00,        1.00,        0.00
     5586.00,       64.52,       36.71,        0.00,        0.00,        0.00,        0.00,        1.00,        4.25,        0.00,        0.00,        1.00,        1.00,        0.00
     5587.00,       64.52,       34.31,        0.00,        0.00,        0.00,        0.00,        1.00,        4.25,        0.00,        0.00,        1.00,        1.00,        0.00
     5588.00,       64.52,       31.39,        0.00,        0.00,        0.00,        0.00,        1.00,        4.25,        0.00,        0.00,        1.00,        1.00,        0.00
     5589.00,       64.52,       28.67,        0.00,        0.00,        0.00,        0.00,        1.00,        4.25,        0.00,        0.00,        1.00,        1.00,        0.00
     5590.00,       64.52,       27.53,        0.00,        0.00,        0.00,        0.00,        1.00,        4.25,        0.00,        0.00,        1.00,        1.00,        0.00
     5591.00,       64.52,       27.64,        0.00,        0.00,        0.00,        0.00,        1.00,        4.25,        0.00,        0.00,        1.00,        1.00,        0.00
     5592.00,       64.52,       24.56,        0.00,        0.00,        0.00,        0.00,        1.00,        4.25,        0.00,        0.00,        1.00,        1.00,        0.00
     5593.00,       64.52,       27.04,        0.00,        0.00,        0.00,        0.00,        1.00,        4.25,        0.00,        0.00,        1.00,        1.00,        0.00
     5594.00,       64.52,       26.70,        0.00,        0.00,        0.00,        0.00,        1.00,        4.25,        0.00,        0.00,        1.00,        1.00,        0.00
     5595.00,       64.52,       26.81,        0.00,        0.00,        0.00,        0.00,        1.00,        4.25,        0.00,        0.00,        1.00,        1.00,        0.00
     5596.00,       64.52,       27.80,        0.00,        0.00,        0.00,        0.00,        1.00,        4.25,        0.00,        0.00,        1.00,        1.00,        0.00
     5597.00,       64.52,       29.59,        0.00,        0.00,        0.00,        0.00,        1.00,        4.25,        0.00,        0.00,        1.00,        1.00,        0.00
     5598.00,       64.52,       27.72,        0.00,        0.00,        0.00,        0.00,        1.00,        4.25,        0.00,        0.00,        1.00,        1.00,        0.00
     5599.00,       64.52,       25.48,        0.00,        0.00,        0.00,        0.00,        1.00,        4.25,        0.00,        0.00,        1.00,        1.00,        0.00
     5600.00,       64.52,       28.10,        0.00,        0.00,        0.00,        0.00,        1.00,        4.25,        0.00,        0.00,        1.00,        1.00,        0.00
     5601.00,       64.52,       27.88,        0.00,        0.00,        0.00,        0.00,        1.00,        4.25,        0.00,        0.00,        1.00,        1.00,        0.00
     5602.00,       64.52,       30.87,        0.00,        0.00,        0.00,        0.00,        1.00,        4.25,        0.00,        0.00,        1.00,        1.00,        0.00
     5603.00,       64.52,       30.08,        0.00,        0.00,        0.00,        0.00,        1.00,        4.25,        0.00,        0.00,        1.00,        1.00,        0.00
     5604.00,       64.52,       31.93,        0.00,        0.00,        0.00,        0.00,        1.00,        4.25,        0.00,        0.00,        1.00,        1.00,        0.00
     5605.00,       64.52,       32.03,        0.00,        0.00,        0.00,        0.00,        1.00,        4.25,        0.00,        0.00,        1.00,        1.00,        0.00
     5606.00,       64.52,       36.14,        0.00,        0.00,        0.00,        0.00,        1.00,        4.25,        0.00,        0.00,        1.00,        1.00,        0.00
     5607.00,       64.52,       34.15,        0.00,        0.00,        0.00,        0.00,        1.00,        4.25,        0.00,        0.00,        1.00,        1.00,        0.00
     5608.00,       64.52,       38.05,        0.00,        0.00,        0.00,        0.00,        1.00,        4.25,        0.00,        0.00,        1.00,        1.00,        0.00
     5609.00,       64.52,       38.06,        0.00,        0.00,        0.00,        0.00,        1.00,        4.25,        0.00,        0.00,        1.00,        1.00,        0.00
     5610.00,       64.52,       38.52,        0.00,        0.00,        0.00,        0.00,        1.00,        4.25,        0.00,        0.00,        1.00,        1.00,        0.00
     5611.00,       64.52,       38.28,        0.00,        0.00,        0.00,        0.00,        1.00,        4.25,        0.00,        0.00,        1.00,        1.00,        0.00
     5612.00,       64.52,       39.28,        0.00,        0.00,        0.00,        0.00,        1.00,        4.25,        0.00,        0.00,        1.00,        1.00,        0.00
     5613.00,       64.52,       30.30,        0.00,        0.00,        0.00,        0.00,        1.00,        4.25,        0.00,        0.00,        1.00,        1.00,        0.00
     5614.00,       64.52,       27.75,        0.00,        0.00,        0.00,        0.00,        1.00,        4.25,        0.00,        0.00,        1.00,        1.00,        0.00
     5615.00,       64.52,       26.96,        0.00,        0.00,        0.00,        0.00,        1.00,        4.25,        0.00,        0.00,        1.00,        1.00,        0.00
     5616.00,       64.52,       27.08,        0.00,        0.00,        0.00,        0.00,        1.00,        4.25,        0.00,        0.00,        1.00,        1.00,        0.00
     5617.00,       64.52,       28.09,        0.00,        0.00,        0.00,        0.00,        1.00,        4.25,        0.00,        0.00,        1.00,        1.00,        0.00
     5618.00,       64.52,       28.33,        0.00,        0.00,        0.00,        0.00,        1.00,        4.25,        0.00,        0.00,        1.00,        1.00,        0.00
     5619.00,       64.52,       25.74,        0.00,        0.00,        0.00,        0.00,        1.00,        4.25,        0.00,        0.00,        1.00,        1.00,        0.00
     5620.00,       64.52,       26.50,        0.00,        0.00,        0.00,        0.00,        1.00,        4.25,        0.00,        0.00,        1.00,        1.00,        0.00
     5621.00,       64.52,       27.72,        0.00,        0.00,        0.00,        0.00,        1.00,        4.25,        0.00,        0.00,        1.00,        1.00,        0.00
     5622.00,       64.52,       29.93,        0.00,        0.00,        0.00,        0.00,        1.00,        4.25,        0.00,        0.00,        1.00,        1.00,        0.00
     5623.00,       64.52,       27.33,        0.00,        0.00,        0.00,        0.00,        1.00,        4.25,        0.00,        0.00,        1.00,        1.00,        0.00
     5624.00,       64.52,       27.15,        0.00,        0.00,        0.00,        0.00,        1.00,        4.25,        0.00,        0.00,        1.00,        1.00,        0.00
     5625.00,       64.52,       28.29,        0.00,        0.00,        0.00,        0.00,        1.00,        4.25,        0.00,        0.00,        1.00,        1.00,        0.00
     5626.00,       64.52,       30.08,        0.00,        0.00,        0.00,        0.00,        1.00,        4.25,        0.00,        0.00,        1.00,        1.00,        0.00
     5627.00,       64.52,       31.58,        0.00,        0.00,        0.00,        0.00,        1.00,        4.25,        0.00,        0.00,        1.00,        1.00,        0.00
     5628.00,       64.52,       32.75,        0.00,        0.00,        0.00,        0.00,        1.00,        4.25,        0.00,        0.00,        1.00,        1.00,        0.00
     5629.00,       64.52,       33.48,        0.00,        0.00,        0.00,        0.00,        1.00,        4.25,        0.00,        0.00,        1.00,        1.00,        0.00
     5630.00,       64.52,       34.68,        0.00,        0.00,        0.00,        0.00,        1.00,        4.25,        0.00,        0.00,        1.00,        1.00,        0.00
     5631.00,       64.52,       35.24,        0.00,        0.00,        0.00,        0.00,        1.00,        4.25,        0.00,        0.00,        1.00,        1.00,        0.00
     5632.00,       64.52,       37.70,        0.00,        0.00,        0.00,        0.00,        1.00,        4.25,        0.00,        0.00,        1.00,        1.00,        0.00
     5633.00,       64.52,       36.84,        0.00,        0.00,        0.00,        0.00,        1.00,        4.25,        0.00,        0.00,        1.00,        1.00,        0.00
     5634.00,       64.52,       38.98,        0.00,        0.00,        0.00,        0.00,        1.00,        4.25,        0.00,        0.00,        1.00,        1.00,        0.00
     5635.00,       64.52,       40.68,        0.00,        0.00,        0.00,        0.00,        1.00,        4.25,        0.00,        0.00,        1.00,        1.00,        0.00
     5636.00,       64.52,       38.50,        0.00,        0.00,        0.00,        0.00,        1.00,        4.25,        0.00,        0.00,        1.00,        1.00,        0.00
     5637.00,       64.52,       34.39,        0.00,        0.00,        0.00,        0.00,        1.00,        4.25,        0.00,        0.00,        1.00,        1.00,        0.00
     5638.00,       64.52,       29.69,        0.00,        0.00,        0.00,        0.00,        1.00,        4.25,        0.00,        0.00,        1.00,        1.00,        0.00
     5639.00,       64.52,       28.31,        0.00,        0.00,        0.00,        0.00,        1.00,        4.25,        0.00,        0.00,        1.00,        1.00,        0.00
     5640.00,       64.52,       22.93,        0.00,        0.00,        0.00,        0.00,        1.00,        4.25,        0.00,        0.00,        1.00,        1.00,        0.00
     5641.00,       64.52,       25.34,        0.00,        0.00,        0.00,        0.00,        1.00,        4.25,        0.00,        0.00,        1.00,        1.00,        0.00
     5642.00,       64.52,       24.74,        0.00,        0.00,        0.00,        0.00,        1.00,        4.25,        0.00,        0.00,        1.00,        1.00,        0.00
     5643.00,       64.52,       24.20,        0.00,        0.00,        0.00,        0.00,        1.00,        4.25,        0.00,        0.00,        1.00,        1.00,        0.00
     5644.00,       64.52,       24.64,        0.00,        0.00,        0.00,        0.00,        1.00,        4.25,        0.00,        0.00,        1.00,        1.00,        0.00
     5645.00,       64.52,       26.89,        0.00,        0.00,        0.00,        0.00,        1.00,        4.25,        0.00,        0.00,        1.00,        1.00,        0.00
     5646.00,       64.52,       30.23,        0.00,        0.00,        0.00,        0.00,        1.00,        4.25,        0.00,        0.00,        1.00,        1.00,        0.00
     5647.00,       64.52,       31.31,        0.00,        0.00,        0.00,        0.00,        1.00,        4.25,        0.00,        0.00,        1.00,        1.00,        0.00
     5648.00,       64.52,       31.91,        0.00,        0.00,        0.00,        0.00,        1.00,        4.25,        0.00,        0.00,        1.00,        1.00,        0.00
     5649.00,       64.52,       32.83,        0.00,        0.00,        0.00,        0.00,        1.00,        4.25,        0.00,        0.00,        1.00,        1.00,        0.00
     5650.00,       64.52,       33.55,        0.00,        0.00,        0.00,        0.00,        1.00,        4.25,        0.00,        0.00,        1.00,        1.00,        0.00
     5651.00,       64.52,       35.25,        0.00,        0.00,        0.00,        0.00,        1.00,        4.25,        0.00,        0.00,        1.00,        1.00,        0.00
     5652.00,       64.52,       35.83,        0.00,        0.00,        0.00,        0.00,        1.00,        4.25,        0.00,        0.00,        1.00,        1.00,        0.00
     5653.00,       64.52,       39.00,        0.00,        0.00,        0.00,        0.00,        1.00,        4.25,        0.00,        0.00,        1.00,        1.00,        0.00
     5654.00,       64.52,       39.20,        0.00,        0.00,        0.00,        0.00,        1.00,        4.25,        0.00,        0.00,        1.00,        1.00,        0.00
     5655.00,       64.52,       43.43,        0.00,        0.00,        0.00,        0.00,        1.00,        4.25,        0.00,        0.00,        1.00,        1.00,        0.00
     5656.00,       64.52,       52.47,        0.00,        0.00,        0.00,        0.00,        1.00,        4.25,        0.00,        0.00,        1.00,        1.00,        0.00
     5657.00,       64.52,       51.41,        0.00,        0.00,        0.00,        0.00,        1.00,        4.25,        0.00,        0.00,        1.00,        1.00,        0.00
     5658.00,       64.52,       47.38,        0.00,        0.00,        0.00,        0.00,        1.00,        4.25,        0.00,        0.00,        1.00,        1.00,        0.00
     5659.00,       64.52,       44.31,        0.00,        0.00,        0.00,        0.00,        1.00,        4.25,        0.00,        0.00,        1.00,        1.00,        0.00
     5660.00,       64.52,       36.87,        0.00,        0.00,        0.00,        0.00,        1.00,        4.25,        0.00,        0.00,        1.00,        1.00,        0.00
     5661.00,       64.52,       32.55,        0.00,        0.00,        0.00,        0.00,        1.00,        4.25,        0.00,        0.00,        1.00,        1.00,        0.00
     5662.00,       64.52,       29.32,        0.00,        0.00,        0.00,        0.00,        1.00,        4.25,        0.00,        0.00,        1.00,        1.00,        0.00
     5663.00,       64.52,       26.84,        0.00,        0.00,        0.00,        0.00,        1.00,        4.25,        0.00,        0.00,        1.00,        1.00,        0.00
     5664.00,       64.52,       23.10,        0.00,        0.00,        0.00,        0.00,        1.00,        4.25,        0.00,        0.00,        1.00,        1.00,        0.00
     5665.00,       64.52,       25.76,        0.00,        0.00,        0.00,        0.00,        1.00,        4.25,        0.00,        0.00,        1.00,        1.00,        0.00
     5666.00,       64.52,       25.24,        0.00,        0.00,        0.00,        0.00,        1.00,        4.25,        0.00,        0.00,        1.00,        1.00,        0.00
     5667.00,       64.52,       24.85,        0.00,        0.00,        0.00,        0.00,        1.00,        4.25,        0.00,        0.00,        1.00,        1.00,        0.00
     5668.00,       64.52,       25.84,        0.00,        0.00,        0.00,        0.00,        1.00,        4.25,        0.00,        0.00,        1.00,        1.00,        0.00
     5669.00,       64.52,       26.56,        0.00,        0.00,        0.00,        0.00,        1.00,        4.25,        0.00,        0.00,        1.00,        1.00,        0.00
     5670.00,       64.52,       27.71,        0.00,        0.00,        0.00,        0.00,        1.00,        4.25,        0.00,        0.00,        1.00,        1.00,        0.00
     5671.00,       64.52,       27.94,        0.00,        0.00,        0.00,        0.00,        1.00,        4.25,        0.00,        0.00,        1.00,        1.00,        0.00
     5672.00,       64.52,       29.82,        0.00,        0.00,        0.00,        0.00,        1.00,        4.25,        0.00,        0.00,        1.00,        1.00,        0.00
     5673.00,       64.52,       31.48,        0.00,        0.00,        0.00,        0.00,        1.00,        4.25,        0.00,        0.00,        1.00,        1.00,        0.00
     5674.00,       64.52,       32.97,        0.00,        0.00,        0.00,        0.00,        1.00,        4.25,        0.00,        0.00,        1.00,        1.00,        0.00
     5675.00,       64.52,       33.84,        0.00,        0.00,        0.00,        0.00,        1.00,        4.25,        0.00,        0.00,        1.00,        1.00,        0.00
     5676.00,       64.52,       36.69,        0.00,        0.00,        0.00,        0.00,        1.00,        4.25,        0.00,        0.00,        1.00,        1.00,        0.00
     5677.00,       64.52,       37.31,        0.00,        0.00,        0.00,        0.00,        1.00,        4.25,        0.00,        0.00,        1.00,        1.00,        0.00
     5678.00,       64.52,       38.82,        0.00,        0.00,        0.00,        0.00,        1.00,        4.25,        0.00,        0.00,        1.00,        1.00,        0.00
     5679.00,       64.52,       42.05,        0.00,        0.00,        0.00,        0.00,        1.00,        4.25,        0.00,        0.00,        1.00,        1.00,        0.00
     5680.00,       64.52,       46.85,        0.00,        0.00,        0.00,        0.00,        1.00,        4.25,        0.00,        0.00,        1.00,        1.00,        0.00
     5681.00,       64.52,       43.65,        0.00,        0.00,        0.00,        0.00,        1.00,        4.25,        0.00,        0.00,        1.00,        1.00,        0.00
     5682.00,       64.52,       43.66,        0.00,        0.00,        0.00,        0.00,        1.00,        4.25,        0.00,        0.00,        1.00,        1.00,        0.00
     5683.00,       64.52,       40.26,        0.00,        0.00,        0.00,        0.00,        1.00,        4.25,        0.00,        0.00,        1.00,        1.00,        0.00
     5684.00,       64.52,       37.18,        0.00,        0.00,        0.00,        0.00,        1.00,        4.25,        0.00,        0.00,        1.00,        1.00,        0.00
     5685.00,       64.52,       31.57,        0.00,        0.00,        0.00,        0.00,        1.00,        4.25,        0.00,        0.00,        1.00,        1.00,        0.00
     5686.00,       64.52,       27.41,        0.00,        0.00,        0.00,        0.00,        1.00,        4.25,        0.00,        0.00,        1.00,        1.00,        0.00
     5687.00,       64.52,       25.91,        0.00,        0.00,        0.00,        0.00,        1.00,        4.25,        0.00,        0.00,        1.00,        1.00,        0.00
     5688.00,       64.52,       24.75,        0.00,        0.00,        0.00,        0.00,        1.00,        4.25,        0.00,        0.00,        1.00,        1.00,        0.00
     5689.00,       64.52,       27.66,        0.00,        0.00,        0.00,        0.00,        1.00,        4.25,        0.00,        0.00,        1.00,        1.00,        0.00
     5690.00,       64.52,       26.46,        0.00,        0.00,        0.00,        0.00,        1.00,        4.25,        0.00,        0.00,        1.00,        1.00,        0.00
     5691.00,       64.52,       25.48,        0.00,        0.00,        0.00,        0.00,        1.00,        4.25,        0.00,        0.00,        1.00,        1.00,        0.00
     5692.00,       64.52,       26.90,        0.00,        0.00,        0.00,        0.00,        1.00,        4.25,        0.00,        0.00,        1.00,        1.00,        0.00
     5693.00,       64.52,       28.98,        0.00,        0.00,        0.00,        0.00,        1.00,        4.25,        0.00,        0.00,        1.00,        1.00,        0.00
     5694.00,       64.52,       30.12,        0.00,        0.00,        0.00,        0.00,        1.00,        4.25,        0.00,        0.00,        1.00,        1.00,        0.00
     5695.00,       64.52,       29.66,        0.00,        0.00,        0.00,        0.00,        1.00,        4.25,        0.00,        0.00,        1.00,        1.00,        0.00
     5696.00,       64.52,       30.39,        0.00,        0.00,        0.00,        0.00,        1.00,        4.25,        0.00,        0.00,        1.00,        1.00,        0.00
     5697.00,       64.52,       31.89,        0.00,        0.00,        0.00,        0.00,        1.00,        4.25,        0.00,        0.00,        1.00,        1.00,        0.00
     5698.00,       64.52,       32.59,        0.00,        0.00,        0.00,        0.00,        1.00,        4.25,        0.00,        0.00,        1.00,        1.00,        0.00
     5699.00,       64.52,       34.89,        0.00,        0.00,        0.00,        0.00,        1.00,        4.25,        0.00,        0.00,        1.00,        1.00,        0.00
     5700.00,       64.52,       36.90,        0.00,        0.00,        0.00,        0.00,        1.00,        4.25,        0.00,        0.00,        1.00,        1.00,        0.00
     5701.00,       64.52,       37.28,        0.00,        0.00,        0.00,        0.00,        1.00,        4.25,        0.00,        0.00,        1.00,        1.00,        0.00
     5702.00,       64.52,       39.83,        0.00,        0.00,        0.00,        0.00,        1.00,        4.25,        0.00,        0.00,        1.00,        1.00,        0.00
     5703.00,       64.52,       43.89,        0.00,        0.00,        0.00,        0.00,        1.00,        4.25,        0.00,        0.00,        1.00,        1.00,        0.00
     5704.00,       64.52,       48.28,        0.00,        0.00,        0.00,        0.00,        1.00,        4.25,        0.00,        0.00,        1.00,        1.00,        0.00
     5705.00,       64.52,       48.42,        0.00,        0.00,        0.00,        0.00,        1.00,        4.25,        0.00,        0.00,        1.00,        1.00,        0.00
     5706.00,       64.52,       49.72,        0.00,        0.00,        0.00,        0.00,        1.00,        4.25,        0.00,        0.00,        1.00,        1.00,        0.00
     5707.00,       64.52,       41.84,        0.00,        0.00,        0.00,        0.00,        1.00,        4.25,        0.00,        0.00,        1.00,        1.00,        0.00
     5708.00,       64.52,       35.87,        0.00,        0.00,        0.00,        0.00,        1.00,        4.25,        0.00,        0.00,        1.00,        1.00,        0.00
     5709.00,       64.52,       30.82,        0.00,        0.00,        0.00,        0.00,        1.00,        4.25,        0.00,        0.00,        1.00,        1.00,        0.00
     5710.00,       64.52,       27.73,        0.00,        0.00,        0.00,        0.00,        1.00,        4.25,        0.00,        0.00,        1.00,        1.00,        0.00
     5711.00,       64.52,       26.63,        0.00,        0.00,        0.00,        0.00,        1.00,        4.25,        0.00,        0.00,        1.00,        1.00,        0.00
     5712.00,       64.52,       25.43,        0.00,        0.00,        0.00,        0.00,        1.00,        4.25,        0.00,        0.00,        1.00,        1.00,        0.00
     5713.00,       64.52,       26.12,        0.00,        0.00,        0.00,        0.00,        1.00,        4.25,        0.00,        0.00,        1.00,        1.00,        0.00
     5714.00,       64.52,       24.94,        0.00,        0.00,        0.00,        0.00,        1.00,        4.25,        0.00,        0.00,        1.00,        1.00,        0.00
     5715.00,       64.52,       24.80,        0.00,        0.00,        0.00,        0.00,        1.00,        4.25,        0.00,        0.00,        1.00,        1.00,        0.00
     5716.00,       64.52,       25.41,        0.00,        0.00,        0.00,        0.00,        1.00,        4.25,        0.00,        0.00,        1.00,        1.00,        0.00
     5717.00,       64.52,       28.67,        0.00,        0.00,        0.00,        0.00,        1.00,        4.25,        0.00,        0.00,        1.00,        1.00,        0.00
     5718.00,       64.52,       28.43,        0.00,        0.00,        0.00,        0.00,        1.00,        4.25,        0.00,        0.00,        1.00,        1.00,        0.00
     5719.00,       64.52,       28.63,        0.00,        0.00,        0.00,        0.00,        1.00,        4.25,        0.00,        0.00,        1.00,        1.00,        0.00
     5720.00,       64.52,       29.93,        0.00,        0.00,        0.00,        0.00,        1.00,        4.25,        0.00,        0.00,        1.00,        1.00,        0.00
     5721.00,       64.52,       31.12,        0.00,        0.00,        0.00,        0.00,        1.00,        4.25,        0.00,        0.00,        1.00,        1.00,        0.00
     5722.00,       64.52,       32.89,        0.00,        0.00,        0.00,        0.00,        1.00,        4.25,        0.00,        0.00,        1.00,        1.00,        0.00
     5723.00,       64.52,       36.27,        0.00,        0.00,        0.00,        0.00,        1.00,        4.25,        0.00,        0.00,        1.00,        1.00,        0.00
     5724.00,       64.52,       40.17,        0.00,        0.00,        0.00,        0.00,        1.00,        4.25,        0.00,        0.00,        1.00,        1.00,        0.00
     5725.00,       64.52,       39.57,        0.00,        0.00,        0.00,        0.00,        1.00,        4.25,        0.00,        0.00,        1.00,        1.00,        0.00
     5726.00,       64.52,       45.34,        0.00,        0.00,        0.00,        0.00,        1.00,        4.25,        0.00,        0.00,        1.00,        1.00,        0.00
     5727.00,       64.52,       51.91,        0.00,        0.00,        0.00,        0.00,        1.00,        4.25,        0.00,        0.00,        1.00,        1.00,        0.00
     5728.00,       64.52,       55.43,        0.00,        0.00,        0.00,        0.00,        1.00,        4.25,        0.00,        0.00,        1.00,        1.00,        0.00
     5729.00,       64.52,       53.57,        0.00,        0.00,        0.00,        0.00,        1.00,        4.25,        0.00,        0.00,        1.00,        1.00,        0.00
     5730.00,       64.52,       49.36,        0.00,        0.00,        0.00,        0.00,        1.00,        4.25,        0.00,        0.00,        1.00,        1.00,        0.00
     5731.00,       64.52,       44.58,        0.00,        0.00,        0.00,        0.00,        1.00,        4.25,        0.00,        0.00,        1.00,        1.00,        0.00
     5732.00,       64.52,       37.09,        0.00,        0.00,        0.00,        0.00,        1.00,        4.25,        0.00,        0.00,        1.00,        1.00,        0.00
     5733.00,       64.52,       29.96,        0.00,        0.00,        0.00,        0.00,        1.00,        4.25,        0.00,        0.00,        1.00,        1.00,        0.00
     5734.00,       64.52,       29.20,        0.00,        0.00,        0.00,        0.00,        1.00,        4.25,        0.00,        0.00,        1.00,        1.00,        0.00
     5735.00,       64.52,       26.52,        0.00,        0.00,        0.00,        0.00,        1.00,        4.25,        0.00,        0.00,        1.00,        1.00,        0.00
     5736.00,       64.52,       24.89,        0.00,        0.00,        0.00,        0.00,        1.00,        4.25,        0.00,        0.00,        1.00,        1.00,        0.00
     5737.00,       64.52,       24.63,        0.00,        0.00,        0.00,        0.00,        1.00,        4.25,        0.00,        0.00,        1.00,        1.00,        0.00
     5738.00,       64.52,       24.66,        0.00,        0.00,        0.00,        0.00,        1.00,        4.25,        0.00,        0.00,        1.00,        1.00,        0.00
     5739.00,       64.52,       24.66,        0.00,        0.00,        0.00,        0.00,        1.00,        4.25,        0.00,        0.00,        1.00,        1.00,        0.00
     5740.00,       64.52,       25.51,        0.00,        0.00,        0.00,        0.00,        1.00,        4.25,        0.00,        0.00,        1.00,        1.00,        0.00
     5741.00,       64.52,       28.55,        0.00,        0.00,        0.00,        0.00,        1.00,        4.25,        0.00,        0.00,        1.00,        1.00,        0.00
     5742.00,       64.52,       27.95,        0.00,        0.00,        0.00,        0.00,        1.00,        4.25,        0.00,        0.00,        1.00,        1.00,        0.00
     5743.00,       64.52,       29.35,        0.00,        0.00,        0.00,        0.00,        1.00,        4.25,        0.00,        0.00,        1.00,        1.00,        0.00
     5744.00,       64.52,       30.75,        0.00,        0.00,        0.00,        0.00,        1.00,        4.25,        0.00,        0.00,        1.00,        1.00,        0.00
     5745.00,       64.52,       32.31,        0.00,        0.00,        0.00,        0.00,        1.00,        4.25,        0.00,        0.00,        1.00,        1.00,        0.00
     5746.00,       64.52,       32.06,        0.00,        0.00,        0.00,        0.00,        1.00,        4.25,        0.00,        0.00,        1.00,        1.00,        0.00
     5747.00,       64.52,       33.93,        0.00,        0.00,        0.00,        0.00,        1.00,        4.25,        0.00,        0.00,        1.00,        1.00,        0.00
     5748.00,       64.52,       33.58,        0.00,        0.00,        0.00,        0.00,        1.00,        4.25,        0.00,        0.00,        1.00,        1.00,        0.00
     5749.00,       64.52,       35.09,        0.00,        0.00,        0.00,        0.00,        1.00,        4.25,        0.00,        0.00,        1.00,        1.00,        0.00
     5750.00,       64.52,       40.08,        0.00,        0.00,        0.00,        0.00,        1.00,        4.25,        0.00,        0.00,        1.00,        1.00,        0.00
     5751.00,       64.52,       44.48,        0.00,        0.00,        0.00,        0.00,        1.00,        4.25,        0.00,        0.00,        1.00,        1.00,        0.00
     5752.00,       64.52,       46.08,        0.00,        0.00,        0.00,        0.00,        1.00,        4.25,        0.00,        0.00,        1.00,        1.00,        0.00
     5753.00,       64.52,       46.16,        0.00,        0.00,        0.00,        0.00,        1.00,        4.25,        0.00,        0.00,        1.00,        1.00,        0.00
     5754.00,       64.52,       46.30,        0.00,        0.00,        0.00,        0.00,        1.00,        4.25,        0.00,        0.00,        1.00,        1.00,        0.00
     5755.00,       64.52,       40.78,        0.00,        0.00,        0.00,        0.00,        1.00,        4.25,        0.00,        0.00,        1.00,        1.00,        0.00
     5756.00,       64.52,       34.99,        0.00,        0.00,        0.00,        0.00,        1.00,        4.25,        0.00,        0.00,        1.00,        1.00,        0.00
     5757.00,       64.52,       30.15,        0.00,        0.00,        0.00,        0.00,        1.00,        4.25,        0.00,        0.00,        1.00,        1.00,        0.00
     5758.00,       64.52,       28.83,        0.00,        0.00,        0.00,        0.00,        1.00,        4.25,        0.00,        0.00,        1.00,        1.00,        0.00
     5759.00,       64.52,       27.40,        0.00,        0.00,        0.00,        0.00,        1.00,        4.25,        0.00,        0.00,        1.00,        1.00,        0.00
     5760.00,       64.52,       25.34,        0.00,        0.00,        0.00,        0.00,        1.00,        4.25,        0.00,        0.00,        1.00,        1.00,        0.00
     5761.00,       64.52,       28.52,        0.00,        0.00,        0.00,        0.00,        1.00,        4.25,        0.00,        0.00,        1.00,        1.00,        0.00
     5762.00,       64.52,       27.69,        0.00,        0.00,        0.00,        0.00,        1.00,        4.25,        0.00,        0.00,        1.00,        1.00,        0.00
     5763.00,       64.52,       27.56,        0.00,        0.00,        0.00,        0.00,        1.00,        4.25,        0.00,        0.00,        1.00,        1.00,        0.00
     5764.00,       64.52,       27.65,        0.00,        0.00,        0.00,        0.00,        1.00,        4.25,        0.00,        0.00,        1.00,        1.00,        0.00
     5765.00,       64.52,       28.54,        0.00,        0.00,        0.00,        0.00,        1.00,        4.25,        0.00,        0.00,        1.00,        1.00,        0.00
     5766.00,       64.52,       28.49,        0.00,        0.00,        0.00,        0.00,        1.00,        4.25,        0.00,        0.00,        1.00,        1.00,        0.00
     5767.00,       64.52,       28.60,        0.00,        0.00,        0.00,        0.00,        1.00,        4.25,        0.00,        0.00,        1.00,        1.00,        0.00
     5768.00,       64.52,       29.47,        0.00,        0.00,        0.00,        0.00,        1.00,        4.25,        0.00,        0.00,        1.00,        1.00,        0.00
     5769.00,       64.52,       28.76,        0.00,        0.00,        0.00,        0.00,        1.00,        4.25,        0.00,        0.00,        1.00,        1.00,        0.00
     5770.00,       64.52,       29.10,        0.00,        0.00,        0.00,        0.00,        1.00,        4.25,        0.00,        0.00,        1.00,        1.00,        0.00
     5771.00,       64.52,       30.69,        0.00,        0.00,        0.00,        0.00,        1.00,        4.25,        0.00,        0.00,        1.00,        1.00,        0.00
     5772.00,       64.52,       31.22,        0.00,        0.00,        0.00,        0.00,        1.00,        4.25,        0.00,        0.00,        1.00,        1.00,        0.00
     5773.00,       64.52,       31.00,        0.00,        0.00,        0.00,        0.00,        1.00,        4.25,        0.00,        0.00,        1.00,        1.00,        0.00
     5774.00,       64.52,       33.28,        0.00,        0.00,        0.00,        0.00,        1.00,        4.25,        0.00,        0.00,        1.00,        1.00,        0.00
     5775.00,       64.52,       33.36,        0.00,        0.00,        0.00,        0.00,        1.00,        4.25,        0.00,        0.00,        1.00,        1.00,        0.00
     5776.00,       64.52,       32.17,        0.00,        0.00,        0.00,        0.00,        1.00,        4.25,        0.00,        0.00,        1.00,        1.00,        0.00
     5777.00,       64.52,       35.13,        0.00,        0.00,        0.00,        0.00,        1.00,        4.25,        0.00,        0.00,        1.00,        1.00,        0.00
     5778.00,       64.52,       35.51,        0.00,        0.00,        0.00,        0.00,        1.00,        4.25,        0.00,        0.00,        1.00,        1.00,        0.00
     5779.00,       64.52,       35.97,        0.00,        0.00,        0.00,        0.00,        1.00,        4.25,        0.00,        0.00,        1.00,        1.00,        0.00
     5780.00,       64.52,       33.34,        0.00,        0.00,        0.00,        0.00,        1.00,        4.25,        0.00,        0.00,        1.00,        1.00,        0.00
     5781.00,       64.52,       28.76,        0.00,        0.00,        0.00,        0.00,        1.00,        4.25,        0.00,        0.00,        1.00,        1.00,        0.00
     5782.00,       64.52,       26.89,        0.00,        0.00,        0.00,        0.00,        1.00,        4.25,        0.00,        0.00,        1.00,        1.00,        0.00
     5783.00,       64.52,       27.32,        0.00,        0.00,        0.00,        0.00,        1.00,        4.25,        0.00,        0.00,        1.00,        1.00,        0.00
     5784.00,       64.52,       27.60,        0.00,        0.00,        0.00,        0.00,        1.00,        4.25,        0.00,        0.00,        1.00,        1.00,        0.00
     5785.00,       64.52,       30.13,        0.00,        0.00,        0.00,        0.00,        1.00,        4.25,        0.00,        0.00,        1.00,        1.00,        0.00
     5786.00,       64.52,       29.20,        0.00,        0.00,        0.00,        0.00,        1.00,        4.25,        0.00,        0.00,        1.00,        1.00,        0.00
     5787.00,       64.52,       27.20,        0.00,        0.00,        0.00,        0.00,        1.00,        4.25,        0.00,        0.00,        1.00,        1.00,        0.00
     5788.00,       64.52,       26.78,        0.00,        0.00,        0.00,        0.00,        1.00,        4.25,        0.00,        0.00,        1.00,        1.00,        0.00
     5789.00,       64.52,       27.60,        0.00,        0.00,        0.00,        0.00,        1.00,        4.25,        0.00,        0.00,        1.00,        1.00,        0.00
     5790.00,       64.52,       28.33,        0.00,        0.00,        0.00,        0.00,        1.00,        4.25,        0.00,        0.00,        1.00,        1.00,        0.00
     5791.00,       64.52,       27.80,        0.00,        0.00,        0.00,        0.00,        1.00,        4.25,        0.00,        0.00,        1.00,        1.00,        0.00
     5792.00,       64.52,       27.39,        0.00,        0.00,        0.00,        0.00,        1.00,        4.25,        0.00,        0.00,        1.00,        1.00,        0.00
     5793.00,       64.52,       30.13,        0.00,        0.00,        0.00,        0.00,        1.00,        4.25,        0.00,        0.00,        1.00,        1.00,        0.00
     5794.00,       64.52,       29.57,        0.00,        0.00,        0.00,        0.00,        1.00,        4.25,        0.00,        0.00,        1.00,        1.00,        0.00
     5795.00,       64.52,       31.46,        0.00,        0.00,        0.00,        0.00,        1.00,        4.25,        0.00,        0.00,        1.00,        1.00,        0.00
     5796.00,       64.52,       31.58,        0.00,        0.00,        0.00,        0.00,        1.00,        4.25,        0.00,        0.00,        1.00,        1.00,        0.00
     5797.00,       64.52,       32.13,        0.00,        0.00,        0.00,        0.00,        1.00,        4.25,        0.00,        0.00,        1.00,        1.00,        0.00
     5798.00,       64.52,       35.81,        0.00,        0.00,        0.00,        0.00,        1.00,        4.25,        0.00,        0.00,        1.00,        1.00,        0.00
     5799.00,       64.52,       37.11,        0.00,        0.00,        0.00,        0.00,        1.00,        4.25,        0.00,        0.00,        1.00,        1.00,        0.00
     5800.00,       64.52,       39.97,        0.00,        0.00,        0.00,        0.00,        1.00,        4.25,        0.00,        0.00,        1.00,        1.00,        0.00
     5801.00,       64.52,       39.61,        0.00,        0.00,        0.00,        0.00,        1.00,        4.25,        0.00,        0.00,        1.00,        1.00,        0.00
     5802.00,       64.52,       39.27,        0.00,        0.00,        0.00,        0.00,        1.00,        4.25,        0.00,        0.00,        1.00,        1.00,        0.00
     5803.00,       64.52,       38.45,        0.00,        0.00,        0.00,        0.00,        1.00,        4.25,        0.00,        0.00,        1.00,        1.00,        0.00
     5804.00,       64.52,       33.42,        0.00,        0.00,        0.00,        0.00,        1.00,        4.25,        0.00,        0.00,        1.00,        1.00,        0.00
     5805.00,       64.52,       28.57,        0.00,        0.00,        0.00,        0.00,        1.00,        4.25,        0.00,        0.00,        1.00,        1.00,        0.00
     5806.00,       64.52,       29.16,        0.00,        0.00,        0.00,        0.00,        1.00,        4.25,        0.00,        0.00,        1.00,        1.00,        0.00
     5807.00,       64.52,       28.22,        0.00,        0.00,        0.00,        0.00,        1.00,        4.25,        0.00,        0.00,        1.00,        1.00,        0.00
     5808.00,       64.52,       21.48,        0.00,        0.00,        0.00,        0.00,        1.00,        4.25,        0.00,        0.00,        1.00,        1.00,        0.00
     5809.00,       64.52,       24.13,        0.00,        0.00,        0.00,        0.00,        1.00,        4.25,        0.00,        0.00,        1.00,        1.00,        0.00
     5810.00,       64.52,       24.14,        0.00,        0.00,        0.00,        0.00,        1.00,        4.25,        0.00,        0.00,        1.00,        1.00,        0.00
     5811.00,       64.52,       24.68,        0.00,        0.00,        0.00,        0.00,        1.00,        4.25,        0.00,        0.00,        1.00,        1.00,        0.00
     5812.00,       64.52,       25.03,        0.00,        0.00,        0.00,        0.00,        1.00,        4.25,        0.00,        0.00,        1.00,        1.00,        0.00
     5813.00,       64.52,       27.75,        0.00,        0.00,        0.00,        0.00,        1.00,        4.25,        0.00,        0.00,        1.00,        1.00,        0.00
     5814.00,       64.52,       30.02,        0.00,        0.00,        0.00,        0.00,        1.00,        4.25,        0.00,        0.00,        1.00,        1.00,        0.00
     5815.00,       64.52,       31.29,        0.00,        0.00,        0.00,        0.00,        1.00,        4.25,        0.00,        0.00,        1.00,        1.00,        0.00
     5816.00,       64.52,       30.73,        0.00,        0.00,        0.00,        0.00,        1.00,        4.25,        0.00,        0.00,        1.00,        1.00,        0.00
     5817.00,       64.52,       30.76,        0.00,        0.00,        0.00,        0.00,        1.00,        4.25,        0.00,        0.00,        1.00,        1.00,        0.00
     5818.00,       64.52,       31.41,        0.00,        0.00,        0.00,        0.00,        1.00,        4.25,        0.00,        0.00,        1.00,        1.00,        0.00
     5819.00,       64.52,       32.64,        0.00,        0.00,        0.00,        0.00,        1.00,        4.25,        0.00,        0.00,        1.00,        1.00,        0.00
     5820.00,       64.52,       32.73,        0.00,        0.00,        0.00,        0.00,        1.00,        4.25,        0.00,        0.00,        1.00,        1.00,        0.00
     5821.00,       64.52,       35.22,        0.00,        0.00,        0.00,        0.00,        1.00,        4.25,        0.00,        0.00,        1.00,        1.00,        0.00
     5822.00,       64.52,       37.51,        0.00,        0.00,        0.00,        0.00,        1.00,        4.25,        0.00,        0.00,        1.00,        1.00,        0.00
     5823.00,       64.52,       40.25,        0.00,        0.00,        0.00,        0.00,        1.00,        4.25,        0.00,        0.00,        1.00,        1.00,        0.00
     5824.00,       64.52,       47.45,        0.00,        0.00,        0.00,        0.00,        1.00,        4.25,        0.00,        0.00,        1.00,        1.00,        0.00
     5825.00,       64.52,       42.97,        0.00,        0.00,        0.00,        0.00,        1.00,        4.25,        0.00,        0.00,        1.00,        1.00,        0.00
     5826.00,       64.52,       43.19,        0.00,        0.00,        0.00,        0.00,        1.00,        4.25,        0.00,        0.00,        1.00,        1.00,        0.00
     5827.00,       64.52,       34.76,        0.00,        0.00,        0.00,        0.00,        1.00,        4.25,        0.00,        0.00,        1.00,        1.00,        0.00
     5828.00,       64.52,       32.16,        0.00,        0.00,        0.00,        0.00,        1.00,        4.25,        0.00,        0.00,        1.00,        1.00,        0.00
     5829.00,       64.52,       28.08,        0.00,        0.00,        0.00,        0.00,        1.00,        4.25,        0.00,        0.00,        1.00,        1.00,        0.00
     5830.00,       64.52,       27.48,        0.00,        0.00,        0.00,        0.00,        1.00,        4.25,        0.00,        0.00,        1.00,        1.00,        0.00
     5831.00,       64.52,       26.72,        0.00,        0.00,        0.00,        0.00,        1.00,        4.25,        0.00,        0.00,        1.00,        1.00,        0.00
     5832.00,       64.52,       24.96,        0.00,        0.00,        0.00,        0.00,        1.00,        4.25,        0.00,        0.00,        1.00,        1.00,        0.00
     5833.00,       64.52,       27.05,        0.00,        0.00,        0.00,        0.00,        1.00,        4.25,        0.00,        0.00,        1.00,        1.00,        0.00
     5834.00,       64.52,       25.27,        0.00,        0.00,        0.00,        0.00,        1.00,        4.25,        0.00,        0.00,        1.00,        1.00,        0.00
     5835.00,       64.52,       24.87,        0.00,        0.00,        0.00,        0.00,        1.00,        4.25,        0.00,        0.00,        1.00,        1.00,        0.00
     5836.00,       64.52,       26.37,        0.00,        0.00,        0.00,        0.00,        1.00,        4.25,        0.00,        0.00,        1.00,        1.00,        0.00
     5837.00,       64.52,       29.61,        0.00,        0.00,        0.00,        0.00,        1.00,        4.25,        0.00,        0.00,        1.00,        1.00,        0.00
     5838.00,       64.52,       31.86,        0.00,        0.00,        0.00,        0.00,        1.00,        4.25,        0.00,        0.00,        1.00,        1.00,        0.00
     5839.00,       64.52,       33.81,        0.00,        0.00,        0.00,        0.00,        1.00,        4.25,        0.00,        0.00,        1.00,        1.00,        0.00
     5840.00,       64.52,       34.18,        0.00,        0.00,        0.00,        0.00,        1.00,        4.25,        0.00,        0.00,        1.00,        1.00,        0.00
     5841.00,       64.52,       33.04,        0.00,        0.00,        0.00,        0.00,        1.00,        4.25,        0.00,        0.00,        1.00,        1.00,        0.00
     5842.00,       64.52,       34.13,        0.00,        0.00,        0.00,        0.00,        1.00,        4.25,        0.00,        0.00,        1.00,        1.00,        0.00
     5843.00,       64.52,       35.41,        0.00,        0.00,        0.00,        0.00,        1.00,        4.25,        0.00,        0.00,        1.00,        1.00,        0.00
     5844.00,       64.52,       35.86,        0.00,        0.00,        0.00,        0.00,        1.00,        4.25,        0.00,        0.00,        1.00,        1.00,        0.00
     5845.00,       64.52,       35.23,        0.00,        0.00,        0.00,        0.00,        1.00,        4.25,        0.00,        0.00,        1.00,        1.00,        0.00
     5846.00,       64.52,       35.51,        0.00,        0.00,        0.00,        0.00,        1.00,        4.25,        0.00,        0.00,        1.00,        1.00,        0.00
     5847.00,       64.52,       35.68,        0.00,        0.00,        0.00,        0.00,        1.00,        4.25,        0.00,        0.00,        1.00,        1.00,        0.00
     5848.00,       64.52,       40.59,        0.00,        0.00,        0.00,        0.00,        1.00,        4.25,        0.00,        0.00,        1.00,        1.00,        0.00
     5849.00,       64.52,       42.43,        0.00,        0.00,        0.00,        0.00,        1.00,        4.25,        0.00,        0.00,        1.00,        1.00,        0.00
     5850.00,       64.52,       41.38,        0.00,        0.00,        0.00,        0.00,        1.00,        4.25,        0.00,        0.00,        1.00,        1.00,        0.00
     5851.00,       64.52,       39.09,        0.00,        0.00,        0.00,        0.00,        1.00,        4.25,        0.00,        0.00,        1.00,        1.00,        0.00
     5852.00,       64.52,       33.46,        0.00,        0.00,        0.00,        0.00,        1.00,        4.25,        0.00,        0.00,        1.00,        1.00,        0.00
     5853.00,       64.52,       29.91,        0.00,        0.00,        0.00,        0.00,        1.00,        4.25,        0.00,        0.00,        1.00,        1.00,        0.00
     5854.00,       64.52,       28.69,        0.00,        0.00,        0.00,        0.00,        1.00,        4.25,        0.00,        0.00,        1.00,        1.00,        0.00
     5855.00,       64.52,       26.87,        0.00,        0.00,        0.00,        0.00,        1.00,        4.25,        0.00,        0.00,        1.00,        1.00,        0.00
     5856.00,       64.52,       25.23,        0.00,        0.00,        0.00,        0.00,        1.00,        4.25,        0.00,        0.00,        1.00,        1.00,        0.00
     5857.00,       64.52,       27.48,        0.00,        0.00,        0.00,        0.00,        1.00,        4.25,        0.00,        0.00,        1.00,        1.00,        0.00
     5858.00,       64.52,       26.24,        0.00,        0.00,        0.00,        0.00,        1.00,        4.25,        0.00,        0.00,        1.00,        1.00,        0.00
     5859.00,       64.52,       25.29,        0.00,        0.00,        0.00,        0.00,        1.00,        4.25,        0.00,        0.00,        1.00,        1.00,        0.00
     5860.00,       64.52,       26.47,        0.00,        0.00,        0.00,        0.00,        1.00,        4.25,        0.00,        0.00,        1.00,        1.00,        0.00
     5861.00,       64.52,       29.07,        0.00,        0.00,        0.00,        0.00,        1.00,        4.25,        0.00,        0.00,        1.00,        1.00,        0.00
     5862.00,       64.52,       31.24,        0.00,        0.00,        0.00,        0.00,        1.00,        4.25,        0.00,        0.00,        1.00,        1.00,        0.00
     5863.00,       64.52,       32.14,        0.00,        0.00,        0.00,        0.00,        1.00,        4.25,        0.00,        0.00,        1.00,        1.00,        0.00
     5864.00,       64.52,       30.94,        0.00,        0.00,        0.00,        0.00,        1.00,        4.25,        0.00,        0.00,        1.00,        1.00,        0.00
     5865.00,       64.52,       31.40,        0.00,        0.00,        0.00,        0.00,        1.00,        4.25,        0.00,        0.00,        1.00,        1.00,        0.00
     5866.00,       64.52,       31.63,        0.00,        0.00,        0.00,        0.00,        1.00,        4.25,        0.00,        0.00,        1.00,        1.00,        0.00
     5867.00,       64.52,       32.43,        0.00,        0.00,        0.00,        0.00,        1.00,        4.25,        0.00,        0.00,        1.00,        1.00,        0.00
     5868.00,       64.52,       31.88,        0.00,        0.00,        0.00,        0.00,        1.00,        4.25,        0.00,        0.00,        1.00,        1.00,        0.00
     5869.00,       64.52,       32.09,        0.00,        0.00,        0.00,        0.00,        1.00,        4.25,        0.00,        0.00,        1.00,        1.00,        0.00
     5870.00,       64.52,       34.23,        0.00,        0.00,        0.00,        0.00,        1.00,        4.25,        0.00,        0.00,        1.00,        1.00,        0.00
     5871.00,       64.52,       37.14,        0.00,        0.00,        0.00,        0.00,        1.00,        4.25,        0.00,        0.00,        1.00,        1.00,        0.00
     5872.00,       64.52,       36.32,        0.00,        0.00,        0.00,        0.00,        1.00,        4.25,        0.00,        0.00,        1.00,        1.00,        0.00
     5873.00,       64.52,       36.11,        0.00,        0.00,        0.00,        0.00,        1.00,        4.25,        0.00,        0.00,        1.00,        1.00,        0.00
     5874.00,       64.52,       38.13,        0.00,        0.00,        0.00,        0.00,        1.00,        4.25,        0.00,        0.00,        1.00,        1.00,        0.00
     5875.00,       64.52,       37.00,        0.00,        0.00,        0.00,        0.00,        1.00,        4.25,        0.00,        0.00,        1.00,        1.00,        0.00
     5876.00,       64.52,       35.57,        0.00,        0.00,        0.00,        0.00,        1.00,        4.25,        0.00,        0.00,        1.00,        1.00,        0.00
     5877.00,       64.52,       26.22,        0.00,        0.00,        0.00,        0.00,        1.00,        4.25,        0.00,        0.00,        1.00,        1.00,        0.00
     5878.00,       64.52,       28.33,        0.00,        0.00,        0.00,        0.00,        1.00,        4.25,        0.00,        0.00,        1.00,        1.00,        0.00
     5879.00,       64.52,       27.45,        0.00,        0.00,        0.00,        0.00,        1.00,        4.25,        0.00,        0.00,        1.00,        1.00,        0.00
     5880.00,       64.52,       26.43,        0.00,        0.00,        0.00,        0.00,        1.00,        4.25,        0.00,        0.00,        1.00,        1.00,        0.00
     5881.00,       64.52,       27.04,        0.00,        0.00,        0.00,        0.00,        1.00,        4.25,        0.00,        0.00,        1.00,        1.00,        0.00
     5882.00,       64.52,       26.25,        0.00,        0.00,        0.00,        0.00,        1.00,        4.25,        0.00,        0.00,        1.00,        1.00,        0.00
     5883.00,       64.52,       25.43,        0.00,        0.00,        0.00,        0.00,        1.00,        4.25,        0.00,        0.00,        1.00,        1.00,        0.00
     5884.00,       64.52,       26.97,        0.00,        0.00,        0.00,        0.00,        1.00,        4.25,        0.00,        0.00,        1.00,        1.00,        0.00
     5885.00,       64.52,       29.68,        0.00,        0.00,        0.00,        0.00,        1.00,        4.25,        0.00,        0.00,        1.00,        1.00,        0.00
     5886.00,       64.52,       32.35,        0.00,        0.00,        0.00,        0.00,        1.00,        4.25,        0.00,        0.00,        1.00,        1.00,        0.00
     5887.00,       64.52,       32.76,        0.00,        0.00,        0.00,        0.00,        1.00,        4.25,        0.00,        0.00,        1.00,        1.00,        0.00
     5888.00,       64.52,       30.48,        0.00,        0.00,        0.00,        0.00,        1.00,        4.25,        0.00,        0.00,        1.00,        1.00,        0.00
     5889.00,       64.52,       32.04,        0.00,        0.00,        0.00,        0.00,        1.00,        4.25,        0.00,        0.00,        1.00,        1.00,        0.00
     5890.00,       64.52,       30.86,        0.00,        0.00,        0.00,        0.00,        1.00,        4.25,        0.00,        0.00,        1.00,        1.00,        0.00
     5891.00,       64.52,       31.60,        0.00,        0.00,        0.00,        0.00,        1.00,        4.25,        0.00,        0.00,        1.00,        1.00,        0.00
     5892.00,       64.52,       30.67,        0.00,        0.00,        0.00,        0.00,        1.00,        4.25,        0.00,        0.00,        1.00,        1.00,        0.00
     5893.00,       64.52,       30.74,        0.00,        0.00,        0.00,        0.00,        1.00,        4.25,        0.00,        0.00,        1.00,        1.00,        0.00
     5894.00,       64.52,       29.71,        0.00,        0.00,        0.00,        0.00,        1.00,        4.25,        0.00,        0.00,        1.00,        1.00,        0.00
     5895.00,       64.52,       29.52,        0.00,        0.00,        0.00,        0.00,        1.00,        4.25,        0.00,        0.00,        1.00,        1.00,        0.00
     5896.00,       64.52,       31.67,        0.00,        0.00,        0.00,        0.00,        1.00,        4.25,        0.00,        0.00,        1.00,        1.00,        0.00
     5897.00,       64.52,       33.67,        0.00,        0.00,        0.00,        0.00,        1.00,        4.25,        0.00,        0.00,        1.00,        1.00,        0.00
     5898.00,       64.52,       37.61,        0.00,        0.00,        0.00,        0.00,        1.00,        4.25,        0.00,        0.00,        1.00,        1.00,        0.00
     5899.00,       64.52,       38.19,        0.00,        0.00,        0.00,        0.00,        1.00,        4.25,        0.00,        0.00,        1.00,        1.00,        0.00
     5900.00,       64.52,       35.13,        0.00,        0.00,        0.00,        0.00,        1.00,        4.25,        0.00,        0.00,        1.00,        1.00,        0.00
     5901.00,       64.52,       26.56,        0.00,        0.00,        0.00,        0.00,        1.00,        4.25,        0.00,        0.00,        1.00,        1.00,        0.00
     5902.00,       64.52,       28.41,        0.00,        0.00,        0.00,        0.00,        1.00,        4.25,        0.00,        0.00,        1.00,        1.00,        0.00
     5903.00,       64.52,       29.40,        0.00,        0.00,        0.00,        0.00,        1.00,        4.25,        0.00,        0.00,        1.00,        1.00,        0.00
     5904.00,       64.52,       27.70,        0.00,        0.00,        0.00,        0.00,        1.00,        4.25,        0.00,        0.00,        1.00,        1.00,        0.00
     5905.00,       64.52,       27.80,        0.00,        0.00,        0.00,        0.00,        1.00,        4.25,        0.00,        0.00,        1.00,        1.00,        0.00
     5906.00,       64.52,       26.26,        0.00,        0.00,        0.00,        0.00,        1.00,        4.25,        0.00,        0.00,        1.00,        1.00,        0.00
     5907.00,       64.52,       25.56,        0.00,        0.00,        0.00,        0.00,        1.00,        4.25,        0.00,        0.00,        1.00,        1.00,        0.00
     5908.00,       64.52,       27.51,        0.00,        0.00,        0.00,        0.00,        1.00,        4.25,        0.00,        0.00,        1.00,        1.00,        0.00
     5909.00,       64.52,       29.70,        0.00,        0.00,        0.00,        0.00,        1.00,        4.25,        0.00,        0.00,        1.00,        1.00,        0.00
     5910.00,       64.52,       32.16,        0.00,        0.00,        0.00,        0.00,        1.00,        4.25,        0.00,        0.00,        1.00,        1.00,        0.00
     5911.00,       64.52,       33.70,        0.00,        0.00,        0.00,        0.00,        1.00,        4.25,        0.00,        0.00,        1.00,        1.00,        0.00
     5912.00,       64.52,       31.36,        0.00,        0.00,        0.00,        0.00,        1.00,        4.25,        0.00,        0.00,        1.00,        1.00,        0.00
     5913.00,       64.52,       30.98,        0.00,        0.00,        0.00,        0.00,        1.00,        4.25,        0.00,        0.00,        1.00,        1.00,        0.00
     5914.00,       64.52,       30.94,        0.00,        0.00,        0.00,        0.00,        1.00,        4.25,        0.00,        0.00,        1.00,        1.00,        0.00
     5915.00,       64.52,       30.79,        0.00,        0.00,        0.00,        0.00,        1.00,        4.25,        0.00,        0.00,        1.00,        1.00,        0.00
     5916.00,       64.52,       29.52,        0.00,        0.00,        0.00,        0.00,        1.00,        4.25,        0.00,        0.00,        1.00,        1.00,        0.00
     5917.00,       64.52,       30.91,        0.00,        0.00,        0.00,        0.00,        1.00,        4.25,        0.00,        0.00,        1.00,        1.00,        0.00
     5918.00,       64.52,       30.01,        0.00,        0.00,        0.00,        0.00,        1.00,        4.25,        0.00,        0.00,        1.00,        1.00,        0.00
     5919.00,       64.52,       29.02,        0.00,        0.00,        0.00,        0.00,        1.00,        4.25,        0.00,        0.00,        1.00,        1.00,        0.00
     5920.00,       64.52,       29.98,        0.00,        0.00,        0.00,        0.00,        1.00,        4.25,        0.00,        0.00,        1.00,        1.00,        0.00
     5921.00,       64.52,       30.31,        0.00,        0.00,        0.00,        0.00,        1.00,        4.25,        0.00,        0.00,        1.00,        1.00,        0.00
     5922.00,       64.52,       33.04,        0.00,        0.00,        0.00,        0.00,        1.00,        4.25,        0.00,        0.00,        1.00,        1.00,        0.00
     5923.00,       64.52,       33.54,        0.00,        0.00,        0.00,        0.00,        1.00,        4.25,        0.00,        0.00,        1.00,        1.00,        0.00
     5924.00,       64.52,       31.75,        0.00,        0.00,        0.00,        0.00,        1.00,        4.25,        0.00,        0.00,        1.00,        1.00,        0.00
     5925.00,       64.52,       28.90,        0.00,        0.00,        0.00,        0.00,        1.00,        4.25,        0.00,        0.00,        1.00,        1.00,        0.00
     5926.00,       64.52,       28.54,        0.00,        0.00,        0.00,        0.00,        1.00,        4.25,        0.00,        0.00,        1.00,        1.00,        0.00
     5927.00,       64.52,       27.70,        0.00,        0.00,        0.00,        0.00,        1.00,        4.25,        0.00,        0.00,        1.00,        1.00,        0.00
     5928.00,       64.52,       26.81,        0.00,        0.00,        0.00,        0.00,        1.00,        4.25,        0.00,        0.00,        1.00,        1.00,        0.00
     5929.00,       64.52,       27.20,        0.00,        0.00,        0.00,        0.00,        1.00,        4.25,        0.00,        0.00,        1.00,        1.00,        0.00
     5930.00,       64.52,       28.16,        0.00,        0.00,        0.00,        0.00,        1.00,        4.25,        0.00,        0.00,        1.00,        1.00,        0.00
     5931.00,       64.52,       26.94,        0.00,        0.00,        0.00,        0.00,        1.00,        4.25,        0.00,        0.00,        1.00,        1.00,        0.00
     5932.00,       64.52,       28.65,        0.00,        0.00,        0.00,        0.00,        1.00,        4.25,        0.00,        0.00,        1.00,        1.00,        0.00
     5933.00,       64.52,       28.90,        0.00,        0.00,        0.00,        0.00,        1.00,        4.25,        0.00,        0.00,        1.00,        1.00,        0.00
     5934.00,       64.52,       30.01,        0.00,        0.00,        0.00,        0.00,        1.00,        4.25,        0.00,        0.00,        1.00,        1.00,        0.00
     5935.00,       64.52,       29.11,        0.00,        0.00,        0.00,        0.00,        1.00,        4.25,        0.00,        0.00,        1.00,        1.00,        0.00
     5936.00,       64.52,       28.45,        0.00,        0.00,        0.00,        0.00,        1.00,        4.25,        0.00,        0.00,        1.00,        1.00,        0.00
     5937.00,       64.52,       27.63,        0.00,        0.00,        0.00,        0.00,        1.00,        4.25,        0.00,        0.00,        1.00,        1.00,        0.00
     5938.00,       64.52,       27.89,        0.00,        0.00,        0.00,        0.00,        1.00,        4.25,        0.00,        0.00,        1.00,        1.00,        0.00
     5939.00,       64.52,       28.84,        0.00,        0.00,        0.00,        0.00,        1.00,        4.25,        0.00,        0.00,        1.00,        1.00,        0.00
     5940.00,       64.52,       28.75,        0.00,        0.00,        0.00,        0.00,        1.00,        4.25,        0.00,        0.00,        1.00,        1.00,        0.00
     5941.00,       64.52,       29.80,        0.00,        0.00,        0.00,        0.00,        1.00,        4.25,        0.00,        0.00,        1.00,        1.00,        0.00
     5942.00,       64.52,       33.09,        0.00,        0.00,        0.00,        0.00,        1.00,        4.25,        0.00,        0.00,        1.00,        1.00,        0.00
     5943.00,       64.52,       31.95,        0.00,        0.00,        0.00,        0.00,        1.00,        4.25,        0.00,        0.00,        1.00,        1.00,        0.00
     5944.00,       64.52,       33.96,        0.00,        0.00,        0.00,        0.00,        1.00,        4.25,        0.00,        0.00,        1.00,        1.00,        0.00
     5945.00,       64.52,       32.69,        0.00,        0.00,        0.00,        0.00,        1.00,        4.25,        0.00,        0.00,        1.00,        1.00,        0.00
     5946.00,       64.52,       39.68,        0.00,        0.00,        0.00,        0.00,        1.00,        4.25,        0.00,        0.00,        1.00,        1.00,        0.00
     5947.00,       64.52,       38.92,        0.00,        0.00,        0.00,        0.00,        1.00,        4.25,        0.00,        0.00,        1.00,        1.00,        0.00
     5948.00,       64.52,       39.29,        0.00,        0.00,        0.00,        0.00,        1.00,        4.25,        0.00,        0.00,        1.00,        1.00,        0.00
     5949.00,       64.52,       31.07,        0.00,        0.00,        0.00,        0.00,        1.00,        4.25,        0.00,        0.00,        1.00,        1.00,        0.00
     5950.00,       64.52,       29.74,        0.00,        0.00,        0.00,        0.00,        1.00,        4.25,        0.00,        0.00,        1.00,        1.00,        0.00
     5951.00,       64.52,       28.39,        0.00,        0.00,        0.00,        0.00,        1.00,        4.25,        0.00,        0.00,        1.00,        1.00,        0.00
     5952.00,       64.52,       31.07,        0.00,        0.00,        0.00,        0.00,        1.00,        4.25,        0.00,        0.00,        1.00,        1.00,        0.00
     5953.00,       64.52,       31.75,        0.00,        0.00,        0.00,        0.00,        1.00,        4.25,        0.00,        0.00,        1.00,        1.00,        0.00
     5954.00,       64.52,       31.82,        0.00,        0.00,        0.00,        0.00,        1.00,        4.25,        0.00,        0.00,        1.00,        1.00,        0.00
     5955.00,       64.52,       30.65,        0.00,        0.00,        0.00,        0.00,        1.00,        4.25,        0.00,        0.00,        1.00,        1.00,        0.00
     5956.00,       64.52,       30.62,        0.00,        0.00,        0.00,        0.00,        1.00,        4.25,        0.00,        0.00,        1.00,        1.00,        0.00
     5957.00,       64.52,       31.82,        0.00,        0.00,        0.00,        0.00,        1.00,        4.25,        0.00,        0.00,        1.00,        1.00,        0.00
     5958.00,       64.52,       31.58,        0.00,        0.00,        0.00,        0.00,        1.00,        4.25,        0.00,        0.00,        1.00,        1.00,        0.00
     5959.00,       64.52,       28.70,        0.00,        0.00,        0.00,        0.00,        1.00,        4.25,        0.00,        0.00,        1.00,        1.00,        0.00
     5960.00,       64.52,       26.98,        0.00,        0.00,        0.00,        0.00,        1.00,        4.25,        0.00,        0.00,        1.00,        1.00,        0.00
     5961.00,       64.52,       27.76,        0.00,        0.00,        0.00,        0.00,        1.00,        4.25,        0.00,        0.00,        1.00,        1.00,        0.00
     5962.00,       64.52,       29.40,        0.00,        0.00,        0.00,        0.00,        1.00,        4.25,        0.00,        0.00,        1.00,        1.00,        0.00
     5963.00,       64.52,       30.54,        0.00,        0.00,        0.00,        0.00,        1.00,        4.25,        0.00,        0.00,        1.00,        1.00,        0.00
     5964.00,       64.52,       30.28,        0.00,        0.00,        0.00,        0.00,        1.00,        4.25,        0.00,        0.00,        1.00,        1.00,        0.00
     5965.00,       64.52,       32.14,        0.00,        0.00,        0.00,        0.00,        1.00,        4.25,        0.00,        0.00,        1.00,        1.00,        0.00
     5966.00,       64.52,       31.63,        0.00,        0.00,        0.00,        0.00,        1.00,        4.25,        0.00,        0.00,        1.00,        1.00,        0.00
     5967.00,       64.52,       30.78,        0.00,        0.00,        0.00,        0.00,        1.00,        4.25,        0.00,        0.00,        1.00,        1.00,        0.00
     5968.00,       64.52,       31.51,        0.00,        0.00,        0.00,        0.00,        1.00,        4.25,        0.00,        0.00,        1.00,        1.00,        0.00
     5969.00,       64.52,       32.18,        0.00,        0.00,        0.00,        0.00,        1.00,        4.25,        0.00,        0.00,        1.00,        1.00,        0.00
     5970.00,       64.52,       36.11,        0.00,        0.00,        0.00,        0.00,        1.00,        4.25,        0.00,        0.00,        1.00,        1.00,        0.00
     5971.00,       64.52,       38.00,        0.00,        0.00,        0.00,        0.00,        1.00,        4.25,        0.00,        0.00,        1.00,        1.00,        0.00
     5972.00,       64.52,       35.08,        0.00,        0.00,        0.00,        0.00,        1.00,        4.25,        0.00,        0.00,        1.00,        1.00,        0.00
     5973.00,       64.52,       29.75,        0.00,        0.00,        0.00,        0.00,        1.00,        4.25,        0.00,        0.00,        1.00,        1.00,        0.00
     5974.00,       64.52,       29.87,        0.00,        0.00,        0.00,        0.00,        1.00,        4.25,        0.00,        0.00,        1.00,        1.00,        0.00
     5975.00,       64.52,       30.14,        0.00,        0.00,        0.00,        0.00,        1.00,        4.25,        0.00,        0.00,        1.00,        1.00,        0.00
     5976.00,       64.52,       29.69,        0.00,        0.00,        0.00,        0.00,        1.00,        4.25,        0.00,        0.00,        1.00,        1.00,        0.00
     5977.00,       64.52,       28.84,        0.00,        0.00,        0.00,        0.00,        1.00,        4.25,        0.00,        0.00,        1.00,        1.00,        0.00
     5978.00,       64.52,       28.48,        0.00,        0.00,        0.00,        0.00,        1.00,        4.25,        0.00,        0.00,        1.00,        1.00,        0.00
     5979.00,       64.52,       27.32,        0.00,        0.00,        0.00,        0.00,        1.00,        4.25,        0.00,        0.00,        1.00,        1.00,        0.00
     5980.00,       64.52,       27.38,        0.00,        0.00,        0.00,        0.00,        1.00,        4.25,        0.00,        0.00,        1.00,        1.00,        0.00
     5981.00,       64.52,       28.40,        0.00,        0.00,        0.00,        0.00,        1.00,        4.25,        0.00,        0.00,        1.00,        1.00,        0.00
     5982.00,       64.52,       28.01,        0.00,        0.00,        0.00,        0.00,        1.00,        4.25,        0.00,        0.00,        1.00,        1.00,        0.00
     5983.00,       64.52,       28.34,        0.00,        0.00,        0.00,        0.00,        1.00,        4.25,        0.00,        0.00,        1.00,        1.00,        0.00
     5984.00,       64.52,       27.05,        0.00,        0.00,        0.00,        0.00,        1.00,        4.25,        0.00,        0.00,        1.00,        1.00,        0.00
     5985.00,       64.52,       28.74,        0.00,        0.00,        0.00,        0.00,        1.00,        4.25,        0.00,        0.00,        1.00,        1.00,        0.00
     5986.00,       64.52,       30.50,        0.00,        0.00,        0.00,        0.00,        1.00,        4.25,        0.00,        0.00,        1.00,        1.00,        0.00
     5987.00,       64.52,       32.39,        0.00,        0.00,        0.00,        0.00,        1.00,        4.25,        0.00,        0.00,        1.00,        1.00,        0.00
     5988.00,       64.52,       33.15,        0.00,        0.00,        0.00,        0.00,        1.00,        4.25,        0.00,        0.00,        1.00,        1.00,        0.00
     5989.00,       64.52,       32.29,        0.00,        0.00,        0.00,        0.00,        1.00,        4.25,        0.00,        0.00,        1.00,        1.00,        0.00
     5990.00,       64.52,       32.85,        0.00,        0.00,        0.00,        0.00,        1.00,        4.25,        0.00,        0.00,        1.00,        1.00,        0.00
     5991.00,       64.52,       34.22,        0.00,        0.00,        0.00,        0.00,        1.00,        4.25,        0.00,        0.00,        1.00,        1.00,        0.00
     5992.00,       64.52,       35.73,        0.00,        0.00,        0.00,        0.00,        1.00,        4.25,        0.00,        0.00,        1.00,        1.00,        0.00
     5993.00,       64.52,       38.11,        0.00,        0.00,        0.00,        0.00,        1.00,        4.25,        0.00,        0.00,        1.00,        1.00,        0.00
     5994.00,       64.52,       43.75,        0.00,        0.00,        0.00,        0.00,        1.00,        4.25,        0.00,        0.00,        1.00,        1.00,        0.00
     5995.00,       64.52,       43.69,        0.00,        0.00,        0.00,        0.00,        1.00,        4.25,        0.00,        0.00,        1.00,        1.00,        0.00
     5996.00,       64.52,       36.53,        0.00,        0.00,        0.00,        0.00,        1.00,        4.25,        0.00,        0.00,        1.00,        1.00,        0.00
     5997.00,       64.52,       31.71,        0.00,        0.00,        0.00,        0.00,        1.00,        4.25,        0.00,        0.00,        1.00,        1.00,        0.00
     5998.00,       64.52,       28.47,        0.00,        0.00,        0.00,        0.00,        1.00,        4.25,        0.00,        0.00,        1.00,        1.00,        0.00
     5999.00,       64.52,       30.50,        0.00,        0.00,        0.00,        0.00,        1.00,        4.25,        0.00,        0.00,        1.00,        1.00,        0.00
     6000.00,       64.52,       30.96,        0.00,        0.00,        0.00,        0.00,        1.00,        4.25,        0.00,        0.00,        1.00,        1.00,        0.00
     6001.00,       64.52,       30.18,        0.00,        0.00,        0.00,        0.00,        1.00,        4.25,        0.00,        0.00,        1.00,        1.00,        0.00
     6002.00,       64.52,       28.76,        0.00,        0.00,        0.00,        0.00,        1.00,        4.25,        0.00,        0.00,        1.00,        1.00,        0.00
     6003.00,       64.52,       27.60,        0.00,        0.00,        0.00,        0.00,        1.00,        4.25,        0.00,        0.00,        1.00,        1.00,        0.00
     6004.00,       64.52,       28.83,        0.00,        0.00,        0.00,        0.00,        1.00,        4.25,        0.00,        0.00,        1.00,        1.00,        0.00
     6005.00,       64.52,       31.91,        0.00,        0.00,        0.00,        0.00,        1.00,        4.25,        0.00,        0.00,        1.00,        1.00,        0.00
     6006.00,       64.52,       34.80,        0.00,        0.00,        0.00,        0.00,        1.00,        4.25,        0.00,        0.00,        1.00,        1.00,        0.00
     6007.00,       64.52,       35.51,        0.00,        0.00,        0.00,        0.00,        1.00,        4.25,        0.00,        0.00,        1.00,        1.00,        0.00
     6008.00,       64.52,       34.28,        0.00,        0.00,        0.00,        0.00,        1.00,        4.25,        0.00,        0.00,        1.00,        1.00,        0.00
     6009.00,       64.52,       34.85,        0.00,        0.00,        0.00,        0.00,        1.00,        4.25,        0.00,        0.00,        1.00,        1.00,        0.00
     6010.00,       64.52,       38.15,        0.00,        0.00,        0.00,        0.00,        1.00,        4.25,        0.00,        0.00,        1.00,        1.00,        0.00
     6011.00,       64.52,       39.68,        0.00,        0.00,        0.00,        0.00,        1.00,        4.25,        0.00,        0.00,        1.00,        1.00,        0.00
     6012.00,       64.52,       41.59,        0.00,        0.00,        0.00,        0.00,        1.00,        4.25,        0.00,        0.00,        1.00,        1.00,        0.00
     6013.00,       64.52,       43.56,        0.00,        0.00,        0.00,        0.00,        1.00,        4.25,        0.00,        0.00,        1.00,        1.00,        0.00
     6014.00,       64.52,       54.63,        0.00,        0.00,        0.00,        0.00,        1.00,        4.25,        0.00,        0.00,        1.00,        1.00,        0.00
     6015.00,       64.52,       62.83,        0.00,        0.00,        0.00,        0.00,        1.00,        4.25,        0.00,        0.00,        1.00,        1.00,        0.00
     6016.00,       64.52,       71.65,        0.00,        0.00,        0.00,        0.00,        1.00,        4.25,        0.00,        0.00,        1.00,        1.00,        0.00
     6017.00,       64.52,       62.31,        0.00,        0.00,        0.00,        0.00,        1.00,        4.25,        0.00,        0.00,        1.00,        1.00,        0.00
     6018.00,       64.52,       62.38,        0.00,        0.00,        0.00,        0.00,        1.00,        4.25,        0.00,        0.00,        1.00,        1.00,        0.00
     6019.00,       64.52,       56.13,        0.00,        0.00,        0.00,        0.00,        1.00,        4.25,        0.00,        0.00,        1.00,        1.00,        0.00
     6020.00,       64.52,       37.58,        0.00,        0.00,        0.00,        0.00,        1.00,        4.25,        0.00,        0.00,        1.00,        1.00,        0.00
     6021.00,       64.52,       32.02,        0.00,        0.00,        0.00,        0.00,        1.00,        4.25,        0.00,        0.00,        1.00,        1.00,        0.00
     6022.00,       64.52,       32.35,        0.00,        0.00,        0.00,        0.00,        1.00,        4.25,        0.00,        0.00,        1.00,        1.00,        0.00
     6023.00,       64.52,       28.87,        0.00,        0.00,        0.00,        0.00,        1.00,        4.25,        0.00,        0.00,        1.00,        1.00,        0.00
     6024.00,       64.52,       28.45,        0.00,        0.00,        0.00,        0.00,        1.00,        4.25,        0.00,        0.00,        1.00,        1.00,        0.00
     6025.00,       64.52,       28.77,        0.00,        0.00,        0.00,        0.00,        1.00,        4.25,        0.00,        0.00,        1.00,        1.00,        0.00
     6026.00,       64.52,       28.15,        0.00,        0.00,        0.00,        0.00,        1.00,        4.25,        0.00,        0.00,        1.00,        1.00,        0.00
     6027.00,       64.52,       27.22,        0.00,        0.00,        0.00,        0.00,        1.00,        4.25,        0.00,        0.00,        1.00,        1.00,        0.00
     6028.00,       64.52,       28.80,        0.00,        0.00,        0.00,        0.00,        1.00,        4.25,        0.00,        0.00,        1.00,        1.00,        0.00
     6029.00,       64.52,       30.20,        0.00,        0.00,        0.00,        0.00,        1.00,        4.25,        0.00,        0.00,        1.00,        1.00,        0.00
     6030.00,       64.52,       34.08,        0.00,        0.00,        0.00,        0.00,        1.00,        4.25,        0.00,        0.00,        1.00,        1.00,        0.00
     6031.00,       64.52,       35.17,        0.00,        0.00,        0.00,        0.00,        1.00,        4.25,        0.00,        0.00,        1.00,        1.00,        0.00
     6032.00,       64.52,       39.73,        0.00,        0.00,        0.00,        0.00,        1.00,        4.25,        0.00,        0.00,        1.00,        1.00,        0.00
     6033.00,       64.52,       40.21,        0.00,        0.00,        0.00,        0.00,        1.00,        4.25,        0.00,        0.00,        1.00,        1.00,        0.00
     6034.00,       64.52,       42.85,        0.00,        0.00,        0.00,        0.00,        1.00,        4.25,        0.00,        0.00,        1.00,        1.00,        0.00
     6035.00,       64.52,       44.34,        0.00,        0.00,        0.00,        0.00,        1.00,        4.25,        0.00,        0.00,        1.00,        1.00,        0.00
     6036.00,       64.52,       47.84,        0.00,        0.00,        0.00,        0.00,        1.00,        4.25,        0.00,        0.00,        1.00,        1.00,        0.00
     6037.00,       64.52,       52.17,        0.00,        0.00,        0.00,        0.00,        1.00,        4.25,        0.00,        0.00,        1.00,        1.00,        0.00
     6038.00,       64.52,       58.68,        0.00,        0.00,        0.00,        0.00,        1.00,        4.25,        0.00,        0.00,        1.00,        1.00,        0.00
     6039.00,       64.52,       75.10,        0.00,        0.00,        0.00,        0.00,        1.00,        4.25,        0.00,        0.00,        1.00,        1.00,        0.00
     6040.00,       64.52,       86.01,        0.00,        0.00,        0.00,        0.00,        1.00,        4.25,        0.00,        0.00,        1.00,        1.00,        0.00
     6041.00,       64.52,       76.80,        0.00,        0.00,        0.00,        0.00,        1.00,        4.25,        0.00,        0.00,        1.00,        1.00,        0.00
     6042.00,       64.52,       69.96,        0.00,        0.00,        0.00,        0.00,        1.00,        4.25,        0.00,        0.00,        1.00,        1.00,        0.00
     6043.00,       64.52,       60.76,        0.00,        0.00,        0.00,        0.00,        1.00,        4.25,        0.00,        0.00,        1.00,        1.00,        0.00
     6044.00,       64.52,       45.55,        0.00,        0.00,        0.00,        0.00,        1.00,        4.25,        0.00,        0.00,        1.00,        1.00,        0.00
     6045.00,       64.52,       34.58,        0.00,        0.00,        0.00,        0.00,        1.00,        4.25,        0.00,        0.00,        1.00,        1.00,        0.00
     6046.00,       64.52,       32.13,        0.00,        0.00,        0.00,        0.00,        1.00,        4.25,        0.00,        0.00,        1.00,        1.00,        0.00
     6047.00,       64.52,       29.84,        0.00,        0.00,        0.00,        0.00,        1.00,        4.25,        0.00,        0.00,        1.00,        1.00,        0.00
     6048.00,       64.52,       29.13,        0.00,        0.00,        0.00,        0.00,        1.00,        4.25,        0.00,        0.00,        1.00,        1.00,        0.00
     6049.00,       64.52,       28.88,        0.00,        0.00,        0.00,        0.00,        1.00,        4.25,        0.00,        0.00,        1.00,        1.00,        0.00
     6050.00,       64.52,       28.15,        0.00,        0.00,        0.00,        0.00,        1.00,        4.25,        0.00,        0.00,        1.00,        1.00,        0.00
     6051.00,       64.52,       28.13,        0.00,        0.00,        0.00,        0.00,        1.00,        4.25,        0.00,        0.00,        1.00,        1.00,        0.00
     6052.00,       64.52,       28.66,        0.00,        0.00,        0.00,        0.00,        1.00,        4.25,        0.00,        0.00,        1.00,        1.00,        0.00
     6053.00,       64.52,       29.79,        0.00,        0.00,        0.00,        0.00,        1.00,        4.25,        0.00,        0.00,        1.00,        1.00,        0.00
     6054.00,       64.52,       32.90,        0.00,        0.00,        0.00,        0.00,        1.00,        4.25,        0.00,        0.00,        1.00,        1.00,        0.00
     6055.00,       64.52,       33.70,        0.00,        0.00,        0.00,        0.00,        1.00,        4.25,        0.00,        0.00,        1.00,        1.00,        0.00
     6056.00,       64.52,       34.34,        0.00,        0.00,        0.00,        0.00,        1.00,        4.25,        0.00,        0.00,        1.00,        1.00,        0.00
     6057.00,       64.52,       37.95,        0.00,        0.00,        0.00,        0.00,        1.00,        4.25,        0.00,        0.00,        1.00,        1.00,        0.00
     6058.00,       64.52,       39.36,        0.00,        0.00,        0.00,        0.00,        1.00,        4.25,        0.00,        0.00,        1.00,        1.00,        0.00
     6059.00,       64.52,       40.00,        0.00,        0.00,        0.00,        0.00,        1.00,        4.25,        0.00,        0.00,        1.00,        1.00,        0.00
     6060.00,       64.52,       42.33,        0.00,        0.00,        0.00,        0.00,        1.00,        4.25,        0.00,        0.00,        1.00,        1.00,        0.00
     6061.00,       64.52,       46.45,        0.00,        0.00,        0.00,        0.00,        1.00,        4.25,        0.00,        0.00,        1.00,        1.00,        0.00
     6062.00,       64.52,       68.32,        0.00,        0.00,        0.00,        0.00,        1.00,        4.25,        0.00,        0.00,        1.00,        1.00,        0.00
     6063.00,       64.52,       85.86,        0.00,        0.00,        0.00,        0.00,        1.00,        4.25,        0.00,        0.00,        1.00,        1.00,        0.00
     6064.00,       64.52,       87.92,        0.00,        0.00,        0.00,        0.00,        1.00,        4.25,        0.00,        0.00,        1.00,        1.00,        0.00
     6065.00,       64.52,       80.37,        0.00,        0.00,        0.00,        0.00,        1.00,        4.25,        0.00,        0.00,        1.00,        1.00,        0.00
     6066.00,       64.52,       64.52,        0.00,        0.00,        0.00,        0.00,        1.00,        4.25,        0.00,        0.00,        1.00,        1.00,        0.00
     6067.00,       64.52,       58.93,        0.00,        0.00,        0.00,        0.00,        1.00,        4.25,        0.00,        0.00,        1.00,        1.00,        0.00
     6068.00,       64.52,       45.14,        0.00,        0.00,        0.00,        0.00,        1.00,        4.25,        0.00,        0.00,        1.00,        1.00,        0.00
     6069.00,       64.52,       35.74,        0.00,        0.00,        0.00,        0.00,        1.00,        4.25,        0.00,        0.00,        1.00,        1.00,        0.00
     6070.00,       64.52,       32.72,        0.00,        0.00,        0.00,        0.00,        1.00,        4.25,        0.00,        0.00,        1.00,        1.00,        0.00
     6071.00,       64.52,       31.31,        0.00,        0.00,        0.00,        0.00,        1.00,        4.25,        0.00,        0.00,        1.00,        1.00,        0.00
     6072.00,       64.52,       31.43,        0.00,        0.00,        0.00,        0.00,        1.00,        4.25,        0.00,        0.00,        1.00,        1.00,        0.00
     6073.00,       64.52,       29.98,        0.00,        0.00,        0.00,        0.00,        1.00,        4.25,        0.00,        0.00,        1.00,        1.00,        0.00
     6074.00,       64.52,       28.80,        0.00,        0.00,        0.00,        0.00,        1.00,        4.25,        0.00,        0.00,        1.00,        1.00,        0.00
     6075.00,       64.52,       27.93,        0.00,        0.00,        0.00,        0.00,        1.00,        4.25,        0.00,        0.00,        1.00,        1.00,        0.00
     6076.00,       64.52,       28.51,        0.00,        0.00,        0.00,        0.00,        1.00,        4.25,        0.00,        0.00,        1.00,        1.00,        0.00
     6077.00,       64.52,       29.32,        0.00,        0.00,        0.00,        0.00,        1.00,        4.25,        0.00,        0.00,        1.00,        1.00,        0.00
     6078.00,       64.52,       31.54,        0.00,        0.00,        0.00,        0.00,        1.00,        4.25,        0.00,        0.00,        1.00,        1.00,        0.00
     6079.00,       64.52,       32.86,        0.00,        0.00,        0.00,        0.00,        1.00,        4.25,        0.00,        0.00,        1.00,        1.00,        0.00
     6080.00,       64.52,       34.38,        0.00,        0.00,        0.00,        0.00,        1.00,        4.25,        0.00,        0.00,        1.00,        1.00,        0.00
     6081.00,       64.52,       36.60,        0.00,        0.00,        0.00,        0.00,        1.00,        4.25,        0.00,        0.00,        1.00,        1.00,        0.00
     6082.00,       64.52,       38.81,        0.00,        0.00,        0.00,        0.00,        1.00,        4.25,        0.00,        0.00,        1.00,        1.00,        0.00
     6083.00,       64.52,       38.45,        0.00,        0.00,        0.00,        0.00,        1.00,        4.25,        0.00,        0.00,        1.00,        1.00,        0.00
     6084.00,       64.52,       33.57,        0.00,        0.00,        0.00,        0.00,        1.00,        4.25,        0.00,        0.00,        1.00,        1.00,        0.00
     6085.00,       64.52,       44.58,        0.00,        0.00,        0.00,        0.00,        1.00,        4.25,        0.00,        0.00,        1.00,        1.00,        0.00
     6086.00,       64.52,       43.31,        0.00,        0.00,        0.00,        0.00,        1.00,        4.25,        0.00,        0.00,        1.00,        1.00,        0.00
     6087.00,       64.52,       65.15,        0.00,        0.00,        0.00,        0.00,        1.00,        4.25,        0.00,        0.00,        1.00,        1.00,        0.00
     6088.00,       64.52,       67.12,        0.00,        0.00,        0.00,        0.00,        1.00,        4.25,        0.00,        0.00,        1.00,        1.00,        0.00
     6089.00,       64.52,       60.79,        0.00,        0.00,        0.00,        0.00,        1.00,        4.25,        0.00,        0.00,        1.00,        1.00,        0.00
     6090.00,       64.52,       33.92,        0.00,        0.00,        0.00,        0.00,        1.00,        4.25,        0.00,        0.00,        1.00,        1.00,        0.00
     6091.00,       64.52,       40.43,        0.00,        0.00,        0.00,        0.00,        1.00,        4.25,        0.00,        0.00,        1.00,        1.00,        0.00
     6092.00,       64.52,       38.52,        0.00,        0.00,        0.00,        0.00,        1.00,        4.25,        0.00,        0.00,        1.00,        1.00,        0.00
     6093.00,       64.52,       36.03,        0.00,        0.00,        0.00,        0.00,        1.00,        4.25,        0.00,        0.00,        1.00,        1.00,        0.00
     6094.00,       64.52,       26.11,        0.00,        0.00,        0.00,        0.00,        1.00,        4.25,        0.00,        0.00,        1.00,        1.00,        0.00
     6095.00,       64.52,       27.41,        0.00,        0.00,        0.00,        0.00,        1.00,        4.25,        0.00,        0.00,        1.00,        1.00,        0.00
     6096.00,       64.52,       27.96,        0.00,        0.00,        0.00,        0.00,        1.00,        4.25,        0.00,        0.00,        1.00,        1.00,        0.00
     6097.00,       64.52,       28.44,        0.00,        0.00,        0.00,        0.00,        1.00,        4.25,        0.00,        0.00,        1.00,        1.00,        0.00
     6098.00,       64.52,       28.43,        0.00,        0.00,        0.00,        0.00,        1.00,        4.25,        0.00,        0.00,        1.00,        1.00,        0.00
     6099.00,       64.52,       27.64,        0.00,        0.00,        0.00,        0.00,        1.00,        4.25,        0.00,        0.00,        1.00,        1.00,        0.00
     6100.00,       64.52,       27.40,        0.00,        0.00,        0.00,        0.00,        1.00,        4.25,        0.00,        0.00,        1.00,        1.00,        0.00
     6101.00,       64.52,       27.97,        0.00,        0.00,        0.00,        0.00,        1.00,        4.25,        0.00,        0.00,        1.00,        1.00,        0.00
     6102.00,       64.52,       27.26,        0.00,        0.00,        0.00,        0.00,        1.00,        4.25,        0.00,        0.00,        1.00,        1.00,        0.00
     6103.00,       64.52,       27.40,        0.00,        0.00,        0.00,        0.00,        1.00,        4.25,        0.00,        0.00,        1.00,        1.00,        0.00
     6104.00,       64.52,       31.63,        0.00,        0.00,        0.00,        0.00,        1.00,        4.25,        0.00,        0.00,        1.00,        1.00,        0.00
     6105.00,       64.52,       32.78,        0.00,        0.00,        0.00,        0.00,        1.00,        4.25,        0.00,        0.00,        1.00,        1.00,        0.00
     6106.00,       64.52,       49.22,        0.00,        0.00,        0.00,        0.00,        1.00,        4.25,        0.00,        0.00,        1.00,        1.00,        0.00
     6107.00,       64.52,       56.08,        0.00,        0.00,        0.00,        0.00,        1.00,        4.25,        0.00,        0.00,        1.00,        1.00,        0.00
     6108.00,       64.52,       59.03,        0.00,        0.00,        0.00,        0.00,        1.00,        4.25,        0.00,        0.00,        1.00,        1.00,        0.00
     6109.00,       64.52,       58.95,        0.00,        0.00,        0.00,        0.00,        1.00,        4.25,        0.00,        0.00,        1.00,        1.00,        0.00
     6110.00,       64.52,       42.68,        0.00,        0.00,        0.00,        0.00,        1.00,        4.25,        0.00,        0.00,        1.00,        1.00,        0.00
     6111.00,       64.52,       44.05,        0.00,        0.00,        0.00,        0.00,        1.00,        4.25,        0.00,        0.00,        1.00,        1.00,        0.00
     6112.00,       64.52,       63.33,        0.00,        0.00,        0.00,        0.00,        1.00,        4.25,        0.00,        0.00,        1.00,        1.00,        0.00
     6113.00,       64.52,       55.52,        0.00,        0.00,        0.00,        0.00,        1.00,        4.25,        0.00,        0.00,        1.00,        1.00,        0.00
     6114.00,       64.52,       53.93,        0.00,        0.00,        0.00,        0.00,        1.00,        4.25,        0.00,        0.00,        1.00,        1.00,        0.00
     6115.00,       64.52,       37.77,        0.00,        0.00,        0.00,        0.00,        1.00,        4.25,        0.00,        0.00,        1.00,        1.00,        0.00
     6116.00,       64.52,       36.41,        0.00,        0.00,        0.00,        0.00,        1.00,        4.25,        0.00,        0.00,        1.00,        1.00,        0.00
     6117.00,       64.52,       29.08,        0.00,        0.00,        0.00,        0.00,        1.00,        4.25,        0.00,        0.00,        1.00,        1.00,        0.00
     6118.00,       64.52,       29.77,        0.00,        0.00,        0.00,        0.00,        1.00,        4.25,        0.00,        0.00,        1.00,        1.00,        0.00
     6119.00,       64.52,       28.33,        0.00,        0.00,        0.00,        0.00,        1.00,        4.25,        0.00,        0.00,        1.00,        1.00,        0.00
     6120.00,       64.52,       32.97,        0.00,        0.00,        0.00,        0.00,        1.00,        4.25,        0.00,        0.00,        1.00,        1.00,        0.00
     6121.00,       64.52,       34.35,        0.00,        0.00,        0.00,        0.00,        1.00,        4.25,        0.00,        0.00,        1.00,        1.00,        0.00
     6122.00,       64.52,       30.03,        0.00,        0.00,        0.00,        0.00,        1.00,        4.25,        0.00,        0.00,        1.00,        1.00,        0.00
     6123.00,       64.52,       27.87,        0.00,        0.00,        0.00,        0.00,        1.00,        4.25,        0.00,        0.00,        1.00,        1.00,        0.00
     6124.00,       64.52,       28.34,        0.00,        0.00,        0.00,        0.00,        1.00,        4.25,        0.00,        0.00,        1.00,        1.00,        0.00
     6125.00,       64.52,       38.32,        0.00,        0.00,        0.00,        0.00,        1.00,        4.25,        0.00,        0.00,        1.00,        1.00,        0.00
     6126.00,       64.52,       38.57,        0.00,        0.00,        0.00,        0.00,        1.00,        4.25,        0.00,        0.00,        1.00,        1.00,        0.00
     6127.00,       64.52,       33.90,        0.00,        0.00,        0.00,        0.00,        1.00,        4.25,        0.00,        0.00,        1.00,        1.00,        0.00
     6128.00,       64.52,       34.67,        0.00,        0.00,        0.00,        0.00,        1.00,        4.25,        0.00,        0.00,        1.00,        1.00,        0.00
     6129.00,       64.52,       38.69,        0.00,        0.00,        0.00,        0.00,        1.00,        4.25,        0.00,        0.00,        1.00,        1.00,        0.00
     6130.00,       64.52,       39.98,        0.00,        0.00,        0.00,        0.00,        1.00,        4.25,        0.00,        0.00,        1.00,        1.00,        0.00
     6131.00,       64.52,       44.04,        0.00,        0.00,        0.00,        0.00,        1.00,        4.25,        0.00,        0.00,        1.00,        1.00,        0.00
     6132.00,       64.52,       44.76,        0.00,        0.00,        0.00,        0.00,        1.00,        4.25,        0.00,        0.00,        1.00,        1.00,        0.00
     6133.00,       64.52,       46.49,        0.00,        0.00,        0.00,        0.00,        1.00,        4.25,        0.00,        0.00,        1.00,        1.00,        0.00
     6134.00,       64.52,       48.16,        0.00,        0.00,        0.00,        0.00,        1.00,        4.25,        0.00,        0.00,        1.00,        1.00,        0.00
     6135.00,       64.52,       50.38,        0.00,        0.00,        0.00,        0.00,        1.00,        4.25,        0.00,        0.00,        1.00,        1.00,        0.00
     6136.00,       64.52,       50.98,        0.00,        0.00,        0.00,        0.00,        1.00,        4.25,        0.00,        0.00,        1.00,        1.00,        0.00
     6137.00,       64.52,       50.64,        0.00,        0.00,        0.00,        0.00,        1.00,        4.25,        0.00,        0.00,        1.00,        1.00,        0.00
     6138.00,       64.52,       54.36,        0.00,        0.00,        0.00,        0.00,        1.00,        4.25,        0.00,        0.00,        1.00,        1.00,        0.00
     6139.00,       64.52,       48.06,        0.00,        0.00,        0.00,        0.00,        1.00,        4.25,        0.00,        0.00,        1.00,        1.00,        0.00
     6140.00,       64.52,       39.64,        0.00,        0.00,        0.00,        0.00,        1.00,        4.25,        0.00,        0.00,        1.00,        1.00,        0.00
     6141.00,       64.52,       33.05,        0.00,        0.00,        0.00,        0.00,        1.00,        4.25,        0.00,        0.00,        1.00,        1.00,        0.00
     6142.00,       64.52,       33.46,        0.00,        0.00,        0.00,        0.00,        1.00,        4.25,        0.00,        0.00,        1.00,        1.00,        0.00
     6143.00,       64.52,       31.41,        0.00,        0.00,        0.00,        0.00,        1.00,        4.25,        0.00,        0.00,        1.00,        1.00,        0.00
     6144.00,       64.52,       30.39,        0.00,        0.00,        0.00,        0.00,        1.00,        4.25,        0.00,        0.00,        1.00,        1.00,        0.00
     6145.00,       64.52,       29.43,        0.00,        0.00,        0.00,        0.00,        1.00,        4.25,        0.00,        0.00,        1.00,        1.00,        0.00
     6146.00,       64.52,       26.58,        0.00,        0.00,        0.00,        0.00,        1.00,        4.25,        0.00,        0.00,        1.00,        1.00,        0.00
     6147.00,       64.52,       26.32,        0.00,        0.00,        0.00,        0.00,        1.00,        4.25,        0.00,        0.00,        1.00,        1.00,        0.00
     6148.00,       64.52,       27.42,        0.00,        0.00,        0.00,        0.00,        1.00,        4.25,        0.00,        0.00,        1.00,        1.00,        0.00
     6149.00,       64.52,       32.38,        0.00,        0.00,        0.00,        0.00,        1.00,        4.25,        0.00,        0.00,        1.00,        1.00,        0.00
     6150.00,       64.52,       31.90,        0.00,        0.00,        0.00,        0.00,        1.00,        4.25,        0.00,        0.00,        1.00,        1.00,        0.00
     6151.00,       64.52,       32.68,        0.00,        0.00,        0.00,        0.00,        1.00,        4.25,        0.00,        0.00,        1.00,        1.00,        0.00
     6152.00,       64.52,       35.38,        0.00,        0.00,        0.00,        0.00,        1.00,        4.25,        0.00,        0.00,        1.00,        1.00,        0.00
     6153.00,       64.52,       35.93,        0.00,        0.00,        0.00,        0.00,        1.00,        4.25,        0.00,        0.00,        1.00,        1.00,        0.00
     6154.00,       64.52,       36.71,        0.00,        0.00,        0.00,        0.00,        1.00,        4.25,        0.00,        0.00,        1.00,        1.00,        0.00
     6155.00,       64.52,       35.64,        0.00,        0.00,        0.00,        0.00,        1.00,        4.25,        0.00,        0.00,        1.00,        1.00,        0.00
     6156.00,       64.52,       36.31,        0.00,        0.00,        0.00,        0.00,        1.00,        4.25,        0.00,        0.00,        1.00,        1.00,        0.00
     6157.00,       64.52,       36.20,        0.00,        0.00,        0.00,        0.00,        1.00,        4.25,        0.00,        0.00,        1.00,        1.00,        0.00
     6158.00,       64.52,       36.11,        0.00,        0.00,        0.00,        0.00,        1.00,        4.25,        0.00,        0.00,        1.00,        1.00,        0.00
     6159.00,       64.52,       37.74,        0.00,        0.00,        0.00,        0.00,        1.00,        4.25,        0.00,        0.00,        1.00,        1.00,        0.00
     6160.00,       64.52,       39.84,        0.00,        0.00,        0.00,        0.00,        1.00,        4.25,        0.00,        0.00,        1.00,        1.00,        0.00
     6161.00,       64.52,       37.85,        0.00,        0.00,        0.00,        0.00,        1.00,        4.25,        0.00,        0.00,        1.00,        1.00,        0.00
     6162.00,       64.52,       37.24,        0.00,        0.00,        0.00,        0.00,        1.00,        4.25,        0.00,        0.00,        1.00,        1.00,        0.00
     6163.00,       64.52,       37.58,        0.00,        0.00,        0.00,        0.00,        1.00,        4.25,        0.00,        0.00,        1.00,        1.00,        0.00
     6164.00,       64.52,       33.39,        0.00,        0.00,        0.00,        0.00,        1.00,        4.25,        0.00,        0.00,        1.00,        1.00,        0.00
     6165.00,       64.52,       28.11,        0.00,        0.00,        0.00,        0.00,        1.00,        4.25,        0.00,        0.00,        1.00,        1.00,        0.00
     6166.00,       64.52,       29.16,        0.00,        0.00,        0.00,        0.00,        1.00,        4.25,        0.00,        0.00,        1.00,        1.00,        0.00
     6167.00,       64.52,       29.83,        0.00,        0.00,        0.00,        0.00,        1.00,        4.25,        0.00,        0.00,        1.00,        1.00,        0.00
     6168.00,       64.52,       29.18,        0.00,        0.00,        0.00,        0.00,        1.00,        4.25,        0.00,        0.00,        1.00,        1.00,        0.00
     6169.00,       64.52,       29.44,        0.00,        0.00,        0.00,        0.00,        1.00,        4.25,        0.00,        0.00,        1.00,        1.00,        0.00
     6170.00,       64.52,       27.76,        0.00,        0.00,        0.00,        0.00,        1.00,        4.25,        0.00,        0.00,        1.00,        1.00,        0.00
     6171.00,       64.52,       26.07,        0.00,        0.00,        0.00,        0.00,        1.00,        4.25,        0.00,        0.00,        1.00,        1.00,        0.00
     6172.00,       64.52,       28.36,        0.00,        0.00,        0.00,        0.00,        1.00,        4.25,        0.00,        0.00,        1.00,        1.00,        0.00
     6173.00,       64.52,       28.33,        0.00,        0.00,        0.00,        0.00,        1.00,        4.25,        0.00,        0.00,        1.00,        1.00,        0.00
     6174.00,       64.52,       35.75,        0.00,        0.00,        0.00,        0.00,        1.00,        4.25,        0.00,        0.00,        1.00,        1.00,        0.00
     6175.00,       64.52,       47.44,        0.00,        0.00,        0.00,        0.00,        1.00,        4.25,        0.00,        0.00,        1.00,        1.00,        0.00
     6176.00,       64.52,       49.97,        0.00,        0.00,        0.00,        0.00,        1.00,        4.25,        0.00,        0.00,        1.00,        1.00,        0.00
     6177.00,       64.52,       41.58,        0.00,        0.00,        0.00,        0.00,        1.00,        4.25,        0.00,        0.00,        1.00,        1.00,        0.00
     6178.00,       64.52,       46.77,        0.00,        0.00,        0.00,        0.00,        1.00,        4.25,        0.00,        0.00,        1.00,        1.00,        0.00
     6179.00,       64.52,       42.96,        0.00,        0.00,        0.00,        0.00,        1.00,        4.25,        0.00,        0.00,        1.00,        1.00,        0.00
     6180.00,       64.52,       37.62,        0.00,        0.00,        0.00,        0.00,        1.00,        4.25,        0.00,        0.00,        1.00,        1.00,        0.00
     6181.00,       64.52,       38.42,        0.00,        0.00,        0.00,        0.00,        1.00,        4.25,        0.00,        0.00,        1.00,        1.00,        0.00
     6182.00,       64.52,       40.11,        0.00,        0.00,        0.00,        0.00,        1.00,        4.25,        0.00,        0.00,        1.00,        1.00,        0.00
     6183.00,       64.52,       36.86,        0.00,        0.00,        0.00,        0.00,        1.00,        4.25,        0.00,        0.00,        1.00,        1.00,        0.00
     6184.00,       64.52,       37.38,        0.00,        0.00,        0.00,        0.00,        1.00,        4.25,        0.00,        0.00,        1.00,        1.00,        0.00
     6185.00,       64.52,       36.72,        0.00,        0.00,        0.00,        0.00,        1.00,        4.25,        0.00,        0.00,        1.00,        1.00,        0.00
     6186.00,       64.52,       34.58,        0.00,        0.00,        0.00,        0.00,        1.00,        4.25,        0.00,        0.00,        1.00,        1.00,        0.00
     6187.00,       64.52,       40.45,        0.00,        0.00,        0.00,        0.00,        1.00,        4.25,        0.00,        0.00,        1.00,        1.00,        0.00
     6188.00,       64.52,       34.79,        0.00,        0.00,        0.00,        0.00,        1.00,        4.25,        0.00,        0.00,        1.00,        1.00,        0.00
     6189.00,       64.52,       30.74,        0.00,        0.00,        0.00,        0.00,        1.00,        4.25,        0.00,        0.00,        1.00,        1.00,        0.00
     6190.00,       64.52,       30.83,        0.00,        0.00,        0.00,        0.00,        1.00,        4.25,        0.00,        0.00,        1.00,        1.00,        0.00
     6191.00,       64.52,       29.93,        0.00,        0.00,        0.00,        0.00,        1.00,        4.25,        0.00,        0.00,        1.00,        1.00,        0.00
     6192.00,       64.52,       27.84,        0.00,        0.00,        0.00,        0.00,        1.00,        4.25,        0.00,        0.00,        1.00,        1.00,        0.00
     6193.00,       64.52,       29.33,        0.00,        0.00,        0.00,        0.00,        1.00,        4.25,        0.00,        0.00,        1.00,        1.00,        0.00
     6194.00,       64.52,       27.20,        0.00,        0.00,        0.00,        0.00,        1.00,        4.25,        0.00,        0.00,        1.00,        1.00,        0.00
     6195.00,       64.52,       27.07,        0.00,        0.00,        0.00,        0.00,        1.00,        4.25,        0.00,        0.00,        1.00,        1.00,        0.00
     6196.00,       64.52,       28.92,        0.00,        0.00,        0.00,        0.00,        1.00,        4.25,        0.00,        0.00,        1.00,        1.00,        0.00
     6197.00,       64.52,       30.24,        0.00,        0.00,        0.00,        0.00,        1.00,        4.25,        0.00,        0.00,        1.00,        1.00,        0.00
     6198.00,       64.52,       34.19,        0.00,        0.00,        0.00,        0.00,        1.00,        4.25,        0.00,        0.00,        1.00,        1.00,        0.00
     6199.00,       64.52,       43.00,        0.00,        0.00,        0.00,        0.00,        1.00,        4.25,        0.00,        0.00,        1.00,        1.00,        0.00
     6200.00,       64.52,       41.75,        0.00,        0.00,        0.00,        0.00,        1.00,        4.25,        0.00,        0.00,        1.00,        1.00,        0.00
     6201.00,       64.52,       37.98,        0.00,        0.00,        0.00,        0.00,        1.00,        4.25,        0.00,        0.00,        1.00,        1.00,        0.00
     6202.00,       64.52,       35.58,        0.00,        0.00,        0.00,        0.00,        1.00,        4.25,        0.00,        0.00,        1.00,        1.00,        0.00
     6203.00,       64.52,       34.52,        0.00,        0.00,        0.00,        0.00,        1.00,        4.25,        0.00,        0.00,        1.00,        1.00,        0.00
     6204.00,       64.52,       32.64,        0.00,        0.00,        0.00,        0.00,        1.00,        4.25,        0.00,        0.00,        1.00,        1.00,        0.00
     6205.00,       64.52,       32.93,        0.00,        0.00,        0.00,        0.00,        1.00,        4.25,        0.00,        0.00,        1.00,        1.00,        0.00
     6206.00,       64.52,       32.67,        0.00,        0.00,        0.00,        0.00,        1.00,        4.25,        0.00,        0.00,        1.00,        1.00,        0.00
     6207.00,       64.52,       32.00,        0.00,        0.00,        0.00,        0.00,        1.00,        4.25,        0.00,        0.00,        1.00,        1.00,        0.00
     6208.00,       64.52,       32.25,        0.00,        0.00,        0.00,        0.00,        1.00,        4.25,        0.00,        0.00,        1.00,        1.00,        0.00
     6209.00,       64.52,       34.72,        0.00,        0.00,        0.00,        0.00,        1.00,        4.25,        0.00,        0.00,        1.00,        1.00,        0.00
     6210.00,       64.52,       36.13,        0.00,        0.00,        0.00,        0.00,        1.00,        4.25,        0.00,        0.00,        1.00,        1.00,        0.00
     6211.00,       64.52,       38.96,        0.00,        0.00,        0.00,        0.00,        1.00,        4.25,        0.00,        0.00,        1.00,        1.00,        0.00
     6212.00,       64.52,       36.17,        0.00,        0.00,        0.00,        0.00,        1.00,        4.25,        0.00,        0.00,        1.00,        1.00,        0.00
     6213.00,       64.52,       33.52,        0.00,        0.00,        0.00,        0.00,        1.00,        4.25,        0.00,        0.00,        1.00,        1.00,        0.00
     6214.00,       64.52,       31.18,        0.00,        0.00,        0.00,        0.00,        1.00,        4.25,        0.00,        0.00,        1.00,        1.00,        0.00
     6215.00,       64.52,       30.75,        0.00,        0.00,        0.00,        0.00,        1.00,        4.25,        0.00,        0.00,        1.00,        1.00,        0.00
     6216.00,       64.52,       28.57,        0.00,        0.00,        0.00,        0.00,        1.00,        4.25,        0.00,        0.00,        1.00,        1.00,        0.00
     6217.00,       64.52,       28.48,        0.00,        0.00,        0.00,        0.00,        1.00,        4.25,        0.00,        0.00,        1.00,        1.00,        0.00
     6218.00,       64.52,       25.94,        0.00,        0.00,        0.00,        0.00,        1.00,        4.25,        0.00,        0.00,        1.00,        1.00,        0.00
     6219.00,       64.52,       25.30,        0.00,        0.00,        0.00,        0.00,        1.00,        4.25,        0.00,        0.00,        1.00,        1.00,        0.00
     6220.00,       64.52,       27.98,        0.00,        0.00,        0.00,        0.00,        1.00,        4.25,        0.00,        0.00,        1.00,        1.00,        0.00
     6221.00,       64.52,       30.93,        0.00,        0.00,        0.00,        0.00,        1.00,        4.25,        0.00,        0.00,        1.00,        1.00,        0.00
     6222.00,       64.52,       33.34,        0.00,        0.00,        0.00,        0.00,        1.00,        4.25,        0.00,        0.00,        1.00,        1.00,        0.00
     6223.00,       64.52,       34.07,        0.00,        0.00,        0.00,        0.00,        1.00,        4.25,        0.00,        0.00,        1.00,        1.00,        0.00
     6224.00,       64.52,       31.37,        0.00,        0.00,        0.00,        0.00,        1.00,        4.25,        0.00,        0.00,        1.00,        1.00,        0.00
     6225.00,       64.52,       30.14,        0.00,        0.00,        0.00,        0.00,        1.00,        4.25,        0.00,        0.00,        1.00,        1.00,        0.00
     6226.00,       64.52,       30.14,        0.00,        0.00,        0.00,        0.00,        1.00,        4.25,        0.00,        0.00,        1.00,        1.00,        0.00
     6227.00,       64.52,       29.74,        0.00,        0.00,        0.00,        0.00,        1.00,        4.25,        0.00,        0.00,        1.00,        1.00,        0.00
     6228.00,       64.52,       30.41,        0.00,        0.00,        0.00,        0.00,        1.00,        4.25,        0.00,        0.00,        1.00,        1.00,        0.00
     6229.00,       64.52,       30.85,        0.00,        0.00,        0.00,        0.00,        1.00,        4.25,        0.00,        0.00,        1.00,        1.00,        0.00
     6230.00,       64.52,       31.40,        0.00,        0.00,        0.00,        0.00,        1.00,        4.25,        0.00,        0.00,        1.00,        1.00,        0.00
     6231.00,       64.52,       31.63,        0.00,        0.00,        0.00,        0.00,        1.00,        4.25,        0.00,        0.00,        1.00,        1.00,        0.00
     6232.00,       64.52,       32.47,        0.00,        0.00,        0.00,        0.00,        1.00,        4.25,        0.00,        0.00,        1.00,        1.00,        0.00
     6233.00,       64.52,       33.02,        0.00,        0.00,        0.00,        0.00,        1.00,        4.25,        0.00,        0.00,        1.00,        1.00,        0.00
     6234.00,       64.52,       36.45,        0.00,        0.00,        0.00,        0.00,        1.00,        4.25,        0.00,        0.00,        1.00,        1.00,        0.00
     6235.00,       64.52,       40.62,        0.00,        0.00,        0.00,        0.00,        1.00,        4.25,        0.00,        0.00,        1.00,        1.00,        0.00
     6236.00,       64.52,       34.22,        0.00,        0.00,        0.00,        0.00,        1.00,        4.25,        0.00,        0.00,        1.00,        1.00,        0.00
     6237.00,       64.52,       31.95,        0.00,        0.00,        0.00,        0.00,        1.00,        4.25,        0.00,        0.00,        1.00,        1.00,        0.00
     6238.00,       64.52,       29.55,        0.00,        0.00,        0.00,        0.00,        1.00,        4.25,        0.00,        0.00,        1.00,        1.00,        0.00
     6239.00,       64.52,       29.04,        0.00,        0.00,        0.00,        0.00,        1.00,        4.25,        0.00,        0.00,        1.00,        1.00,        0.00
     6240.00,       64.52,       27.95,        0.00,        0.00,        0.00,        0.00,        1.00,        4.25,        0.00,        0.00,        1.00,        1.00,        0.00
     6241.00,       64.52,       28.00,        0.00,        0.00,        0.00,        0.00,        1.00,        4.25,        0.00,        0.00,        1.00,        1.00,        0.00
     6242.00,       64.52,       27.40,        0.00,        0.00,        0.00,        0.00,        1.00,        4.25,        0.00,        0.00,        1.00,        1.00,        0.00
     6243.00,       64.52,       27.00,        0.00,        0.00,        0.00,        0.00,        1.00,        4.25,        0.00,        0.00,        1.00,        1.00,        0.00
     6244.00,       64.52,       28.25,        0.00,        0.00,        0.00,        0.00,        1.00,        4.25,        0.00,        0.00,        1.00,        1.00,        0.00
     6245.00,       64.52,       31.54,        0.00,        0.00,        0.00,        0.00,        1.00,        4.25,        0.00,        0.00,        1.00,        1.00,        0.00
     6246.00,       64.52,       36.71,        0.00,        0.00,        0.00,        0.00,        1.00,        4.25,        0.00,        0.00,        1.00,        1.00,        0.00
     6247.00,       64.52,       38.66,        0.00,        0.00,        0.00,        0.00,        1.00,        4.25,        0.00,        0.00,        1.00,        1.00,        0.00
     6248.00,       64.52,       46.58,        0.00,        0.00,        0.00,        0.00,        1.00,        4.25,        0.00,        0.00,        1.00,        1.00,        0.00
     6249.00,       64.52,       40.15,        0.00,        0.00,        0.00,        0.00,        1.00,        4.25,        0.00,        0.00,        1.00,        1.00,        0.00
     6250.00,       64.52,       38.50,        0.00,        0.00,        0.00,        0.00,        1.00,        4.25,        0.00,        0.00,        1.00,        1.00,        0.00
     6251.00,       64.52,       38.92,        0.00,        0.00,        0.00,        0.00,        1.00,        4.25,        0.00,        0.00,        1.00,        1.00,        0.00
     6252.00,       64.52,       37.59,        0.00,        0.00,        0.00,        0.00,        1.00,        4.25,        0.00,        0.00,        1.00,        1.00,        0.00
     6253.00,       64.52,       38.50,        0.00,        0.00,        0.00,        0.00,        1.00,        4.25,        0.00,        0.00,        1.00,        1.00,        0.00
     6254.00,       64.52,       42.49,        0.00,        0.00,        0.00,        0.00,        1.00,        4.25,        0.00,        0.00,        1.00,        1.00,        0.00
     6255.00,       64.52,       43.83,        0.00,        0.00,        0.00,        0.00,        1.00,        4.25,        0.00,        0.00,        1.00,        1.00,        0.00
     6256.00,       64.52,       48.67,        0.00,        0.00,        0.00,        0.00,        1.00,        4.25,        0.00,        0.00,        1.00,        1.00,        0.00
     6257.00,       64.52,       40.71,        0.00,        0.00,        0.00,        0.00,        1.00,        4.25,        0.00,        0.00,        1.00,        1.00,        0.00
     6258.00,       64.52,       37.42,        0.00,        0.00,        0.00,        0.00,        1.00,        4.25,        0.00,        0.00,        1.00,        1.00,        0.00
     6259.00,       64.52,       41.89,        0.00,        0.00,        0.00,        0.00,        1.00,        4.25,        0.00,        0.00,        1.00,        1.00,        0.00
     6260.00,       64.52,       35.15,        0.00,        0.00,        0.00,        0.00,        1.00,        4.25,        0.00,        0.00,        1.00,        1.00,        0.00
     6261.00,       64.52,       32.10,        0.00,        0.00,        0.00,        0.00,        1.00,        4.25,        0.00,        0.00,        1.00,        1.00,        0.00
     6262.00,       64.52,       30.76,        0.00,        0.00,        0.00,        0.00,        1.00,        4.25,        0.00,        0.00,        1.00,        1.00,        0.00
     6263.00,       64.52,       30.90,        0.00,        0.00,        0.00,        0.00,        1.00,        4.25,        0.00,        0.00,        1.00,        1.00,        0.00
     6264.00,       64.52,       27.42,        0.00,        0.00,        0.00,        0.00,        1.00,        4.25,        0.00,        0.00,        1.00,        1.00,        0.00
     6265.00,       64.52,       27.98,        0.00,        0.00,        0.00,        0.00,        1.00,        4.25,        0.00,        0.00,        1.00,        1.00,        0.00
     6266.00,       64.52,       27.30,        0.00,        0.00,        0.00,        0.00,        1.00,        4.25,        0.00,        0.00,        1.00,        1.00,        0.00
     6267.00,       64.52,       27.22,        0.00,        0.00,        0.00,        0.00,        1.00,        4.25,        0.00,        0.00,        1.00,        1.00,        0.00
     6268.00,       64.52,       27.68,        0.00,        0.00,        0.00,        0.00,        1.00,        4.25,        0.00,        0.00,        1.00,        1.00,        0.00
     6269.00,       64.52,       29.61,        0.00,        0.00,        0.00,        0.00,        1.00,        4.25,        0.00,        0.00,        1.00,        1.00,        0.00
     6270.00,       64.52,       29.43,        0.00,        0.00,        0.00,        0.00,        1.00,        4.25,        0.00,        0.00,        1.00,        1.00,        0.00
     6271.00,       64.52,       29.56,        0.00,        0.00,        0.00,        0.00,        1.00,        4.25,        0.00,        0.00,        1.00,        1.00,        0.00
     6272.00,       64.52,       32.42,        0.00,        0.00,        0.00,        0.00,        1.00,        4.25,        0.00,        0.00,        1.00,        1.00,        0.00
     6273.00,       64.52,       32.42,        0.00,        0.00,        0.00,        0.00,        1.00,        4.25,        0.00,        0.00,        1.00,        1.00,        0.00
     6274.00,       64.52,       31.45,        0.00,        0.00,        0.00,        0.00,        1.00,        4.25,        0.00,        0.00,        1.00,        1.00,        0.00
     6275.00,       64.52,       35.29,        0.00,        0.00,        0.00,        0.00,        1.00,        4.25,        0.00,        0.00,        1.00,        1.00,        0.00
     6276.00,       64.52,       37.12,        0.00,        0.00,        0.00,        0.00,        1.00,        4.25,        0.00,        0.00,        1.00,        1.00,        0.00
     6277.00,       64.52,       34.42,        0.00,        0.00,        0.00,        0.00,        1.00,        4.25,        0.00,        0.00,        1.00,        1.00,        0.00
     6278.00,       64.52,       39.28,        0.00,        0.00,        0.00,        0.00,        1.00,        4.25,        0.00,        0.00,        1.00,        1.00,        0.00
     6279.00,       64.52,       37.05,        0.00,        0.00,        0.00,        0.00,        1.00,        4.25,        0.00,        0.00,        1.00,        1.00,        0.00
     6280.00,       64.52,       40.37,        0.00,        0.00,        0.00,        0.00,        1.00,        4.25,        0.00,        0.00,        1.00,        1.00,        0.00
     6281.00,       64.52,       40.21,        0.00,        0.00,        0.00,        0.00,        1.00,        4.25,        0.00,        0.00,        1.00,        1.00,        0.00
     6282.00,       64.52,       42.90,        0.00,        0.00,        0.00,        0.00,        1.00,        4.25,        0.00,        0.00,        1.00,        1.00,        0.00
     6283.00,       64.52,       48.36,        0.00,        0.00,        0.00,        0.00,        1.00,        4.25,        0.00,        0.00,        1.00,        1.00,        0.00
     6284.00,       64.52,       38.60,        0.00,        0.00,        0.00,        0.00,        1.00,        4.25,        0.00,        0.00,        1.00,        1.00,        0.00
     6285.00,       64.52,       33.70,        0.00,        0.00,        0.00,        0.00,        1.00,        4.25,        0.00,        0.00,        1.00,        1.00,        0.00
     6286.00,       64.52,       31.39,        0.00,        0.00,        0.00,        0.00,        1.00,        4.25,        0.00,        0.00,        1.00,        1.00,        0.00
     6287.00,       64.52,       29.99,        0.00,        0.00,        0.00,        0.00,        1.00,        4.25,        0.00,        0.00,        1.00,        1.00,        0.00
     6288.00,       64.52,       29.18,        0.00,        0.00,        0.00,        0.00,        1.00,        4.25,        0.00,        0.00,        1.00,        1.00,        0.00
     6289.00,       64.52,       29.31,        0.00,        0.00,        0.00,        0.00,        1.00,        4.25,        0.00,        0.00,        1.00,        1.00,        0.00
     6290.00,       64.52,       28.87,        0.00,        0.00,        0.00,        0.00,        1.00,        4.25,        0.00,        0.00,        1.00,        1.00,        0.00
     6291.00,       64.52,       27.39,        0.00,        0.00,        0.00,        0.00,        1.00,        4.25,        0.00,        0.00,        1.00,        1.00,        0.00
     6292.00,       64.52,       27.52,        0.00,        0.00,        0.00,        0.00,        1.00,        4.25,        0.00,        0.00,        1.00,        1.00,        0.00
     6293.00,       64.52,       27.48,        0.00,        0.00,        0.00,        0.00,        1.00,        4.25,        0.00,        0.00,        1.00,        1.00,        0.00
     6294.00,       64.52,       27.10,        0.00,        0.00,        0.00,        0.00,        1.00,        4.25,        0.00,        0.00,        1.00,        1.00,        0.00
     6295.00,       64.52,       27.15,        0.00,        0.00,        0.00,        0.00,        1.00,        4.25,        0.00,        0.00,        1.00,        1.00,        0.00
     6296.00,       64.52,       25.72,        0.00,        0.00,        0.00,        0.00,        1.00,        4.25,        0.00,        0.00,        1.00,        1.00,        0.00
     6297.00,       64.52,       27.63,        0.00,        0.00,        0.00,        0.00,        1.00,        4.25,        0.00,        0.00,        1.00,        1.00,        0.00
     6298.00,       64.52,       28.77,        0.00,        0.00,        0.00,        0.00,        1.00,        4.25,        0.00,        0.00,        1.00,        1.00,        0.00
     6299.00,       64.52,       31.94,        0.00,        0.00,        0.00,        0.00,        1.00,        4.25,        0.00,        0.00,        1.00,        1.00,        0.00
     6300.00,       64.52,       32.41,        0.00,        0.00,        0.00,        0.00,        1.00,        4.25,        0.00,        0.00,        1.00,        1.00,        0.00
     6301.00,       64.52,       36.19,        0.00,        0.00,        0.00,        0.00,        1.00,        4.25,        0.00,        0.00,        1.00,        1.00,        0.00
     6302.00,       64.52,       40.51,        0.00,        0.00,        0.00,        0.00,        1.00,        4.25,        0.00,        0.00,        1.00,        1.00,        0.00
     6303.00,       64.52,       41.57,        0.00,        0.00,        0.00,        0.00,        1.00,        4.25,        0.00,        0.00,        1.00,        1.00,        0.00
     6304.00,       64.52,       45.99,        0.00,        0.00,        0.00,        0.00,        1.00,        4.25,        0.00,        0.00,        1.00,        1.00,        0.00
     6305.00,       64.52,       48.47,        0.00,        0.00,        0.00,        0.00,        1.00,        4.25,        0.00,        0.00,        1.00,        1.00,        0.00
     6306.00,       64.52,       57.54,        0.00,        0.00,        0.00,        0.00,        1.00,        4.25,        0.00,        0.00,        1.00,        1.00,        0.00
     6307.00,       64.52,       58.98,        0.00,        0.00,        0.00,        0.00,        1.00,        4.25,        0.00,        0.00,        1.00,        1.00,        0.00
     6308.00,       64.52,       43.55,        0.00,        0.00,        0.00,        0.00,        1.00,        4.25,        0.00,        0.00,        1.00,        1.00,        0.00
     6309.00,       64.52,       35.44,        0.00,        0.00,        0.00,        0.00,        1.00,        4.25,        0.00,        0.00,        1.00,        1.00,        0.00
     6310.00,       64.52,       31.72,        0.00,        0.00,        0.00,        0.00,        1.00,        4.25,        0.00,        0.00,        1.00,        1.00,        0.00
     6311.00,       64.52,       31.62,        0.00,        0.00,        0.00,        0.00,        1.00,        4.25,        0.00,        0.00,        1.00,        1.00,        0.00
     6312.00,       64.52,       28.61,        0.00,        0.00,        0.00,        0.00,        1.00,        4.25,        0.00,        0.00,        1.00,        1.00,        0.00
     6313.00,       64.52,       28.22,        0.00,        0.00,        0.00,        0.00,        1.00,        4.25,        0.00,        0.00,        1.00,        1.00,        0.00
     6314.00,       64.52,       26.52,        0.00,        0.00,        0.00,        0.00,        1.00,        4.25,        0.00,        0.00,        1.00,        1.00,        0.00
     6315.00,       64.52,       26.27,        0.00,        0.00,        0.00,        0.00,        1.00,        4.25,        0.00,        0.00,        1.00,        1.00,        0.00
     6316.00,       64.52,       27.09,        0.00,        0.00,        0.00,        0.00,        1.00,        4.25,        0.00,        0.00,        1.00,        1.00,        0.00
     6317.00,       64.52,       29.95,        0.00,        0.00,        0.00,        0.00,        1.00,        4.25,        0.00,        0.00,        1.00,        1.00,        0.00
     6318.00,       64.52,       34.14,        0.00,        0.00,        0.00,        0.00,        1.00,        4.25,        0.00,        0.00,        1.00,        1.00,        0.00
     6319.00,       64.52,       35.71,        0.00,        0.00,        0.00,        0.00,        1.00,        4.25,        0.00,        0.00,        1.00,        1.00,        0.00
     6320.00,       64.52,       34.50,        0.00,        0.00,        0.00,        0.00,        1.00,        4.25,        0.00,        0.00,        1.00,        1.00,        0.00
     6321.00,       64.52,       36.62,        0.00,        0.00,        0.00,        0.00,        1.00,        4.25,        0.00,        0.00,        1.00,        1.00,        0.00
     6322.00,       64.52,       39.26,        0.00,        0.00,        0.00,        0.00,        1.00,        4.25,        0.00,        0.00,        1.00,        1.00,        0.00
     6323.00,       64.52,       42.25,        0.00,        0.00,        0.00,        0.00,        1.00,        4.25,        0.00,        0.00,        1.00,        1.00,        0.00
     6324.00,       64.52,       43.59,        0.00,        0.00,        0.00,        0.00,        1.00,        4.25,        0.00,        0.00,        1.00,        1.00,        0.00
     6325.00,       64.52,       45.87,        0.00,        0.00,        0.00,        0.00,        1.00,        4.25,        0.00,        0.00,        1.00,        1.00,        0.00
     6326.00,       64.52,       52.00,        0.00,        0.00,        0.00,        0.00,        1.00,        4.25,        0.00,        0.00,        1.00,        1.00,        0.00
     6327.00,       64.52,       60.29,        0.00,        0.00,        0.00,        0.00,        1.00,        4.25,        0.00,        0.00,        1.00,        1.00,        0.00
     6328.00,       64.52,       55.33,        0.00,        0.00,        0.00,        0.00,        1.00,        4.25,        0.00,        0.00,        1.00,        1.00,        0.00
     6329.00,       64.52,       49.13,        0.00,        0.00,        0.00,        0.00,        1.00,        4.25,        0.00,        0.00,        1.00,        1.00,        0.00
     6330.00,       64.52,       54.17,        0.00,        0.00,        0.00,        0.00,        1.00,        4.25,        0.00,        0.00,        1.00,        1.00,        0.00
     6331.00,       64.52,       54.54,        0.00,        0.00,        0.00,        0.00,        1.00,        4.25,        0.00,        0.00,        1.00,        1.00,        0.00
     6332.00,       64.52,       46.19,        0.00,        0.00,        0.00,        0.00,        1.00,        4.25,        0.00,        0.00,        1.00,        1.00,        0.00
     6333.00,       64.52,       36.21,        0.00,        0.00,        0.00,        0.00,        1.00,        4.25,        0.00,        0.00,        1.00,        1.00,        0.00
     6334.00,       64.52,       32.54,        0.00,        0.00,        0.00,        0.00,        1.00,        4.25,        0.00,        0.00,        1.00,        1.00,        0.00
     6335.00,       64.52,       30.80,        0.00,        0.00,        0.00,        0.00,        1.00,        4.25,        0.00,        0.00,        1.00,        1.00,        0.00
     6336.00,       64.52,       28.26,        0.00,        0.00,        0.00,        0.00,        1.00,        4.25,        0.00,        0.00,        1.00,        1.00,        0.00
     6337.00,       64.52,       27.27,        0.00,        0.00,        0.00,        0.00,        1.00,        4.25,        0.00,        0.00,        1.00,        1.00,        0.00
     6338.00,       64.52,       25.40,        0.00,        0.00,        0.00,        0.00,        1.00,        4.25,        0.00,        0.00,        1.00,        1.00,        0.00
     6339.00,       64.52,       24.91,        0.00,        0.00,        0.00,        0.00,        1.00,        4.25,        0.00,        0.00,        1.00,        1.00,        0.00
     6340.00,       64.52,       26.07,        0.00,        0.00,        0.00,        0.00,        1.00,        4.25,        0.00,        0.00,        1.00,        1.00,        0.00
     6341.00,       64.52,       28.93,        0.00,        0.00,        0.00,        0.00,        1.00,        4.25,        0.00,        0.00,        1.00,        1.00,        0.00
     6342.00,       64.52,       32.02,        0.00,        0.00,        0.00,        0.00,        1.00,        4.25,        0.00,        0.00,        1.00,        1.00,        0.00
     6343.00,       64.52,       34.52,        0.00,        0.00,        0.00,        0.00,        1.00,        4.25,        0.00,        0.00,        1.00,        1.00,        0.00
     6344.00,       64.52,       34.81,        0.00,        0.00,        0.00,        0.00,        1.00,        4.25,        0.00,        0.00,        1.00,        1.00,        0.00
     6345.00,       64.52,       38.90,        0.00,        0.00,        0.00,        0.00,        1.00,        4.25,        0.00,        0.00,        1.00,        1.00,        0.00
     6346.00,       64.52,       44.33,        0.00,        0.00,        0.00,        0.00,        1.00,        4.25,        0.00,        0.00,        1.00,        1.00,        0.00
     6347.00,       64.52,       47.41,        0.00,        0.00,        0.00,        0.00,        1.00,        4.25,        0.00,        0.00,        1.00,        1.00,        0.00
     6348.00,       64.52,       49.73,        0.00,        0.00,        0.00,        0.00,        1.00,        4.25,        0.00,        0.00,        1.00,        1.00,        0.00
     6349.00,       64.52,       53.62,        0.00,        0.00,        0.00,        0.00,        1.00,        4.25,        0.00,        0.00,        1.00,        1.00,        0.00
     6350.00,       64.52,       82.39,        0.00,        0.00,        0.00,        0.00,        1.00,        4.25,        0.00,        0.00,        1.00,        1.00,        0.00
     6351.00,       64.52,       74.27,        0.00,        0.00,        0.00,        0.00,        1.00,        4.25,        0.00,        0.00,        1.00,        1.00,        0.00
     6352.00,       64.52,       71.12,        0.00,        0.00,        0.00,        0.00,        1.00,        4.25,        0.00,        0.00,        1.00,        1.00,        0.00
     6353.00,       64.52,       72.27,        0.00,        0.00,        0.00,        0.00,        1.00,        4.25,        0.00,        0.00,        1.00,        1.00,        0.00
     6354.00,       64.52,       43.90,        0.00,        0.00,        0.00,        0.00,        1.00,        4.25,        0.00,        0.00,        1.00,        1.00,        0.00
     6355.00,       64.52,       45.51,        0.00,        0.00,        0.00,        0.00,        1.00,        4.25,        0.00,        0.00,        1.00,        1.00,        0.00
     6356.00,       64.52,       37.04,        0.00,        0.00,        0.00,        0.00,        1.00,        4.25,        0.00,        0.00,        1.00,        1.00,        0.00
     6357.00,       64.52,       33.20,        0.00,        0.00,        0.00,        0.00,        1.00,        4.25,        0.00,        0.00,        1.00,        1.00,        0.00
     6358.00,       64.52,       31.27,        0.00,        0.00,        0.00,        0.00,        1.00,        4.25,        0.00,        0.00,        1.00,        1.00,        0.00
     6359.00,       64.52,       30.42,        0.00,        0.00,        0.00,        0.00,        1.00,        4.25,        0.00,        0.00,        1.00,        1.00,        0.00
     6360.00,       64.52,       27.66,        0.00,        0.00,        0.00,        0.00,        1.00,        4.25,        0.00,        0.00,        1.00,        1.00,        0.00
     6361.00,       64.52,       26.45,        0.00,        0.00,        0.00,        0.00,        1.00,        4.25,        0.00,        0.00,        1.00,        1.00,        0.00
     6362.00,       64.52,       24.88,        0.00,        0.00,        0.00,        0.00,        1.00,        4.25,        0.00,        0.00,        1.00,        1.00,        0.00
     6363.00,       64.52,       24.66,        0.00,        0.00,        0.00,        0.00,        1.00,        4.25,        0.00,        0.00,        1.00,        1.00,        0.00
     6364.00,       64.52,       25.48,        0.00,        0.00,        0.00,        0.00,        1.00,        4.25,        0.00,        0.00,        1.00,        1.00,        0.00
     6365.00,       64.52,       29.46,        0.00,        0.00,        0.00,        0.00,        1.00,        4.25,        0.00,        0.00,        1.00,        1.00,        0.00
     6366.00,       64.52,       31.33,        0.00,        0.00,        0.00,        0.00,        1.00,        4.25,        0.00,        0.00,        1.00,        1.00,        0.00
     6367.00,       64.52,       36.92,        0.00,        0.00,        0.00,        0.00,        1.00,        4.25,        0.00,        0.00,        1.00,        1.00,        0.00
     6368.00,       64.52,       38.43,        0.00,        0.00,        0.00,        0.00,        1.00,        4.25,        0.00,        0.00,        1.00,        1.00,        0.00
     6369.00,       64.52,       35.98,        0.00,        0.00,        0.00,        0.00,        1.00,        4.25,        0.00,        0.00,        1.00,        1.00,        0.00
     6370.00,       64.52,       39.37,        0.00,        0.00,        0.00,        0.00,        1.00,        4.25,        0.00,        0.00,        1.00,        1.00,        0.00
     6371.00,       64.52,       41.00,        0.00,        0.00,        0.00,        0.00,        1.00,        4.25,        0.00,        0.00,        1.00,        1.00,        0.00
     6372.00,       64.52,       38.45,        0.00,        0.00,        0.00,        0.00,        1.00,        4.25,        0.00,        0.00,        1.00,        1.00,        0.00
     6373.00,       64.52,       39.49,        0.00,        0.00,        0.00,        0.00,        1.00,        4.25,        0.00,        0.00,        1.00,        1.00,        0.00
     6374.00,       64.52,       50.53,        0.00,        0.00,        0.00,        0.00,        1.00,        4.25,        0.00,        0.00,        1.00,        1.00,        0.00
     6375.00,       64.52,       56.10,        0.00,        0.00,        0.00,        0.00,        1.00,        4.25,        0.00,        0.00,        1.00,        1.00,        0.00
     6376.00,       64.52,       59.36,        0.00,        0.00,        0.00,        0.00,        1.00,        4.25,        0.00,        0.00,        1.00,        1.00,        0.00
     6377.00,       64.52,       60.09,        0.00,        0.00,        0.00,        0.00,        1.00,        4.25,        0.00,        0.00,        1.00,        1.00,        0.00
     6378.00,       64.52,       50.11,        0.00,        0.00,        0.00,        0.00,        1.00,        4.25,        0.00,        0.00,        1.00,        1.00,        0.00
     6379.00,       64.52,       49.33,        0.00,        0.00,        0.00,        0.00,        1.00,        4.25,        0.00,        0.00,        1.00,        1.00,        0.00
     6380.00,       64.52,       41.12,        0.00,        0.00,        0.00,        0.00,        1.00,        4.25,        0.00,        0.00,        1.00,        1.00,        0.00
     6381.00,       64.52,       34.58,        0.00,        0.00,        0.00,        0.00,        1.00,        4.25,        0.00,        0.00,        1.00,        1.00,        0.00
     6382.00,       64.52,       31.38,        0.00,        0.00,        0.00,        0.00,        1.00,        4.25,        0.00,        0.00,        1.00,        1.00,        0.00
     6383.00,       64.52,       30.83,        0.00,        0.00,        0.00,        0.00,        1.00,        4.25,        0.00,        0.00,        1.00,        1.00,        0.00
     6384.00,       64.52,       28.08,        0.00,        0.00,        0.00,        0.00,        1.00,        4.25,        0.00,        0.00,        1.00,        1.00,        0.00
     6385.00,       64.52,       27.49,        0.00,        0.00,        0.00,        0.00,        1.00,        4.25,        0.00,        0.00,        1.00,        1.00,        0.00
     6386.00,       64.52,       26.02,        0.00,        0.00,        0.00,        0.00,        1.00,        4.25,        0.00,        0.00,        1.00,        1.00,        0.00
     6387.00,       64.52,       25.87,        0.00,        0.00,        0.00,        0.00,        1.00,        4.25,        0.00,        0.00,        1.00,        1.00,        0.00
     6388.00,       64.52,       27.59,        0.00,        0.00,        0.00,        0.00,        1.00,        4.25,        0.00,        0.00,        1.00,        1.00,        0.00
     6389.00,       64.52,       30.01,        0.00,        0.00,        0.00,        0.00,        1.00,        4.25,        0.00,        0.00,        1.00,        1.00,        0.00
     6390.00,       64.52,       32.58,        0.00,        0.00,        0.00,        0.00,        1.00,        4.25,        0.00,        0.00,        1.00,        1.00,        0.00
     6391.00,       64.52,       33.40,        0.00,        0.00,        0.00,        0.00,        1.00,        4.25,        0.00,        0.00,        1.00,        1.00,        0.00
     6392.00,       64.52,       30.88,        0.00,        0.00,        0.00,        0.00,        1.00,        4.25,        0.00,        0.00,        1.00,        1.00,        0.00
     6393.00,       64.52,       31.55,        0.00,        0.00,        0.00,        0.00,        1.00,        4.25,        0.00,        0.00,        1.00,        1.00,        0.00
     6394.00,       64.52,       32.47,        0.00,        0.00,        0.00,        0.00,        1.00,        4.25,        0.00,        0.00,        1.00,        1.00,        0.00
     6395.00,       64.52,       33.33,        0.00,        0.00,        0.00,        0.00,        1.00,        4.25,        0.00,        0.00,        1.00,        1.00,        0.00
     6396.00,       64.52,       35.26,        0.00,        0.00,        0.00,        0.00,        1.00,        4.25,        0.00,        0.00,        1.00,        1.00,        0.00
     6397.00,       64.52,       37.83,        0.00,        0.00,        0.00,        0.00,        1.00,        4.25,        0.00,        0.00,        1.00,        1.00,        0.00
     6398.00,       64.52,       41.73,        0.00,        0.00,        0.00,        0.00,        1.00,        4.25,        0.00,        0.00,        1.00,        1.00,        0.00
     6399.00,       64.52,       44.04,        0.00,        0.00,        0.00,        0.00,        1.00,        4.25,        0.00,        0.00,        1.00,        1.00,        0.00
     6400.00,       64.52,       50.98,        0.00,        0.00,        0.00,        0.00,        1.00,        4.25,        0.00,        0.00,        1.00,        1.00,        0.00
     6401.00,       64.52,       51.47,        0.00,        0.00,        0.00,        0.00,        1.00,        4.25,        0.00,        0.00,        1.00,        1.00,        0.00
     6402.00,       64.52,       55.17,        0.00,        0.00,        0.00,        0.00,        1.00,        4.25,        0.00,        0.00,        1.00,        1.00,        0.00
     6403.00,       64.52,       51.77,        0.00,        0.00,        0.00,        0.00,        1.00,        4.25,        0.00,        0.00,        1.00,        1.00,        0.00
     6404.00,       64.52,       39.25,        0.00,        0.00,        0.00,        0.00,        1.00,        4.25,        0.00,        0.00,        1.00,        1.00,        0.00
     6405.00,       64.52,       32.59,        0.00,        0.00,        0.00,        0.00,        1.00,        4.25,        0.00,        0.00,        1.00,        1.00,        0.00
     6406.00,       64.52,       30.78,        0.00,        0.00,        0.00,        0.00,        1.00,        4.25,        0.00,        0.00,        1.00,        1.00,        0.00
     6407.00,       64.52,       29.69,        0.00,        0.00,        0.00,        0.00,        1.00,        4.25,        0.00,        0.00,        1.00,        1.00,        0.00
     6408.00,       64.52,       29.21,        0.00,        0.00,        0.00,        0.00,        1.00,        4.25,        0.00,        0.00,        1.00,        1.00,        0.00
     6409.00,       64.52,       29.89,        0.00,        0.00,        0.00,        0.00,        1.00,        4.25,        0.00,        0.00,        1.00,        1.00,        0.00
     6410.00,       64.52,       26.68,        0.00,        0.00,        0.00,        0.00,        1.00,        4.25,        0.00,        0.00,        1.00,        1.00,        0.00
     6411.00,       64.52,       26.68,        0.00,        0.00,        0.00,        0.00,        1.00,        4.25,        0.00,        0.00,        1.00,        1.00,        0.00
     6412.00,       64.52,       27.23,        0.00,        0.00,        0.00,        0.00,        1.00,        4.25,        0.00,        0.00,        1.00,        1.00,        0.00
     6413.00,       64.52,       30.49,        0.00,        0.00,        0.00,        0.00,        1.00,        4.25,        0.00,        0.00,        1.00,        1.00,        0.00
     6414.00,       64.52,       34.70,        0.00,        0.00,        0.00,        0.00,        1.00,        4.25,        0.00,        0.00,        1.00,        1.00,        0.00
     6415.00,       64.52,       34.55,        0.00,        0.00,        0.00,        0.00,        1.00,        4.25,        0.00,        0.00,        1.00,        1.00,        0.00
     6416.00,       64.52,       32.76,        0.00,        0.00,        0.00,        0.00,        1.00,        4.25,        0.00,        0.00,        1.00,        1.00,        0.00
     6417.00,       64.52,       32.82,        0.00,        0.00,        0.00,        0.00,        1.00,        4.25,        0.00,        0.00,        1.00,        1.00,        0.00
     6418.00,       64.52,       33.80,        0.00,        0.00,        0.00,        0.00,        1.00,        4.25,        0.00,        0.00,        1.00,        1.00,        0.00
     6419.00,       64.52,       35.80,        0.00,        0.00,        0.00,        0.00,        1.00,        4.25,        0.00,        0.00,        1.00,        1.00,        0.00
     6420.00,       64.52,       37.70,        0.00,        0.00,        0.00,        0.00,        1.00,        4.25,        0.00,        0.00,        1.00,        1.00,        0.00
     6421.00,       64.52,       37.41,        0.00,        0.00,        0.00,        0.00,        1.00,        4.25,        0.00,        0.00,        1.00,        1.00,        0.00
     6422.00,       64.52,       40.36,        0.00,        0.00,        0.00,        0.00,        1.00,        4.25,        0.00,        0.00,        1.00,        1.00,        0.00
     6423.00,       64.52,       44.29,        0.00,        0.00,        0.00,        0.00,        1.00,        4.25,        0.00,        0.00,        1.00,        1.00,        0.00
     6424.00,       64.52,       51.13,        0.00,        0.00,        0.00,        0.00,        1.00,        4.25,        0.00,        0.00,        1.00,        1.00,        0.00
     6425.00,       64.52,       53.11,        0.00,        0.00,        0.00,        0.00,        1.00,        4.25,        0.00,        0.00,        1.00,        1.00,        0.00
     6426.00,       64.52,       51.46,        0.00,        0.00,        0.00,        0.00,        1.00,        4.25,        0.00,        0.00,        1.00,        1.00,        0.00
     6427.00,       64.52,       46.61,        0.00,        0.00,        0.00,        0.00,        1.00,        4.25,        0.00,        0.00,        1.00,        1.00,        0.00
     6428.00,       64.52,       35.98,        0.00,        0.00,        0.00,        0.00,        1.00,        4.25,        0.00,        0.00,        1.00,        1.00,        0.00
     6429.00,       64.52,       32.01,        0.00,        0.00,        0.00,        0.00,        1.00,        4.25,        0.00,        0.00,        1.00,        1.00,        0.00
     6430.00,       64.52,       30.38,        0.00,        0.00,        0.00,        0.00,        1.00,        4.25,        0.00,        0.00,        1.00,        1.00,        0.00
     6431.00,       64.52,       29.16,        0.00,        0.00,        0.00,        0.00,        1.00,        4.25,        0.00,        0.00,        1.00,        1.00,        0.00
     6432.00,       64.52,       30.42,        0.00,        0.00,        0.00,        0.00,        1.00,        4.25,        0.00,        0.00,        1.00,        1.00,        0.00
     6433.00,       64.52,       29.22,        0.00,        0.00,        0.00,        0.00,        1.00,        4.25,        0.00,        0.00,        1.00,        1.00,        0.00
     6434.00,       64.52,       28.70,        0.00,        0.00,        0.00,        0.00,        1.00,        4.25,        0.00,        0.00,        1.00,        1.00,        0.00
     6435.00,       64.52,       27.27,        0.00,        0.00,        0.00,        0.00,        1.00,        4.25,        0.00,        0.00,        1.00,        1.00,        0.00
     6436.00,       64.52,       27.92,        0.00,        0.00,        0.00,        0.00,        1.00,        4.25,        0.00,        0.00,        1.00,        1.00,        0.00
     6437.00,       64.52,       29.09,        0.00,        0.00,        0.00,        0.00,        1.00,        4.25,        0.00,        0.00,        1.00,        1.00,        0.00
     6438.00,       64.52,       29.45,        0.00,        0.00,        0.00,        0.00,        1.00,        4.25,        0.00,        0.00,        1.00,        1.00,        0.00
     6439.00,       64.52,       28.35,        0.00,        0.00,        0.00,        0.00,        1.00,        4.25,        0.00,        0.00,        1.00,        1.00,        0.00
     6440.00,       64.52,       27.63,        0.00,        0.00,        0.00,        0.00,        1.00,        4.25,        0.00,        0.00,        1.00,        1.00,        0.00
     6441.00,       64.52,       28.62,        0.00,        0.00,        0.00,        0.00,        1.00,        4.25,        0.00,        0.00,        1.00,        1.00,        0.00
     6442.00,       64.52,       31.60,        0.00,        0.00,        0.00,        0.00,        1.00,        4.25,        0.00,        0.00,        1.00,        1.00,        0.00
     6443.00,       64.52,       32.32,        0.00,        0.00,        0.00,        0.00,        1.00,        4.25,        0.00,        0.00,        1.00,        1.00,        0.00
     6444.00,       64.52,       33.50,        0.00,        0.00,        0.00,        0.00,        1.00,        4.25,        0.00,        0.00,        1.00,        1.00,        0.00
     6445.00,       64.52,       34.75,        0.00,        0.00,        0.00,        0.00,        1.00,        4.25,        0.00,        0.00,        1.00,        1.00,        0.00
     6446.00,       64.52,       37.00,        0.00,        0.00,        0.00,        0.00,        1.00,        4.25,        0.00,        0.00,        1.00,        1.00,        0.00
     6447.00,       64.52,       35.76,        0.00,        0.00,        0.00,        0.00,        1.00,        4.25,        0.00,        0.00,        1.00,        1.00,        0.00
     6448.00,       64.52,       41.12,        0.00,        0.00,        0.00,        0.00,        1.00,        4.25,        0.00,        0.00,        1.00,        1.00,        0.00
     6449.00,       64.52,       46.22,        0.00,        0.00,        0.00,        0.00,        1.00,        4.25,        0.00,        0.00,        1.00,        1.00,        0.00
     6450.00,       64.52,       48.40,        0.00,        0.00,        0.00,        0.00,        1.00,        4.25,        0.00,        0.00,        1.00,        1.00,        0.00
     6451.00,       64.52,       45.74,        0.00,        0.00,        0.00,        0.00,        1.00,        4.25,        0.00,        0.00,        1.00,        1.00,        0.00
     6452.00,       64.52,       36.32,        0.00,        0.00,        0.00,        0.00,        1.00,        4.25,        0.00,        0.00,        1.00,        1.00,        0.00
     6453.00,       64.52,       33.95,        0.00,        0.00,        0.00,        0.00,        1.00,        4.25,        0.00,        0.00,        1.00,        1.00,        0.00
     6454.00,       64.52,       31.66,        0.00,        0.00,        0.00,        0.00,        1.00,        4.25,        0.00,        0.00,        1.00,        1.00,        0.00
     6455.00,       64.52,       30.56,        0.00,        0.00,        0.00,        0.00,        1.00,        4.25,        0.00,        0.00,        1.00,        1.00,        0.00
     6456.00,       64.52,       30.73,        0.00,        0.00,        0.00,        0.00,        1.00,        4.25,        0.00,        0.00,        1.00,        1.00,        0.00
     6457.00,       64.52,       28.40,        0.00,        0.00,        0.00,        0.00,        1.00,        4.25,        0.00,        0.00,        1.00,        1.00,        0.00
     6458.00,       64.52,       28.17,        0.00,        0.00,        0.00,        0.00,        1.00,        4.25,        0.00,        0.00,        1.00,        1.00,        0.00
     6459.00,       64.52,       27.79,        0.00,        0.00,        0.00,        0.00,        1.00,        4.25,        0.00,        0.00,        1.00,        1.00,        0.00
     6460.00,       64.52,       27.91,        0.00,        0.00,        0.00,        0.00,        1.00,        4.25,        0.00,        0.00,        1.00,        1.00,        0.00
     6461.00,       64.52,       27.89,        0.00,        0.00,        0.00,        0.00,        1.00,        4.25,        0.00,        0.00,        1.00,        1.00,        0.00
     6462.00,       64.52,       28.09,        0.00,        0.00,        0.00,        0.00,        1.00,        4.25,        0.00,        0.00,        1.00,        1.00,        0.00
     6463.00,       64.52,       27.85,        0.00,        0.00,        0.00,        0.00,        1.00,        4.25,        0.00,        0.00,        1.00,        1.00,        0.00
     6464.00,       64.52,       27.33,        0.00,        0.00,        0.00,        0.00,        1.00,        4.25,        0.00,        0.00,        1.00,        1.00,        0.00
     6465.00,       64.52,       27.64,        0.00,        0.00,        0.00,        0.00,        1.00,        4.25,        0.00,        0.00,        1.00,        1.00,        0.00
     6466.00,       64.52,       28.56,        0.00,        0.00,        0.00,        0.00,        1.00,        4.25,        0.00,        0.00,        1.00,        1.00,        0.00
     6467.00,       64.52,       30.14,        0.00,        0.00,        0.00,        0.00,        1.00,        4.25,        0.00,        0.00,        1.00,        1.00,        0.00
     6468.00,       64.52,       31.55,        0.00,        0.00,        0.00,        0.00,        1.00,        4.25,        0.00,        0.00,        1.00,        1.00,        0.00
     6469.00,       64.52,       34.64,        0.00,        0.00,        0.00,        0.00,        1.00,        4.25,        0.00,        0.00,        1.00,        1.00,        0.00
     6470.00,       64.52,       34.80,        0.00,        0.00,        0.00,        0.00,        1.00,        4.25,        0.00,        0.00,        1.00,        1.00,        0.00
     6471.00,       64.52,       34.18,        0.00,        0.00,        0.00,        0.00,        1.00,        4.25,        0.00,        0.00,        1.00,        1.00,        0.00
     6472.00,       64.52,       37.41,        0.00,        0.00,        0.00,        0.00,        1.00,        4.25,        0.00,        0.00,        1.00,        1.00,        0.00
     6473.00,       64.52,       41.58,        0.00,        0.00,        0.00,        0.00,        1.00,        4.25,        0.00,        0.00,        1.00,        1.00,        0.00
     6474.00,       64.52,       49.05,        0.00,        0.00,        0.00,        0.00,        1.00,        4.25,        0.00,        0.00,        1.00,        1.00,        0.00
     6475.00,       64.52,       48.80,        0.00,        0.00,        0.00,        0.00,        1.00,        4.25,        0.00,        0.00,        1.00,        1.00,        0.00
     6476.00,       64.52,       37.32,        0.00,        0.00,        0.00,        0.00,        1.00,        4.25,        0.00,        0.00,        1.00,        1.00,        0.00
     6477.00,       64.52,       32.80,        0.00,        0.00,        0.00,        0.00,        1.00,        4.25,        0.00,        0.00,        1.00,        1.00,        0.00
     6478.00,       64.52,       30.73,        0.00,        0.00,        0.00,        0.00,        1.00,        4.25,        0.00,        0.00,        1.00,        1.00,        0.00
     6479.00,       64.52,       29.65,        0.00,        0.00,        0.00,        0.00,        1.00,        4.25,        0.00,        0.00,        1.00,        1.00,        0.00
     6480.00,       64.52,       28.60,        0.00,        0.00,        0.00,        0.00,        1.00,        4.25,        0.00,        0.00,        1.00,        1.00,        0.00
     6481.00,       64.52,       27.60,        0.00,        0.00,        0.00,        0.00,        1.00,        4.25,        0.00,        0.00,        1.00,        1.00,        0.00
     6482.00,       64.52,       25.87,        0.00,        0.00,        0.00,        0.00,        1.00,        4.25,        0.00,        0.00,        1.00,        1.00,        0.00
     6483.00,       64.52,       25.77,        0.00,        0.00,        0.00,        0.00,        1.00,        4.25,        0.00,        0.00,        1.00,        1.00,        0.00
     6484.00,       64.52,       27.16,        0.00,        0.00,        0.00,        0.00,        1.00,        4.25,        0.00,        0.00,        1.00,        1.00,        0.00
     6485.00,       64.52,       28.79,        0.00,        0.00,        0.00,        0.00,        1.00,        4.25,        0.00,        0.00,        1.00,        1.00,        0.00
     6486.00,       64.52,       31.51,        0.00,        0.00,        0.00,        0.00,        1.00,        4.25,        0.00,        0.00,        1.00,        1.00,        0.00
     6487.00,       64.52,       32.44,        0.00,        0.00,        0.00,        0.00,        1.00,        4.25,        0.00,        0.00,        1.00,        1.00,        0.00
     6488.00,       64.52,       30.74,        0.00,        0.00,        0.00,        0.00,        1.00,        4.25,        0.00,        0.00,        1.00,        1.00,        0.00
     6489.00,       64.52,       31.33,        0.00,        0.00,        0.00,        0.00,        1.00,        4.25,        0.00,        0.00,        1.00,        1.00,        0.00
     6490.00,       64.52,       32.61,        0.00,        0.00,        0.00,        0.00,        1.00,        4.25,        0.00,        0.00,        1.00,        1.00,        0.00
     6491.00,       64.52,       32.93,        0.00,        0.00,        0.00,        0.00,        1.00,        4.25,        0.00,        0.00,        1.00,        1.00,        0.00
     6492.00,       64.52,       33.92,        0.00,        0.00,        0.00,        0.00,        1.00,        4.25,        0.00,        0.00,        1.00,        1.00,        0.00
     6493.00,       64.52,       34.17,        0.00,        0.00,        0.00,        0.00,        1.00,        4.25,        0.00,        0.00,        1.00,        1.00,        0.00
     6494.00,       64.52,       37.53,        0.00,        0.00,        0.00,        0.00,        1.00,        4.25,        0.00,        0.00,        1.00,        1.00,        0.00
     6495.00,       64.52,       38.12,        0.00,        0.00,        0.00,        0.00,        1.00,        4.25,        0.00,        0.00,        1.00,        1.00,        0.00
     6496.00,       64.52,       40.36,        0.00,        0.00,        0.00,        0.00,        1.00,        4.25,        0.00,        0.00,        1.00,        1.00,        0.00
     6497.00,       64.52,       44.64,        0.00,        0.00,        0.00,        0.00,        1.00,        4.25,        0.00,        0.00,        1.00,        1.00,        0.00
     6498.00,       64.52,       50.92,        0.00,        0.00,        0.00,        0.00,        1.00,        4.25,        0.00,        0.00,        1.00,        1.00,        0.00
     6499.00,       64.52,       44.11,        0.00,        0.00,        0.00,        0.00,        1.00,        4.25,        0.00,        0.00,        1.00,        1.00,        0.00
     6500.00,       64.52,       36.34,        0.00,        0.00,        0.00,        0.00,        1.00,        4.25,        0.00,        0.00,        1.00,        1.00,        0.00
     6501.00,       64.52,       32.21,        0.00,        0.00,        0.00,        0.00,        1.00,        4.25,        0.00,        0.00,        1.00,        1.00,        0.00
     6502.00,       64.52,       31.55,        0.00,        0.00,        0.00,        0.00,        1.00,        4.25,        0.00,        0.00,        1.00,        1.00,        0.00
     6503.00,       64.52,       30.61,        0.00,        0.00,        0.00,        0.00,        1.00,        4.25,        0.00,        0.00,        1.00,        1.00,        0.00
     6504.00,       64.52,       28.44,        0.00,        0.00,        0.00,        0.00,        1.00,        4.25,        0.00,        0.00,        1.00,        1.00,        0.00
     6505.00,       64.52,       27.24,        0.00,        0.00,        0.00,        0.00,        1.00,        4.25,        0.00,        0.00,        1.00,        1.00,        0.00
     6506.00,       64.52,       26.29,        0.00,        0.00,        0.00,        0.00,        1.00,        4.25,        0.00,        0.00,        1.00,        1.00,        0.00
     6507.00,       64.52,       25.89,        0.00,        0.00,        0.00,        0.00,        1.00,        4.25,        0.00,        0.00,        1.00,        1.00,        0.00
     6508.00,       64.52,       27.12,        0.00,        0.00,        0.00,        0.00,        1.00,        4.25,        0.00,        0.00,        1.00,        1.00,        0.00
     6509.00,       64.52,       28.94,        0.00,        0.00,        0.00,        0.00,        1.00,        4.25,        0.00,        0.00,        1.00,        1.00,        0.00
     6510.00,       64.52,       32.93,        0.00,        0.00,        0.00,        0.00,        1.00,        4.25,        0.00,        0.00,        1.00,        1.00,        0.00
     6511.00,       64.52,       33.60,        0.00,        0.00,        0.00,        0.00,        1.00,        4.25,        0.00,        0.00,        1.00,        1.00,        0.00
     6512.00,       64.52,       31.38,        0.00,        0.00,        0.00,        0.00,        1.00,        4.25,        0.00,        0.00,        1.00,        1.00,        0.00
     6513.00,       64.52,       31.24,        0.00,        0.00,        0.00,        0.00,        1.00,        4.25,        0.00,        0.00,        1.00,        1.00,        0.00
     6514.00,       64.52,       31.61,        0.00,        0.00,        0.00,        0.00,        1.00,        4.25,        0.00,        0.00,        1.00,        1.00,        0.00
     6515.00,       64.52,       32.53,        0.00,        0.00,        0.00,        0.00,        1.00,        4.25,        0.00,        0.00,        1.00,        1.00,        0.00
     6516.00,       64.52,       33.78,        0.00,        0.00,        0.00,        0.00,        1.00,        4.25,        0.00,        0.00,        1.00,        1.00,        0.00
     6517.00,       64.52,       33.92,        0.00,        0.00,        0.00,        0.00,        1.00,        4.25,        0.00,        0.00,        1.00,        1.00,        0.00
     6518.00,       64.52,       36.40,        0.00,        0.00,        0.00,        0.00,        1.00,        4.25,        0.00,        0.00,        1.00,        1.00,        0.00
     6519.00,       64.52,       38.22,        0.00,        0.00,        0.00,        0.00,        1.00,        4.25,        0.00,        0.00,        1.00,        1.00,        0.00
     6520.00,       64.52,       38.99,        0.00,        0.00,        0.00,        0.00,        1.00,        4.25,        0.00,        0.00,        1.00,        1.00,        0.00
     6521.00,       64.52,       43.31,        0.00,        0.00,        0.00,        0.00,        1.00,        4.25,        0.00,        0.00,        1.00,        1.00,        0.00
     6522.00,       64.52,       49.02,        0.00,        0.00,        0.00,        0.00,        1.00,        4.25,        0.00,        0.00,        1.00,        1.00,        0.00
     6523.00,       64.52,       47.30,        0.00,        0.00,        0.00,        0.00,        1.00,        4.25,        0.00,        0.00,        1.00,        1.00,        0.00
     6524.00,       64.52,       35.74,        0.00,        0.00,        0.00,        0.00,        1.00,        4.25,        0.00,        0.00,        1.00,        1.00,        0.00
     6525.00,       64.52,       32.35,        0.00,        0.00,        0.00,        0.00,        1.00,        4.25,        0.00,        0.00,        1.00,        1.00,        0.00
     6526.00,       64.52,       30.88,        0.00,        0.00,        0.00,        0.00,        1.00,        4.25,        0.00,        0.00,        1.00,        1.00,        0.00
     6527.00,       64.52,       30.35,        0.00,        0.00,        0.00,        0.00,        1.00,        4.25,        0.00,        0.00,        1.00,        1.00,        0.00
     6528.00,       64.52,       26.98,        0.00,        0.00,        0.00,        0.00,        1.00,        4.25,        0.00,        0.00,        1.00,        1.00,        0.00
     6529.00,       64.52,       25.85,        0.00,        0.00,        0.00,        0.00,        1.00,        4.25,        0.00,        0.00,        1.00,        1.00,        0.00
     6530.00,       64.52,       25.88,        0.00,        0.00,        0.00,        0.00,        1.00,        4.25,        0.00,        0.00,        1.00,        1.00,        0.00
     6531.00,       64.52,       25.50,        0.00,        0.00,        0.00,        0.00,        1.00,        4.25,        0.00,        0.00,        1.00,        1.00,        0.00
     6532.00,       64.52,       26.09,        0.00,        0.00,        0.00,        0.00,        1.00,        4.25,        0.00,        0.00,        1.00,        1.00,        0.00
     6533.00,       64.52,       28.43,        0.00,        0.00,        0.00,        0.00,        1.00,        4.25,        0.00,        0.00,        1.00,        1.00,        0.00
     6534.00,       64.52,       31.43,        0.00,        0.00,        0.00,        0.00,        1.00,        4.25,        0.00,        0.00,        1.00,        1.00,        0.00
     6535.00,       64.52,       33.00,        0.00,        0.00,        0.00,        0.00,        1.00,        4.25,        0.00,        0.00,        1.00,        1.00,        0.00
     6536.00,       64.52,       30.86,        0.00,        0.00,        0.00,        0.00,        1.00,        4.25,        0.00,        0.00,        1.00,        1.00,        0.00
     6537.00,       64.52,       30.80,        0.00,        0.00,        0.00,        0.00,        1.00,        4.25,        0.00,        0.00,        1.00,        1.00,        0.00
     6538.00,       64.52,       31.02,        0.00,        0.00,        0.00,        0.00,        1.00,        4.25,        0.00,        0.00,        1.00,        1.00,        0.00
     6539.00,       64.52,       32.32,        0.00,        0.00,        0.00,        0.00,        1.00,        4.25,        0.00,        0.00,        1.00,        1.00,        0.00
     6540.00,       64.52,       32.70,        0.00,        0.00,        0.00,        0.00,        1.00,        4.25,        0.00,        0.00,        1.00,        1.00,        0.00
     6541.00,       64.52,       32.60,        0.00,        0.00,        0.00,        0.00,        1.00,        4.25,        0.00,        0.00,        1.00,        1.00,        0.00
     6542.00,       64.52,       33.51,        0.00,        0.00,        0.00,        0.00,        1.00,        4.25,        0.00,        0.00,        1.00,        1.00,        0.00
     6543.00,       64.52,       35.46,        0.00,        0.00,        0.00,        0.00,        1.00,        4.25,        0.00,        0.00,        1.00,        1.00,        0.00
     6544.00,       64.52,       35.35,        0.00,        0.00,        0.00,        0.00,        1.00,        4.25,        0.00,        0.00,        1.00,        1.00,        0.00
     6545.00,       64.52,       36.93,        0.00,        0.00,        0.00,        0.00,        1.00,        4.25,        0.00,        0.00,        1.00,        1.00,        0.00
     6546.00,       64.52,       46.10,        0.00,        0.00,        0.00,        0.00,        1.00,        4.25,        0.00,        0.00,        1.00,        1.00,        0.00
     6547.00,       64.52,       46.67,        0.00,        0.00,        0.00,        0.00,        1.00,        4.25,        0.00,        0.00,        1.00,        1.00,        0.00
     6548.00,       64.52,       38.67,        0.00,        0.00,        0.00,        0.00,        1.00,        4.25,        0.00,        0.00,        1.00,        1.00,        0.00
     6549.00,       64.52,       33.42,        0.00,        0.00,        0.00,        0.00,        1.00,        4.25,        0.00,        0.00,        1.00,        1.00,        0.00
     6550.00,       64.52,       30.75,        0.00,        0.00,        0.00,        0.00,        1.00,        4.25,        0.00,        0.00,        1.00,        1.00,        0.00
     6551.00,       64.52,       30.78,        0.00,        0.00,        0.00,        0.00,        1.00,        4.25,        0.00,        0.00,        1.00,        1.00,        0.00
     6552.00,       64.52,       27.88,        0.00,        0.00,        0.00,        0.00,        1.00,        4.25,        0.00,        0.00,        1.00,        1.00,        0.00
     6553.00,       64.52,       28.10,        0.00,        0.00,        0.00,        0.00,        1.00,        4.25,        0.00,        0.00,        1.00,        1.00,        0.00
     6554.00,       64.52,       27.14,        0.00,        0.00,        0.00,        0.00,        1.00,        4.25,        0.00,        0.00,        1.00,        1.00,        0.00
     6555.00,       64.52,       26.86,        0.00,        0.00,        0.00,        0.00,        1.00,        4.25,        0.00,        0.00,        1.00,        1.00,        0.00
     6556.00,       64.52,       27.85,        0.00,        0.00,        0.00,        0.00,        1.00,        4.25,        0.00,        0.00,        1.00,        1.00,        0.00
     6557.00,       64.52,       29.80,        0.00,        0.00,        0.00,        0.00,        1.00,        4.25,        0.00,        0.00,        1.00,        1.00,        0.00
     6558.00,       64.52,       32.71,        0.00,        0.00,        0.00,        0.00,        1.00,        4.25,        0.00,        0.00,        1.00,        1.00,        0.00
     6559.00,       64.52,       34.32,        0.00,        0.00,        0.00,        0.00,        1.00,        4.25,        0.00,        0.00,        1.00,        1.00,        0.00
     6560.00,       64.52,       31.61,        0.00,        0.00,        0.00,        0.00,        1.00,        4.25,        0.00,        0.00,        1.00,        1.00,        0.00
     6561.00,       64.52,       30.46,        0.00,        0.00,        0.00,        0.00,        1.00,        4.25,        0.00,        0.00,        1.00,        1.00,        0.00
     6562.00,       64.52,       30.90,        0.00,        0.00,        0.00,        0.00,        1.00,        4.25,        0.00,        0.00,        1.00,        1.00,        0.00
     6563.00,       64.52,       31.80,        0.00,        0.00,        0.00,        0.00,        1.00,        4.25,        0.00,        0.00,        1.00,        1.00,        0.00
     6564.00,       64.52,       31.70,        0.00,        0.00,        0.00,        0.00,        1.00,        4.25,        0.00,        0.00,        1.00,        1.00,        0.00
     6565.00,       64.52,       32.01,        0.00,        0.00,        0.00,        0.00,        1.00,        4.25,        0.00,        0.00,        1.00,        1.00,        0.00
     6566.00,       64.52,       32.62,        0.00,        0.00,        0.00,        0.00,        1.00,        4.25,        0.00,        0.00,        1.00,        1.00,        0.00
     6567.00,       64.52,       34.71,        0.00,        0.00,        0.00,        0.00,        1.00,        4.25,        0.00,        0.00,        1.00,        1.00,        0.00
     6568.00,       64.52,       34.73,        0.00,        0.00,        0.00,        0.00,        1.00,        4.25,        0.00,        0.00,        1.00,        1.00,        0.00
     6569.00,       64.52,       35.34,        0.00,        0.00,        0.00,        0.00,        1.00,        4.25,        0.00,        0.00,        1.00,        1.00,        0.00
     6570.00,       64.52,       39.37,        0.00,        0.00,        0.00,        0.00,        1.00,        4.25,        0.00,        0.00,        1.00,        1.00,        0.00
     6571.00,       64.52,       42.80,        0.00,        0.00,        0.00,        0.00,        1.00,        4.25,        0.00,        0.00,        1.00,        1.00,        0.00
     6572.00,       64.52,       37.36,        0.00,        0.00,        0.00,        0.00,        1.00,        4.25,        0.00,        0.00,        1.00,        1.00,        0.00
     6573.00,       64.52,       33.00,        0.00,        0.00,        0.00,        0.00,        1.00,        4.25,        0.00,        0.00,        1.00,        1.00,        0.00
     6574.00,       64.52,       30.97,        0.00,        0.00,        0.00,        0.00,        1.00,        4.25,        0.00,        0.00,        1.00,        1.00,        0.00
     6575.00,       64.52,       30.57,        0.00,        0.00,        0.00,        0.00,        1.00,        4.25,        0.00,        0.00,        1.00,        1.00,        0.00
     6576.00,       64.52,       26.70,        0.00,        0.00,        0.00,        0.00,        1.00,        4.25,        0.00,        0.00,        1.00,        1.00,        0.00
     6577.00,       64.52,       26.01,        0.00,        0.00,        0.00,        0.00,        1.00,        4.25,        0.00,        0.00,        1.00,        1.00,        0.00
     6578.00,       64.52,       25.69,        0.00,        0.00,        0.00,        0.00,        1.00,        4.25,        0.00,        0.00,        1.00,        1.00,        0.00
     6579.00,       64.52,       25.48,        0.00,        0.00,        0.00,        0.00,        1.00,        4.25,        0.00,        0.00,        1.00,        1.00,        0.00
     6580.00,       64.52,       26.58,        0.00,        0.00,        0.00,        0.00,        1.00,        4.25,        0.00,        0.00,        1.00,        1.00,        0.00
     6581.00,       64.52,       28.49,        0.00,        0.00,        0.00,        0.00,        1.00,        4.25,        0.00,        0.00,        1.00,        1.00,        0.00
     6582.00,       64.52,       31.44,        0.00,        0.00,        0.00,        0.00,        1.00,        4.25,        0.00,        0.00,        1.00,        1.00,        0.00
     6583.00,       64.52,       33.23,        0.00,        0.00,        0.00,        0.00,        1.00,        4.25,        0.00,        0.00,        1.00,        1.00,        0.00
     6584.00,       64.52,       31.50,        0.00,        0.00,        0.00,        0.00,        1.00,        4.25,        0.00,        0.00,        1.00,        1.00,        0.00
     6585.00,       64.52,       28.91,        0.00,        0.00,        0.00,        0.00,        1.00,        4.25,        0.00,        0.00,        1.00,        1.00,        0.00
     6586.00,       64.52,       29.50,        0.00,        0.00,        0.00,        0.00,        1.00,        4.25,        0.00,        0.00,        1.00,        1.00,        0.00
     6587.00,       64.52,       29.63,        0.00,        0.00,        0.00,        0.00,        1.00,        4.25,        0.00,        0.00,        1.00,        1.00,        0.00
     6588.00,       64.52,       30.30,        0.00,        0.00,        0.00,        0.00,        1.00,        4.25,        0.00,        0.00,        1.00,        1.00,        0.00
     6589.00,       64.52,       31.09,        0.00,        0.00,        0.00,        0.00,        1.00,        4.25,        0.00,        0.00,        1.00,        1.00,        0.00
     6590.00,       64.52,       32.49,        0.00,        0.00,        0.00,        0.00,        1.00,        4.25,        0.00,        0.00,        1.00,        1.00,        0.00
     6591.00,       64.52,       33.32,        0.00,        0.00,        0.00,        0.00,        1.00,        4.25,        0.00,        0.00,        1.00,        1.00,        0.00
     6592.00,       64.52,       35.23,        0.00,        0.00,        0.00,        0.00,        1.00,        4.25,        0.00,        0.00,        1.00,        1.00,        0.00
     6593.00,       64.52,       38.71,        0.00,        0.00,        0.00,        0.00,        1.00,        4.25,        0.00,        0.00,        1.00,        1.00,        0.00
     6594.00,       64.52,       43.08,        0.00,        0.00,        0.00,        0.00,        1.00,        4.25,        0.00,        0.00,        1.00,        1.00,        0.00
     6595.00,       64.52,       42.90,        0.00,        0.00,        0.00,        0.00,        1.00,        4.25,        0.00,        0.00,        1.00,        1.00,        0.00
     6596.00,       64.52,       38.15,        0.00,        0.00,        0.00,        0.00,        1.00,        4.25,        0.00,        0.00,        1.00,        1.00,        0.00
     6597.00,       64.52,       33.52,        0.00,        0.00,        0.00,        0.00,        1.00,        4.25,        0.00,        0.00,        1.00,        1.00,        0.00
     6598.00,       64.52,       32.24,        0.00,        0.00,        0.00,        0.00,        1.00,        4.25,        0.00,        0.00,        1.00,        1.00,        0.00
     6599.00,       64.52,       30.88,        0.00,        0.00,        0.00,        0.00,        1.00,        4.25,        0.00,        0.00,        1.00,        1.00,        0.00
     6600.00,       64.52,       27.46,        0.00,        0.00,        0.00,        0.00,        1.00,        4.25,        0.00,        0.00,        1.00,        1.00,        0.00
     6601.00,       64.52,       26.82,        0.00,        0.00,        0.00,        0.00,        1.00,        4.25,        0.00,        0.00,        1.00,        1.00,        0.00
     6602.00,       64.52,       25.55,        0.00,        0.00,        0.00,        0.00,        1.00,        4.25,        0.00,        0.00,        1.00,        1.00,        0.00
     6603.00,       64.52,       25.47,        0.00,        0.00,        0.00,        0.00,        1.00,        4.25,        0.00,        0.00,        1.00,        1.00,        0.00
     6604.00,       64.52,       26.43,        0.00,        0.00,        0.00,        0.00,        1.00,        4.25,        0.00,        0.00,        1.00,        1.00,        0.00
     6605.00,       64.52,       26.68,        0.00,        0.00,        0.00,        0.00,        1.00,        4.25,        0.00,        0.00,        1.00,        1.00,        0.00
     6606.00,       64.52,       26.86,        0.00,        0.00,        0.00,        0.00,        1.00,        4.25,        0.00,        0.00,        1.00,        1.00,        0.00
     6607.00,       64.52,       27.11,        0.00,        0.00,        0.00,        0.00,        1.00,        4.25,        0.00,        0.00,        1.00,        1.00,        0.00
     6608.00,       64.52,       26.32,        0.00,        0.00,        0.00,        0.00,        1.00,        4.25,        0.00,        0.00,        1.00,        1.00,        0.00
     6609.00,       64.52,       25.57,        0.00,        0.00,        0.00,        0.00,        1.00,        4.25,        0.00,        0.00,        1.00,        1.00,        0.00
     6610.00,       64.52,       25.24,        0.00,        0.00,        0.00,        0.00,        1.00,        4.25,        0.00,        0.00,        1.00,        1.00,        0.00
     6611.00,       64.52,       27.77,        0.00,        0.00,        0.00,        0.00,        1.00,        4.25,        0.00,        0.00,        1.00,        1.00,        0.00
     6612.00,       64.52,       28.03,        0.00,        0.00,        0.00,        0.00,        1.00,        4.25,        0.00,        0.00,        1.00,        1.00,        0.00
     6613.00,       64.52,       28.82,        0.00,        0.00,        0.00,        0.00,        1.00,        4.25,        0.00,        0.00,        1.00,        1.00,        0.00
     6614.00,       64.52,       30.40,        0.00,        0.00,        0.00,        0.00,        1.00,        4.25,        0.00,        0.00,        1.00,        1.00,        0.00
     6615.00,       64.52,       30.00,        0.00,        0.00,        0.00,        0.00,        1.00,        4.25,        0.00,        0.00,        1.00,        1.00,        0.00
     6616.00,       64.52,       28.61,        0.00,        0.00,        0.00,        0.00,        1.00,        4.25,        0.00,        0.00,        1.00,        1.00,        0.00
     6617.00,       64.52,       31.62,        0.00,        0.00,        0.00,        0.00,        1.00,        4.25,        0.00,        0.00,        1.00,        1.00,        0.00
     6618.00,       64.52,       39.94,        0.00,        0.00,        0.00,        0.00,        1.00,        4.25,        0.00,        0.00,        1.00,        1.00,        0.00
     6619.00,       64.52,       45.92,        0.00,        0.00,        0.00,        0.00,        1.00,        4.25,        0.00,        0.00,        1.00,        1.00,        0.00
     6620.00,       64.52,       37.90,        0.00,        0.00,        0.00,        0.00,        1.00,        4.25,        0.00,        0.00,        1.00,        1.00,        0.00
     6621.00,       64.52,       33.86,        0.00,        0.00,        0.00,        0.00,        1.00,        4.25,        0.00,        0.00,        1.00,        1.00,        0.00
     6622.00,       64.52,       31.45,        0.00,        0.00,        0.00,        0.00,        1.00,        4.25,        0.00,        0.00,        1.00,        1.00,        0.00
     6623.00,       64.52,       29.39,        0.00,        0.00,        0.00,        0.00,        1.00,        4.25,        0.00,        0.00,        1.00,        1.00,        0.00
     6624.00,       64.52,       29.18,        0.00,        0.00,        0.00,        0.00,        1.00,        4.25,        0.00,        0.00,        1.00,        1.00,        0.00
     6625.00,       64.52,       27.57,        0.00,        0.00,        0.00,        0.00,        1.00,        4.25,        0.00,        0.00,        1.00,        1.00,        0.00
     6626.00,       64.52,       26.27,        0.00,        0.00,        0.00,        0.00,        1.00,        4.25,        0.00,        0.00,        1.00,        1.00,        0.00
     6627.00,       64.52,       26.10,        0.00,        0.00,        0.00,        0.00,        1.00,        4.25,        0.00,        0.00,        1.00,        1.00,        0.00
     6628.00,       64.52,       26.24,        0.00,        0.00,        0.00,        0.00,        1.00,        4.25,        0.00,        0.00,        1.00,        1.00,        0.00
     6629.00,       64.52,       26.97,        0.00,        0.00,        0.00,        0.00,        1.00,        4.25,        0.00,        0.00,        1.00,        1.00,        0.00
     6630.00,       64.52,       27.45,        0.00,        0.00,        0.00,        0.00,        1.00,        4.25,        0.00,        0.00,        1.00,        1.00,        0.00
     6631.00,       64.52,       27.95,        0.00,        0.00,        0.00,        0.00,        1.00,        4.25,        0.00,        0.00,        1.00,        1.00,        0.00
     6632.00,       64.52,       28.67,        0.00,        0.00,        0.00,        0.00,        1.00,        4.25,        0.00,        0.00,        1.00,        1.00,        0.00
     6633.00,       64.52,       25.28,        0.00,        0.00,        0.00,        0.00,        1.00,        4.25,        0.00,        0.00,        1.00,        1.00,        0.00
     6634.00,       64.52,       25.83,        0.00,        0.00,        0.00,        0.00,        1.00,        4.25,        0.00,        0.00,        1.00,        1.00,        0.00
     6635.00,       64.52,       26.60,        0.00,        0.00,        0.00,        0.00,        1.00,        4.25,        0.00,        0.00,        1.00,        1.00,        0.00
     6636.00,       64.52,       26.01,        0.00,        0.00,        0.00,        0.00,        1.00,        4.25,        0.00,        0.00,        1.00,        1.00,        0.00
     6637.00,       64.52,       27.40,        0.00,        0.00,        0.00,        0.00,        1.00,        4.25,        0.00,        0.00,        1.00,        1.00,        0.00
     6638.00,       64.52,       30.73,        0.00,        0.00,        0.00,        0.00,        1.00,        4.25,        0.00,        0.00,        1.00,        1.00,        0.00
     6639.00,       64.52,       29.34,        0.00,        0.00,        0.00,        0.00,        1.00,        4.25,        0.00,        0.00,        1.00,        1.00,        0.00
     6640.00,       64.52,       31.07,        0.00,        0.00,        0.00,        0.00,        1.00,        4.25,        0.00,        0.00,        1.00,        1.00,        0.00
     6641.00,       64.52,       35.95,        0.00,        0.00,        0.00,        0.00,        1.00,        4.25,        0.00,        0.00,        1.00,        1.00,        0.00
     6642.00,       64.52,       40.94,        0.00,        0.00,        0.00,        0.00,        1.00,        4.25,        0.00,        0.00,        1.00,        1.00,        0.00
     6643.00,       64.52,       47.96,        0.00,        0.00,        0.00,        0.00,        1.00,        4.25,        0.00,        0.00,        1.00,        1.00,        0.00
     6644.00,       64.52,       38.01,        0.00,        0.00,        0.00,        0.00,        1.00,        4.25,        0.00,        0.00,        1.00,        1.00,        0.00
     6645.00,       64.52,       32.97,        0.00,        0.00,        0.00,        0.00,        1.00,        4.25,        0.00,        0.00,        1.00,        1.00,        0.00
     6646.00,       64.52,       30.63,        0.00,        0.00,        0.00,        0.00,        1.00,        4.25,        0.00,        0.00,        1.00,        1.00,        0.00
     6647.00,       64.52,       28.89,        0.00,        0.00,        0.00,        0.00,        1.00,        4.25,        0.00,        0.00,        1.00,        1.00,        0.00
     6648.00,       64.52,       28.67,        0.00,        0.00,        0.00,        0.00,        1.00,        4.25,        0.00,        0.00,        1.00,        1.00,        0.00
     6649.00,       64.52,       26.36,        0.00,        0.00,        0.00,        0.00,        1.00,        4.25,        0.00,        0.00,        1.00,        1.00,        0.00
     6650.00,       64.52,       25.64,        0.00,        0.00,        0.00,        0.00,        1.00,        4.25,        0.00,        0.00,        1.00,        1.00,        0.00
     6651.00,       64.52,       25.74,        0.00,        0.00,        0.00,        0.00,        1.00,        4.25,        0.00,        0.00,        1.00,        1.00,        0.00
     6652.00,       64.52,       26.40,        0.00,        0.00,        0.00,        0.00,        1.00,        4.25,        0.00,        0.00,        1.00,        1.00,        0.00
     6653.00,       64.52,       28.61,        0.00,        0.00,        0.00,        0.00,        1.00,        4.25,        0.00,        0.00,        1.00,        1.00,        0.00
     6654.00,       64.52,       32.68,        0.00,        0.00,        0.00,        0.00,        1.00,        4.25,        0.00,        0.00,        1.00,        1.00,        0.00
     6655.00,       64.52,       36.62,        0.00,        0.00,        0.00,        0.00,        1.00,        4.25,        0.00,        0.00,        1.00,        1.00,        0.00
     6656.00,       64.52,       33.21,        0.00,        0.00,        0.00,        0.00,        1.00,        4.25,        0.00,        0.00,        1.00,        1.00,        0.00
     6657.00,       64.52,       32.17,        0.00,        0.00,        0.00,        0.00,        1.00,        4.25,        0.00,        0.00,        1.00,        1.00,        0.00
     6658.00,       64.52,       32.63,        0.00,        0.00,        0.00,        0.00,        1.00,        4.25,        0.00,        0.00,        1.00,        1.00,        0.00
     6659.00,       64.52,       34.10,        0.00,        0.00,        0.00,        0.00,        1.00,        4.25,        0.00,        0.00,        1.00,        1.00,        0.00
     6660.00,       64.52,       33.96,        0.00,        0.00,        0.00,        0.00,        1.00,        4.25,        0.00,        0.00,        1.00,        1.00,        0.00
     6661.00,       64.52,       35.51,        0.00,        0.00,        0.00,        0.00,        1.00,        4.25,        0.00,        0.00,        1.00,        1.00,        0.00
     6662.00,       64.52,       36.24,        0.00,        0.00,        0.00,        0.00,        1.00,        4.25,        0.00,        0.00,        1.00,        1.00,        0.00
     6663.00,       64.52,       36.77,        0.00,        0.00,        0.00,        0.00,        1.00,        4.25,        0.00,        0.00,        1.00,        1.00,        0.00
     6664.00,       64.52,       37.22,        0.00,        0.00,        0.00,        0.00,        1.00,        4.25,        0.00,        0.00,        1.00,        1.00,        0.00
     6665.00,       64.52,       40.20,        0.00,        0.00,        0.00,        0.00,        1.00,        4.25,        0.00,        0.00,        1.00,        1.00,        0.00
     6666.00,       64.52,       49.60,        0.00,        0.00,        0.00,        0.00,        1.00,        4.25,        0.00,        0.00,        1.00,        1.00,        0.00
     6667.00,       64.52,       50.08,        0.00,        0.00,        0.00,        0.00,        1.00,        4.25,        0.00,        0.00,        1.00,        1.00,        0.00
     6668.00,       64.52,       40.14,        0.00,        0.00,        0.00,        0.00,        1.00,        4.25,        0.00,        0.00,        1.00,        1.00,        0.00
     6669.00,       64.52,       34.93,        0.00,        0.00,        0.00,        0.00,        1.00,        4.25,        0.00,        0.00,        1.00,        1.00,        0.00
     6670.00,       64.52,       30.50,        0.00,        0.00,        0.00,        0.00,        1.00,        4.25,        0.00,        0.00,        1.00,        1.00,        0.00
     6671.00,       64.52,       28.95,        0.00,        0.00,        0.00,        0.00,        1.00,        4.25,        0.00,        0.00,        1.00,        1.00,        0.00
     6672.00,       64.52,       29.13,        0.00,        0.00,        0.00,        0.00,        1.00,        4.25,        0.00,        0.00,        1.00,        1.00,        0.00
     6673.00,       64.52,       27.86,        0.00,        0.00,        0.00,        0.00,        1.00,        4.25,        0.00,        0.00,        1.00,        1.00,        0.00
     6674.00,       64.52,       26.29,        0.00,        0.00,        0.00,        0.00,        1.00,        4.25,        0.00,        0.00,        1.00,        1.00,        0.00
     6675.00,       64.52,       26.57,        0.00,        0.00,        0.00,        0.00,        1.00,        4.25,        0.00,        0.00,        1.00,        1.00,        0.00
     6676.00,       64.52,       27.66,        0.00,        0.00,        0.00,        0.00,        1.00,        4.25,        0.00,        0.00,        1.00,        1.00,        0.00
     6677.00,       64.52,       29.75,        0.00,        0.00,        0.00,        0.00,        1.00,        4.25,        0.00,        0.00,        1.00,        1.00,        0.00
     6678.00,       64.52,       35.58,        0.00,        0.00,        0.00,        0.00,        1.00,        4.25,        0.00,        0.00,        1.00,        1.00,        0.00
     6679.00,       64.52,       37.27,        0.00,        0.00,        0.00,        0.00,        1.00,        4.25,        0.00,        0.00,        1.00,        1.00,        0.00
     6680.00,       64.52,       34.60,        0.00,        0.00,        0.00,        0.00,        1.00,        4.25,        0.00,        0.00,        1.00,        1.00,        0.00
     6681.00,       64.52,       32.77,        0.00,        0.00,        0.00,        0.00,        1.00,        4.25,        0.00,        0.00,        1.00,        1.00,        0.00
     6682.00,       64.52,       33.63,        0.00,        0.00,        0.00,        0.00,        1.00,        4.25,        0.00,        0.00,        1.00,        1.00,        0.00
     6683.00,       64.52,       33.54,        0.00,        0.00,        0.00,        0.00,        1.00,        4.25,        0.00,        0.00,        1.00,        1.00,        0.00
     6684.00,       64.52,       33.18,        0.00,        0.00,        0.00,        0.00,        1.00,        4.25,        0.00,        0.00,        1.00,        1.00,        0.00
     6685.00,       64.52,       35.84,        0.00,        0.00,        0.00,        0.00,        1.00,        4.25,        0.00,        0.00,        1.00,        1.00,        0.00
     6686.00,       64.52,       36.43,        0.00,        0.00,        0.00,        0.00,        1.00,        4.25,        0.00,        0.00,        1.00,        1.00,        0.00
     6687.00,       64.52,       36.87,        0.00,        0.00,        0.00,        0.00,        1.00,        4.25,        0.00,        0.00,        1.00,        1.00,        0.00
     6688.00,       64.52,       38.64,        0.00,        0.00,        0.00,        0.00,        1.00,        4.25,        0.00,        0.00,        1.00,        1.00,        0.00
     6689.00,       64.52,       42.80,        0.00,        0.00,        0.00,        0.00,        1.00,        4.25,        0.00,        0.00,        1.00,        1.00,        0.00
     6690.00,       64.52,       49.71,        0.00,        0.00,        0.00,        0.00,        1.00,        4.25,        0.00,        0.00,        1.00,        1.00,        0.00
     6691.00,       64.52,       50.91,        0.00,        0.00,        0.00,        0.00,        1.00,        4.25,        0.00,        0.00,        1.00,        1.00,        0.00
     6692.00,       64.52,       43.12,        0.00,        0.00,        0.00,        0.00,        1.00,        4.25,        0.00,        0.00,        1.00,        1.00,        0.00
     6693.00,       64.52,       37.25,        0.00,        0.00,        0.00,        0.00,        1.00,        4.25,        0.00,        0.00,        1.00,        1.00,        0.00
     6694.00,       64.52,       33.62,        0.00,        0.00,        0.00,        0.00,        1.00,        4.25,        0.00,        0.00,        1.00,        1.00,        0.00
     6695.00,       64.52,       29.93,        0.00,        0.00,        0.00,        0.00,        1.00,        4.25,        0.00,        0.00,        1.00,        1.00,        0.00
     6696.00,       64.52,       27.53,        0.00,        0.00,        0.00,        0.00,        1.00,        4.25,        0.00,        0.00,        1.00,        1.00,        0.00
     6697.00,       64.52,       26.06,        0.00,        0.00,        0.00,        0.00,        1.00,        4.25,        0.00,        0.00,        1.00,        1.00,        0.00
     6698.00,       64.52,       24.46,        0.00,        0.00,        0.00,        0.00,        1.00,        4.25,        0.00,        0.00,        1.00,        1.00,        0.00
     6699.00,       64.52,       24.36,        0.00,        0.00,        0.00,        0.00,        1.00,        4.25,        0.00,        0.00,        1.00,        1.00,        0.00
     6700.00,       64.52,       25.86,        0.00,        0.00,        0.00,        0.00,        1.00,        4.25,        0.00,        0.00,        1.00,        1.00,        0.00
     6701.00,       64.52,       28.28,        0.00,        0.00,        0.00,        0.00,        1.00,        4.25,        0.00,        0.00,        1.00,        1.00,        0.00
     6702.00,       64.52,       34.68,        0.00,        0.00,        0.00,        0.00,        1.00,        4.25,        0.00,        0.00,        1.00,        1.00,        0.00
     6703.00,       64.52,       37.89,        0.00,        0.00,        0.00,        0.00,        1.00,        4.25,        0.00,        0.00,        1.00,        1.00,        0.00
     6704.00,       64.52,       33.12,        0.00,        0.00,        0.00,        0.00,        1.00,        4.25,        0.00,        0.00,        1.00,        1.00,        0.00
     6705.00,       64.52,       32.55,        0.00,        0.00,        0.00,        0.00,        1.00,        4.25,        0.00,        0.00,        1.00,        1.00,        0.00
     6706.00,       64.52,       32.78,        0.00,        0.00,        0.00,        0.00,        1.00,        4.25,        0.00,        0.00,        1.00,        1.00,        0.00
     6707.00,       64.52,       34.21,        0.00,        0.00,        0.00,        0.00,        1.00,        4.25,        0.00,        0.00,        1.00,        1.00,        0.00
     6708.00,       64.52,       37.90,        0.00,        0.00,        0.00,        0.00,        1.00,        4.25,        0.00,        0.00,        1.00,        1.00,        0.00
     6709.00,       64.52,       38.70,        0.00,        0.00,        0.00,        0.00,        1.00,        4.25,        0.00,        0.00,        1.00,        1.00,        0.00
     6710.00,       64.52,       40.90,        0.00,        0.00,        0.00,        0.00,        1.00,        4.25,        0.00,        0.00,        1.00,        1.00,        0.00
     6711.00,       64.52,       42.21,        0.00,        0.00,        0.00,        0.00,        1.00,        4.25,        0.00,        0.00,        1.00,        1.00,        0.00
     6712.00,       64.52,       42.54,        0.00,        0.00,        0.00,        0.00,        1.00,        4.25,        0.00,        0.00,        1.00,        1.00,        0.00
     6713.00,       64.52,       45.59,        0.00,        0.00,        0.00,        0.00,        1.00,        4.25,        0.00,        0.00,        1.00,        1.00,        0.00
     6714.00,       64.52,       53.55,        0.00,        0.00,        0.00,        0.00,        1.00,        4.25,        0.00,        0.00,        1.00,        1.00,        0.00
     6715.00,       64.52,       54.58,        0.00,        0.00,        0.00,        0.00,        1.00,        4.25,        0.00,        0.00,        1.00,        1.00,        0.00
     6716.00,       64.52,       46.88,        0.00,        0.00,        0.00,        0.00,        1.00,        4.25,        0.00,        0.00,        1.00,        1.00,        0.00
     6717.00,       64.52,       40.00,        0.00,        0.00,        0.00,        0.00,        1.00,        4.25,        0.00,        0.00,        1.00,        1.00,        0.00
     6718.00,       64.52,       34.58,        0.00,        0.00,        0.00,        0.00,        1.00,        4.25,        0.00,        0.00,        1.00,        1.00,        0.00
     6719.00,       64.52,       31.15,        0.00,        0.00,        0.00,        0.00,        1.00,        4.25,        0.00,        0.00,        1.00,        1.00,        0.00
     6720.00,       64.52,       28.57,        0.00,        0.00,        0.00,        0.00,        1.00,        4.25,        0.00,        0.00,        1.00,        1.00,        0.00
     6721.00,       64.52,       27.93,        0.00,        0.00,        0.00,        0.00,        1.00,        4.25,        0.00,        0.00,        1.00,        1.00,        0.00
     6722.00,       64.52,       26.20,        0.00,        0.00,        0.00,        0.00,        1.00,        4.25,        0.00,        0.00,        1.00,        1.00,        0.00
     6723.00,       64.52,       26.52,        0.00,        0.00,        0.00,        0.00,        1.00,        4.25,        0.00,        0.00,        1.00,        1.00,        0.00
     6724.00,       64.52,       28.74,        0.00,        0.00,        0.00,        0.00,        1.00,        4.25,        0.00,        0.00,        1.00,        1.00,        0.00
     6725.00,       64.52,       31.96,        0.00,        0.00,        0.00,        0.00,        1.00,        4.25,        0.00,        0.00,        1.00,        1.00,        0.00
     6726.00,       64.52,       37.59,        0.00,        0.00,        0.00,        0.00,        1.00,        4.25,        0.00,        0.00,        1.00,        1.00,        0.00
     6727.00,       64.52,       39.05,        0.00,        0.00,        0.00,        0.00,        1.00,        4.25,        0.00,        0.00,        1.00,        1.00,        0.00
     6728.00,       64.52,       34.77,        0.00,        0.00,        0.00,        0.00,        1.00,        4.25,        0.00,        0.00,        1.00,        1.00,        0.00
     6729.00,       64.52,       34.02,        0.00,        0.00,        0.00,        0.00,        1.00,        4.25,        0.00,        0.00,        1.00,        1.00,        0.00
     6730.00,       64.52,       34.11,        0.00,        0.00,        0.00,        0.00,        1.00,        4.25,        0.00,        0.00,        1.00,        1.00,        0.00
     6731.00,       64.52,       34.37,        0.00,        0.00,        0.00,        0.00,        1.00,        4.25,        0.00,        0.00,        1.00,        1.00,        0.00
     6732.00,       64.52,       36.78,        0.00,        0.00,        0.00,        0.00,        1.00,        4.25,        0.00,        0.00,        1.00,        1.00,        0.00
     6733.00,       64.52,       37.56,        0.00,        0.00,        0.00,        0.00,        1.00,        4.25,        0.00,        0.00,        1.00,        1.00,        0.00
     6734.00,       64.52,       40.62,        0.00,        0.00,        0.00,        0.00,        1.00,        4.25,        0.00,        0.00,        1.00,        1.00,        0.00
     6735.00,       64.52,       43.70,        0.00,        0.00,        0.00,        0.00,        1.00,        4.25,        0.00,        0.00,        1.00,        1.00,        0.00
     6736.00,       64.52,       46.72,        0.00,        0.00,        0.00,        0.00,        1.00,        4.25,        0.00,        0.00,        1.00,        1.00,        0.00
     6737.00,       64.52,       50.15,        0.00,        0.00,        0.00,        0.00,        1.00,        4.25,        0.00,        0.00,        1.00,        1.00,        0.00
     6738.00,       64.52,       63.23,        0.00,        0.00,        0.00,        0.00,        1.00,        4.25,        0.00,        0.00,        1.00,        1.00,        0.00
     6739.00,       64.52,       62.31,        0.00,        0.00,        0.00,        0.00,        1.00,        4.25,        0.00,        0.00,        1.00,        1.00,        0.00
     6740.00,       64.52,       47.49,        0.00,        0.00,        0.00,        0.00,        1.00,        4.25,        0.00,        0.00,        1.00,        1.00,        0.00
     6741.00,       64.52,       39.64,        0.00,        0.00,        0.00,        0.00,        1.00,        4.25,        0.00,        0.00,        1.00,        1.00,        0.00
     6742.00,       64.52,       34.02,        0.00,        0.00,        0.00,        0.00,        1.00,        4.25,        0.00,        0.00,        1.00,        1.00,        0.00
     6743.00,       64.52,       32.84,        0.00,        0.00,        0.00,        0.00,        1.00,        4.25,        0.00,        0.00,        1.00,        1.00,        0.00
     6744.00,       64.52,       29.56,        0.00,        0.00,        0.00,        0.00,        1.00,        4.25,        0.00,        0.00,        1.00,        1.00,        0.00
     6745.00,       64.52,       27.70,        0.00,        0.00,        0.00,        0.00,        1.00,        4.25,        0.00,        0.00,        1.00,        1.00,        0.00
     6746.00,       64.52,       24.83,        0.00,        0.00,        0.00,        0.00,        1.00,        4.25,        0.00,        0.00,        1.00,        1.00,        0.00
     6747.00,       64.52,       23.98,        0.00,        0.00,        0.00,        0.00,        1.00,        4.25,        0.00,        0.00,        1.00,        1.00,        0.00
     6748.00,       64.52,       24.65,        0.00,        0.00,        0.00,        0.00,        1.00,        4.25,        0.00,        0.00,        1.00,        1.00,        0.00
     6749.00,       64.52,       26.78,        0.00,        0.00,        0.00,        0.00,        1.00,        4.25,        0.00,        0.00,        1.00,        1.00,        0.00
     6750.00,       64.52,       33.68,        0.00,        0.00,        0.00,        0.00,        1.00,        4.25,        0.00,        0.00,        1.00,        1.00,        0.00
     6751.00,       64.52,       35.09,        0.00,        0.00,        0.00,        0.00,        1.00,        4.25,        0.00,        0.00,        1.00,        1.00,        0.00
     6752.00,       64.52,       32.66,        0.00,        0.00,        0.00,        0.00,        1.00,        4.25,        0.00,        0.00,        1.00,        1.00,        0.00
     6753.00,       64.52,       31.27,        0.00,        0.00,        0.00,        0.00,        1.00,        4.25,        0.00,        0.00,        1.00,        1.00,        0.00
     6754.00,       64.52,       32.94,        0.00,        0.00,        0.00,        0.00,        1.00,        4.25,        0.00,        0.00,        1.00,        1.00,        0.00
     6755.00,       64.52,       33.87,        0.00,        0.00,        0.00,        0.00,        1.00,        4.25,        0.00,        0.00,        1.00,        1.00,        0.00
     6756.00,       64.52,       35.78,        0.00,        0.00,        0.00,        0.00,        1.00,        4.25,        0.00,        0.00,        1.00,        1.00,        0.00
     6757.00,       64.52,       37.24,        0.00,        0.00,        0.00,        0.00,        1.00,        4.25,        0.00,        0.00,        1.00,        1.00,        0.00
     6758.00,       64.52,       39.47,        0.00,        0.00,        0.00,        0.00,        1.00,        4.25,        0.00,        0.00,        1.00,        1.00,        0.00
     6759.00,       64.52,       40.98,        0.00,        0.00,        0.00,        0.00,        1.00,        4.25,        0.00,        0.00,        1.00,        1.00,        0.00
     6760.00,       64.52,       50.68,        0.00,        0.00,        0.00,        0.00,        1.00,        4.25,        0.00,        0.00,        1.00,        1.00,        0.00
     6761.00,       64.52,       56.97,        0.00,        0.00,        0.00,        0.00,        1.00,        4.25,        0.00,        0.00,        1.00,        1.00,        0.00
     6762.00,       64.52,       67.07,        0.00,        0.00,        0.00,        0.00,        1.00,        4.25,        0.00,        0.00,        1.00,        1.00,        0.00
     6763.00,       64.52,       61.82,        0.00,        0.00,        0.00,        0.00,        1.00,        4.25,        0.00,        0.00,        1.00,        1.00,        0.00
     6764.00,       64.52,       44.80,        0.00,        0.00,        0.00,        0.00,        1.00,        4.25,        0.00,        0.00,        1.00,        1.00,        0.00
     6765.00,       64.52,       35.99,        0.00,        0.00,        0.00,        0.00,        1.00,        4.25,        0.00,        0.00,        1.00,        1.00,        0.00
     6766.00,       64.52,       32.80,        0.00,        0.00,        0.00,        0.00,        1.00,        4.25,        0.00,        0.00,        1.00,        1.00,        0.00
     6767.00,       64.52,       29.19,        0.00,        0.00,        0.00,        0.00,        1.00,        4.25,        0.00,        0.00,        1.00,        1.00,        0.00
     6768.00,       64.52,       28.47,        0.00,        0.00,        0.00,        0.00,        1.00,        4.25,        0.00,        0.00,        1.00,        1.00,        0.00
     6769.00,       64.52,       30.22,        0.00,        0.00,        0.00,        0.00,        1.00,        4.25,        0.00,        0.00,        1.00,        1.00,        0.00
     6770.00,       64.52,       28.57,        0.00,        0.00,        0.00,        0.00,        1.00,        4.25,        0.00,        0.00,        1.00,        1.00,        0.00
     6771.00,       64.52,       26.98,        0.00,        0.00,        0.00,        0.00,        1.00,        4.25,        0.00,        0.00,        1.00,        1.00,        0.00
     6772.00,       64.52,       26.54,        0.00,        0.00,        0.00,        0.00,        1.00,        4.25,        0.00,        0.00,        1.00,        1.00,        0.00
     6773.00,       64.52,       27.87,        0.00,        0.00,        0.00,        0.00,        1.00,        4.25,        0.00,        0.00,        1.00,        1.00,        0.00
     6774.00,       64.52,       30.12,        0.00,        0.00,        0.00,        0.00,        1.00,        4.25,        0.00,        0.00,        1.00,        1.00,        0.00
     6775.00,       64.52,       29.61,        0.00,        0.00,        0.00,        0.00,        1.00,        4.25,        0.00,        0.00,        1.00,        1.00,        0.00
     6776.00,       64.52,       29.00,        0.00,        0.00,        0.00,        0.00,        1.00,        4.25,        0.00,        0.00,        1.00,        1.00,        0.00
     6777.00,       64.52,       29.16,        0.00,        0.00,        0.00,        0.00,        1.00,        4.25,        0.00,        0.00,        1.00,        1.00,        0.00
     6778.00,       64.52,       30.78,        0.00,        0.00,        0.00,        0.00,        1.00,        4.25,        0.00,        0.00,        1.00,        1.00,        0.00
     6779.00,       64.52,       32.36,        0.00,        0.00,        0.00,        0.00,        1.00,        4.25,        0.00,        0.00,        1.00,        1.00,        0.00
     6780.00,       64.52,       34.02,        0.00,        0.00,        0.00,        0.00,        1.00,        4.25,        0.00,        0.00,        1.00,        1.00,        0.00
     6781.00,       64.52,       35.70,        0.00,        0.00,        0.00,        0.00,        1.00,        4.25,        0.00,        0.00,        1.00,        1.00,        0.00
     6782.00,       64.52,       37.53,        0.00,        0.00,        0.00,        0.00,        1.00,        4.25,        0.00,        0.00,        1.00,        1.00,        0.00
     6783.00,       64.52,       39.91,        0.00,        0.00,        0.00,        0.00,        1.00,        4.25,        0.00,        0.00,        1.00,        1.00,        0.00
     6784.00,       64.52,       42.09,        0.00,        0.00,        0.00,        0.00,        1.00,        4.25,        0.00,        0.00,        1.00,        1.00,        0.00
     6785.00,       64.52,       47.04,        0.00,        0.00,        0.00,        0.00,        1.00,        4.25,        0.00,        0.00,        1.00,        1.00,        0.00
     6786.00,       64.52,       59.91,        0.00,        0.00,        0.00,        0.00,        1.00,        4.25,        0.00,        0.00,        1.00,        1.00,        0.00
     6787.00,       64.52,       53.84,        0.00,        0.00,        0.00,        0.00,        1.00,        4.25,        0.00,        0.00,        1.00,        1.00,        0.00
     6788.00,       64.52,       43.31,        0.00,        0.00,        0.00,        0.00,        1.00,        4.25,        0.00,        0.00,        1.00,        1.00,        0.00
     6789.00,       64.52,       35.69,        0.00,        0.00,        0.00,        0.00,        1.00,        4.25,        0.00,        0.00,        1.00,        1.00,        0.00
     6790.00,       64.52,       30.77,        0.00,        0.00,        0.00,        0.00,        1.00,        4.25,        0.00,        0.00,        1.00,        1.00,        0.00
     6791.00,       64.52,       28.28,        0.00,        0.00,        0.00,        0.00,        1.00,        4.25,        0.00,        0.00,        1.00,        1.00,        0.00
     6792.00,       64.52,       29.73,        0.00,        0.00,        0.00,        0.00,        1.00,        4.25,        0.00,        0.00,        1.00,        1.00,        0.00
     6793.00,       64.52,       29.21,        0.00,        0.00,        0.00,        0.00,        1.00,        4.25,        0.00,        0.00,        1.00,        1.00,        0.00
     6794.00,       64.52,       25.29,        0.00,        0.00,        0.00,        0.00,        1.00,        4.25,        0.00,        0.00,        1.00,        1.00,        0.00
     6795.00,       64.52,       24.73,        0.00,        0.00,        0.00,        0.00,        1.00,        4.25,        0.00,        0.00,        1.00,        1.00,        0.00
     6796.00,       64.52,       24.72,        0.00,        0.00,        0.00,        0.00,        1.00,        4.25,        0.00,        0.00,        1.00,        1.00,        0.00
     6797.00,       64.52,       25.41,        0.00,        0.00,        0.00,        0.00,        1.00,        4.25,        0.00,        0.00,        1.00,        1.00,        0.00
     6798.00,       64.52,       27.30,        0.00,        0.00,        0.00,        0.00,        1.00,        4.25,        0.00,        0.00,        1.00,        1.00,        0.00
     6799.00,       64.52,       26.31,        0.00,        0.00,        0.00,        0.00,        1.00,        4.25,        0.00,        0.00,        1.00,        1.00,        0.00
     6800.00,       64.52,       25.94,        0.00,        0.00,        0.00,        0.00,        1.00,        4.25,        0.00,        0.00,        1.00,        1.00,        0.00
     6801.00,       64.52,       26.48,        0.00,        0.00,        0.00,        0.00,        1.00,        4.25,        0.00,        0.00,        1.00,        1.00,        0.00
     6802.00,       64.52,       29.90,        0.00,        0.00,        0.00,        0.00,        1.00,        4.25,        0.00,        0.00,        1.00,        1.00,        0.00
     6803.00,       64.52,       30.79,        0.00,        0.00,        0.00,        0.00,        1.00,        4.25,        0.00,        0.00,        1.00,        1.00,        0.00
     6804.00,       64.52,       33.17,        0.00,        0.00,        0.00,        0.00,        1.00,        4.25,        0.00,        0.00,        1.00,        1.00,        0.00
     6805.00,       64.52,       33.49,        0.00,        0.00,        0.00,        0.00,        1.00,        4.25,        0.00,        0.00,        1.00,        1.00,        0.00
     6806.00,       64.52,       35.25,        0.00,        0.00,        0.00,        0.00,        1.00,        4.25,        0.00,        0.00,        1.00,        1.00,        0.00
     6807.00,       64.52,       41.32,        0.00,        0.00,        0.00,        0.00,        1.00,        4.25,        0.00,        0.00,        1.00,        1.00,        0.00
     6808.00,       64.52,       44.67,        0.00,        0.00,        0.00,        0.00,        1.00,        4.25,        0.00,        0.00,        1.00,        1.00,        0.00
     6809.00,       64.52,       54.36,        0.00,        0.00,        0.00,        0.00,        1.00,        4.25,        0.00,        0.00,        1.00,        1.00,        0.00
     6810.00,       64.52,       69.38,        0.00,        0.00,        0.00,        0.00,        1.00,        4.25,        0.00,        0.00,        1.00,        1.00,        0.00
     6811.00,       64.52,       56.54,        0.00,        0.00,        0.00,        0.00,        1.00,        4.25,        0.00,        0.00,        1.00,        1.00,        0.00
     6812.00,       64.52,       45.50,        0.00,        0.00,        0.00,        0.00,        1.00,        4.25,        0.00,        0.00,        1.00,        1.00,        0.00
     6813.00,       64.52,       40.08,        0.00,        0.00,        0.00,        0.00,        1.00,        4.25,        0.00,        0.00,        1.00,        1.00,        0.00
     6814.00,       64.52,       33.09,        0.00,        0.00,        0.00,        0.00,        1.00,        4.25,        0.00,        0.00,        1.00,        1.00,        0.00
     6815.00,       64.52,       28.50,        0.00,        0.00,        0.00,        0.00,        1.00,        4.25,        0.00,        0.00,        1.00,        1.00,        0.00
     6816.00,       64.52,       27.49,        0.00,        0.00,        0.00,        0.00,        1.00,        4.25,        0.00,        0.00,        1.00,        1.00,        0.00
     6817.00,       64.52,       27.86,        0.00,        0.00,        0.00,        0.00,        1.00,        4.25,        0.00,        0.00,        1.00,        1.00,        0.00
     6818.00,       64.52,       25.81,        0.00,        0.00,        0.00,        0.00,        1.00,        4.25,        0.00,        0.00,        1.00,        1.00,        0.00
     6819.00,       64.52,       25.76,        0.00,        0.00,        0.00,        0.00,        1.00,        4.25,        0.00,        0.00,        1.00,        1.00,        0.00
     6820.00,       64.52,       26.60,        0.00,        0.00,        0.00,        0.00,        1.00,        4.25,        0.00,        0.00,        1.00,        1.00,        0.00
     6821.00,       64.52,       28.66,        0.00,        0.00,        0.00,        0.00,        1.00,        4.25,        0.00,        0.00,        1.00,        1.00,        0.00
     6822.00,       64.52,       33.33,        0.00,        0.00,        0.00,        0.00,        1.00,        4.25,        0.00,        0.00,        1.00,        1.00,        0.00
     6823.00,       64.52,       35.16,        0.00,        0.00,        0.00,        0.00,        1.00,        4.25,        0.00,        0.00,        1.00,        1.00,        0.00
     6824.00,       64.52,       33.66,        0.00,        0.00,        0.00,        0.00,        1.00,        4.25,        0.00,        0.00,        1.00,        1.00,        0.00
     6825.00,       64.52,       33.10,        0.00,        0.00,        0.00,        0.00,        1.00,        4.25,        0.00,        0.00,        1.00,        1.00,        0.00
     6826.00,       64.52,       34.82,        0.00,        0.00,        0.00,        0.00,        1.00,        4.25,        0.00,        0.00,        1.00,        1.00,        0.00
     6827.00,       64.52,       35.01,        0.00,        0.00,        0.00,        0.00,        1.00,        4.25,        0.00,        0.00,        1.00,        1.00,        0.00
     6828.00,       64.52,       38.11,        0.00,        0.00,        0.00,        0.00,        1.00,        4.25,        0.00,        0.00,        1.00,        1.00,        0.00
     6829.00,       64.52,       40.56,        0.00,        0.00,        0.00,        0.00,        1.00,        4.25,        0.00,        0.00,        1.00,        1.00,        0.00
     6830.00,       64.52,       44.49,        0.00,        0.00,        0.00,        0.00,        1.00,        4.25,        0.00,        0.00,        1.00,        1.00,        0.00
     6831.00,       64.52,       51.68,        0.00,        0.00,        0.00,        0.00,        1.00,        4.25,        0.00,        0.00,        1.00,        1.00,        0.00
     6832.00,       64.52,       59.86,        0.00,        0.00,        0.00,        0.00,        1.00,        4.25,        0.00,        0.00,        1.00,        1.00,        0.00
     6833.00,       64.52,       77.36,        0.00,        0.00,        0.00,        0.00,        1.00,        4.25,        0.00,        0.00,        1.00,        1.00,        0.00
     6834.00,       64.52,       94.53,        0.00,        0.00,        0.00,        0.00,        1.00,        4.25,        0.00,        0.00,        1.00,        1.00,        0.00
     6835.00,       64.52,       73.77,        0.00,        0.00,        0.00,        0.00,        1.00,        4.25,        0.00,        0.00,        1.00,        1.00,        0.00
     6836.00,       64.52,       46.29,        0.00,        0.00,        0.00,        0.00,        1.00,        4.25,        0.00,        0.00,        1.00,        1.00,        0.00
     6837.00,       64.52,       38.30,        0.00,        0.00,        0.00,        0.00,        1.00,        4.25,        0.00,        0.00,        1.00,        1.00,        0.00
     6838.00,       64.52,       32.64,        0.00,        0.00,        0.00,        0.00,        1.00,        4.25,        0.00,        0.00,        1.00,        1.00,        0.00
     6839.00,       64.52,       30.42,        0.00,        0.00,        0.00,        0.00,        1.00,        4.25,        0.00,        0.00,        1.00,        1.00,        0.00
     6840.00,       64.52,       27.00,        0.00,        0.00,        0.00,        0.00,        1.00,        4.25,        0.00,        0.00,        1.00,        1.00,        0.00
     6841.00,       64.52,       28.24,        0.00,        0.00,        0.00,        0.00,        1.00,        4.25,        0.00,        0.00,        1.00,        1.00,        0.00
     6842.00,       64.52,       26.63,        0.00,        0.00,        0.00,        0.00,        1.00,        4.25,        0.00,        0.00,        1.00,        1.00,        0.00
     6843.00,       64.52,       26.84,        0.00,        0.00,        0.00,        0.00,        1.00,        4.25,        0.00,        0.00,        1.00,        1.00,        0.00
     6844.00,       64.52,       27.13,        0.00,        0.00,        0.00,        0.00,        1.00,        4.25,        0.00,        0.00,        1.00,        1.00,        0.00
     6845.00,       64.52,       29.13,        0.00,        0.00,        0.00,        0.00,        1.00,        4.25,        0.00,        0.00,        1.00,        1.00,        0.00
     6846.00,       64.52,       34.31,        0.00,        0.00,        0.00,        0.00,        1.00,        4.25,        0.00,        0.00,        1.00,        1.00,        0.00
     6847.00,       64.52,       35.80,        0.00,        0.00,        0.00,        0.00,        1.00,        4.25,        0.00,        0.00,        1.00,        1.00,        0.00
     6848.00,       64.52,       34.87,        0.00,        0.00,        0.00,        0.00,        1.00,        4.25,        0.00,        0.00,        1.00,        1.00,        0.00
     6849.00,       64.52,       34.95,        0.00,        0.00,        0.00,        0.00,        1.00,        4.25,        0.00,        0.00,        1.00,        1.00,        0.00
     6850.00,       64.52,       35.67,        0.00,        0.00,        0.00,        0.00,        1.00,        4.25,        0.00,        0.00,        1.00,        1.00,        0.00
     6851.00,       64.52,       39.07,        0.00,        0.00,        0.00,        0.00,        1.00,        4.25,        0.00,        0.00,        1.00,        1.00,        0.00
     6852.00,       64.52,       43.17,        0.00,        0.00,        0.00,        0.00,        1.00,        4.25,        0.00,        0.00,        1.00,        1.00,        0.00
     6853.00,       64.52,       46.04,        0.00,        0.00,        0.00,        0.00,        1.00,        4.25,        0.00,        0.00,        1.00,        1.00,        0.00
     6854.00,       64.52,       55.57,        0.00,        0.00,        0.00,        0.00,        1.00,        4.25,        0.00,        0.00,        1.00,        1.00,        0.00
     6855.00,       64.52,       66.52,        0.00,        0.00,        0.00,        0.00,        1.00,        4.25,        0.00,        0.00,        1.00,        1.00,        0.00
     6856.00,       64.52,       88.83,        0.00,        0.00,        0.00,        0.00,        1.00,        4.25,        0.00,        0.00,        1.00,        1.00,        0.00
     6857.00,       64.52,       81.73,        0.00,        0.00,        0.00,        0.00,        1.00,        4.25,        0.00,        0.00,        1.00,        1.00,        0.00
     6858.00,       64.52,       95.62,        0.00,        0.00,        0.00,        0.00,        1.00,        4.25,        0.00,        0.00,        1.00,        1.00,        0.00
     6859.00,       64.52,       71.51,        0.00,        0.00,        0.00,        0.00,        1.00,        4.25,        0.00,        0.00,        1.00,        1.00,        0.00
     6860.00,       64.52,       45.45,        0.00,        0.00,        0.00,        0.00,        1.00,        4.25,        0.00,        0.00,        1.00,        1.00,        0.00
     6861.00,       64.52,       39.65,        0.00,        0.00,        0.00,        0.00,        1.00,        4.25,        0.00,        0.00,        1.00,        1.00,        0.00
     6862.00,       64.52,       35.56,        0.00,        0.00,        0.00,        0.00,        1.00,        4.25,        0.00,        0.00,        1.00,        1.00,        0.00
     6863.00,       64.52,       32.45,        0.00,        0.00,        0.00,        0.00,        1.00,        4.25,        0.00,        0.00,        1.00,        1.00,        0.00
     6864.00,       64.52,       31.43,        0.00,        0.00,        0.00,        0.00,        1.00,        4.25,        0.00,        0.00,        1.00,        1.00,        0.00
     6865.00,       64.52,       30.17,        0.00,        0.00,        0.00,        0.00,        1.00,        4.25,        0.00,        0.00,        1.00,        1.00,        0.00
     6866.00,       64.52,       27.84,        0.00,        0.00,        0.00,        0.00,        1.00,        4.25,        0.00,        0.00,        1.00,        1.00,        0.00
     6867.00,       64.52,       27.42,        0.00,        0.00,        0.00,        0.00,        1.00,        4.25,        0.00,        0.00,        1.00,        1.00,        0.00
     6868.00,       64.52,       28.20,        0.00,        0.00,        0.00,        0.00,        1.00,        4.25,        0.00,        0.00,        1.00,        1.00,        0.00
     6869.00,       64.52,       30.80,        0.00,        0.00,        0.00,        0.00,        1.00,        4.25,        0.00,        0.00,        1.00,        1.00,        0.00
     6870.00,       64.52,       32.93,        0.00,        0.00,        0.00,        0.00,        1.00,        4.25,        0.00,        0.00,        1.00,        1.00,        0.00
     6871.00,       64.52,       34.90,        0.00,        0.00,        0.00,        0.00,        1.00,        4.25,        0.00,        0.00,        1.00,        1.00,        0.00
     6872.00,       64.52,       33.47,        0.00,        0.00,        0.00,        0.00,        1.00,        4.25,        0.00,        0.00,        1.00,        1.00,        0.00
     6873.00,       64.52,       33.62,        0.00,        0.00,        0.00,        0.00,        1.00,        4.25,        0.00,        0.00,        1.00,        1.00,        0.00
     6874.00,       64.52,       33.81,        0.00,        0.00,        0.00,        0.00,        1.00,        4.25,        0.00,        0.00,        1.00,        1.00,        0.00
     6875.00,       64.52,       35.12,        0.00,        0.00,        0.00,        0.00,        1.00,        4.25,        0.00,        0.00,        1.00,        1.00,        0.00
     6876.00,       64.52,       36.75,        0.00,        0.00,        0.00,        0.00,        1.00,        4.25,        0.00,        0.00,        1.00,        1.00,        0.00
     6877.00,       64.52,       39.35,        0.00,        0.00,        0.00,        0.00,        1.00,        4.25,        0.00,        0.00,        1.00,        1.00,        0.00
     6878.00,       64.52,       42.61,        0.00,        0.00,        0.00,        0.00,        1.00,        4.25,        0.00,        0.00,        1.00,        1.00,        0.00
     6879.00,       64.52,       46.94,        0.00,        0.00,        0.00,        0.00,        1.00,        4.25,        0.00,        0.00,        1.00,        1.00,        0.00
     6880.00,       64.52,       49.05,        0.00,        0.00,        0.00,        0.00,        1.00,        4.25,        0.00,        0.00,        1.00,        1.00,        0.00
     6881.00,       64.52,       62.45,        0.00,        0.00,        0.00,        0.00,        1.00,        4.25,        0.00,        0.00,        1.00,        1.00,        0.00
     6882.00,       64.52,       81.39,        0.00,        0.00,        0.00,        0.00,        1.00,        4.25,        0.00,        0.00,        1.00,        1.00,        0.00
     6883.00,       64.52,       53.05,        0.00,        0.00,        0.00,        0.00,        1.00,        4.25,        0.00,        0.00,        1.00,        1.00,        0.00
     6884.00,       64.52,       41.97,        0.00,        0.00,        0.00,        0.00,        1.00,        4.25,        0.00,        0.00,        1.00,        1.00,        0.00
     6885.00,       64.52,       36.47,        0.00,        0.00,        0.00,        0.00,        1.00,        4.25,        0.00,        0.00,        1.00,        1.00,        0.00
     6886.00,       64.52,       34.42,        0.00,        0.00,        0.00,        0.00,        1.00,        4.25,        0.00,        0.00,        1.00,        1.00,        0.00
     6887.00,       64.52,       32.57,        0.00,        0.00,        0.00,        0.00,        1.00,        4.25,        0.00,        0.00,        1.00,        1.00,        0.00
     6888.00,       64.52,       29.28,        0.00,        0.00,        0.00,        0.00,        1.00,        4.25,        0.00,        0.00,        1.00,        1.00,        0.00
     6889.00,       64.52,       27.05,        0.00,        0.00,        0.00,        0.00,        1.00,        4.25,        0.00,        0.00,        1.00,        1.00,        0.00
     6890.00,       64.52,       24.32,        0.00,        0.00,        0.00,        0.00,        1.00,        4.25,        0.00,        0.00,        1.00,        1.00,        0.00
     6891.00,       64.52,       23.93,        0.00,        0.00,        0.00,        0.00,        1.00,        4.25,        0.00,        0.00,        1.00,        1.00,        0.00
     6892.00,       64.52,       25.81,        0.00,        0.00,        0.00,        0.00,        1.00,        4.25,        0.00,        0.00,        1.00,        1.00,        0.00
     6893.00,       64.52,       29.48,        0.00,        0.00,        0.00,        0.00,        1.00,        4.25,        0.00,        0.00,        1.00,        1.00,        0.00
     6894.00,       64.52,       34.77,        0.00,        0.00,        0.00,        0.00,        1.00,        4.25,        0.00,        0.00,        1.00,        1.00,        0.00
     6895.00,       64.52,       36.00,        0.00,        0.00,        0.00,        0.00,        1.00,        4.25,        0.00,        0.00,        1.00,        1.00,        0.00
     6896.00,       64.52,       32.75,        0.00,        0.00,        0.00,        0.00,        1.00,        4.25,        0.00,        0.00,        1.00,        1.00,        0.00
     6897.00,       64.52,       32.44,        0.00,        0.00,        0.00,        0.00,        1.00,        4.25,        0.00,        0.00,        1.00,        1.00,        0.00
     6898.00,       64.52,       33.87,        0.00,        0.00,        0.00,        0.00,        1.00,        4.25,        0.00,        0.00,        1.00,        1.00,        0.00
     6899.00,       64.52,       35.16,        0.00,        0.00,        0.00,        0.00,        1.00,        4.25,        0.00,        0.00,        1.00,        1.00,        0.00
     6900.00,       64.52,       37.05,        0.00,        0.00,        0.00,        0.00,        1.00,        4.25,        0.00,        0.00,        1.00,        1.00,        0.00
     6901.00,       64.52,       38.09,        0.00,        0.00,        0.00,        0.00,        1.00,        4.25,        0.00,        0.00,        1.00,        1.00,        0.00
     6902.00,       64.52,       40.96,        0.00,        0.00,        0.00,        0.00,        1.00,        4.25,        0.00,        0.00,        1.00,        1.00,        0.00
     6903.00,       64.52,       43.18,        0.00,        0.00,        0.00,        0.00,        1.00,        4.25,        0.00,        0.00,        1.00,        1.00,        0.00
     6904.00,       64.52,       46.04,        0.00,        0.00,        0.00,        0.00,        1.00,        4.25,        0.00,        0.00,        1.00,        1.00,        0.00
     6905.00,       64.52,       54.95,        0.00,        0.00,        0.00,        0.00,        1.00,        4.25,        0.00,        0.00,        1.00,        1.00,        0.00
     6906.00,       64.52,       73.51,        0.00,        0.00,        0.00,        0.00,        1.00,        4.25,        0.00,        0.00,        1.00,        1.00,        0.00
     6907.00,       64.52,       51.77,        0.00,        0.00,        0.00,        0.00,        1.00,        4.25,        0.00,        0.00,        1.00,        1.00,        0.00
     6908.00,       64.52,       42.65,        0.00,        0.00,        0.00,        0.00,        1.00,        4.25,        0.00,        0.00,        1.00,        1.00,        0.00
     6909.00,       64.52,       37.76,        0.00,        0.00,        0.00,        0.00,        1.00,        4.25,        0.00,        0.00,        1.00,        1.00,        0.00
     6910.00,       64.52,       32.25,        0.00,        0.00,        0.00,        0.00,        1.00,        4.25,        0.00,        0.00,        1.00,        1.00,        0.00
     6911.00,       64.52,       29.70,        0.00,        0.00,        0.00,        0.00,        1.00,        4.25,        0.00,        0.00,        1.00,        1.00,        0.00
     6912.00,       64.52,       29.81,        0.00,        0.00,        0.00,        0.00,        1.00,        4.25,        0.00,        0.00,        1.00,        1.00,        0.00
     6913.00,       64.52,       27.72,        0.00,        0.00,        0.00,        0.00,        1.00,        4.25,        0.00,        0.00,        1.00,        1.00,        0.00
     6914.00,       64.52,       25.51,        0.00,        0.00,        0.00,        0.00,        1.00,        4.25,        0.00,        0.00,        1.00,        1.00,        0.00
     6915.00,       64.52,       25.71,        0.00,        0.00,        0.00,        0.00,        1.00,        4.25,        0.00,        0.00,        1.00,        1.00,        0.00
     6916.00,       64.52,       27.29,        0.00,        0.00,        0.00,        0.00,        1.00,        4.25,        0.00,        0.00,        1.00,        1.00,        0.00
     6917.00,       64.52,       29.11,        0.00,        0.00,        0.00,        0.00,        1.00,        4.25,        0.00,        0.00,        1.00,        1.00,        0.00
     6918.00,       64.52,       34.32,        0.00,        0.00,        0.00,        0.00,        1.00,        4.25,        0.00,        0.00,        1.00,        1.00,        0.00
     6919.00,       64.52,       34.38,        0.00,        0.00,        0.00,        0.00,        1.00,        4.25,        0.00,        0.00,        1.00,        1.00,        0.00
     6920.00,       64.52,       31.87,        0.00,        0.00,        0.00,        0.00,        1.00,        4.25,        0.00,        0.00,        1.00,        1.00,        0.00
     6921.00,       64.52,       31.55,        0.00,        0.00,        0.00,        0.00,        1.00,        4.25,        0.00,        0.00,        1.00,        1.00,        0.00
     6922.00,       64.52,       32.84,        0.00,        0.00,        0.00,        0.00,        1.00,        4.25,        0.00,        0.00,        1.00,        1.00,        0.00
     6923.00,       64.52,       33.55,        0.00,        0.00,        0.00,        0.00,        1.00,        4.25,        0.00,        0.00,        1.00,        1.00,        0.00
     6924.00,       64.52,       35.00,        0.00,        0.00,        0.00,        0.00,        1.00,        4.25,        0.00,        0.00,        1.00,        1.00,        0.00
     6925.00,       64.52,       35.53,        0.00,        0.00,        0.00,        0.00,        1.00,        4.25,        0.00,        0.00,        1.00,        1.00,        0.00
     6926.00,       64.52,       36.75,        0.00,        0.00,        0.00,        0.00,        1.00,        4.25,        0.00,        0.00,        1.00,        1.00,        0.00
     6927.00,       64.52,       37.36,        0.00,        0.00,        0.00,        0.00,        1.00,        4.25,        0.00,        0.00,        1.00,        1.00,        0.00
     6928.00,       64.52,       41.19,        0.00,        0.00,        0.00,        0.00,        1.00,        4.25,        0.00,        0.00,        1.00,        1.00,        0.00
     6929.00,       64.52,       47.68,        0.00,        0.00,        0.00,        0.00,        1.00,        4.25,        0.00,        0.00,        1.00,        1.00,        0.00
     6930.00,       64.52,       56.73,        0.00,        0.00,        0.00,        0.00,        1.00,        4.25,        0.00,        0.00,        1.00,        1.00,        0.00
     6931.00,       64.52,       41.58,        0.00,        0.00,        0.00,        0.00,        1.00,        4.25,        0.00,        0.00,        1.00,        1.00,        0.00
     6932.00,       64.52,       37.09,        0.00,        0.00,        0.00,        0.00,        1.00,        4.25,        0.00,        0.00,        1.00,        1.00,        0.00
     6933.00,       64.52,       34.83,        0.00,        0.00,        0.00,        0.00,        1.00,        4.25,        0.00,        0.00,        1.00,        1.00,        0.00
     6934.00,       64.52,       32.56,        0.00,        0.00,        0.00,        0.00,        1.00,        4.25,        0.00,        0.00,        1.00,        1.00,        0.00
     6935.00,       64.52,       30.56,        0.00,        0.00,        0.00,        0.00,        1.00,        4.25,        0.00,        0.00,        1.00,        1.00,        0.00
     6936.00,       64.52,       28.65,        0.00,        0.00,        0.00,        0.00,        1.00,        4.25,        0.00,        0.00,        1.00,        1.00,        0.00
     6937.00,       64.52,       27.36,        0.00,        0.00,        0.00,        0.00,        1.00,        4.25,        0.00,        0.00,        1.00,        1.00,        0.00
     6938.00,       64.52,       26.27,        0.00,        0.00,        0.00,        0.00,        1.00,        4.25,        0.00,        0.00,        1.00,        1.00,        0.00
     6939.00,       64.52,       24.85,        0.00,        0.00,        0.00,        0.00,        1.00,        4.25,        0.00,        0.00,        1.00,        1.00,        0.00
     6940.00,       64.52,       26.08,        0.00,        0.00,        0.00,        0.00,        1.00,        4.25,        0.00,        0.00,        1.00,        1.00,        0.00
     6941.00,       64.52,       26.93,        0.00,        0.00,        0.00,        0.00,        1.00,        4.25,        0.00,        0.00,        1.00,        1.00,        0.00
     6942.00,       64.52,       27.21,        0.00,        0.00,        0.00,        0.00,        1.00,        4.25,        0.00,        0.00,        1.00,        1.00,        0.00
     6943.00,       64.52,       26.97,        0.00,        0.00,        0.00,        0.00,        1.00,        4.25,        0.00,        0.00,        1.00,        1.00,        0.00
     6944.00,       64.52,       25.76,        0.00,        0.00,        0.00,        0.00,        1.00,        4.25,        0.00,        0.00,        1.00,        1.00,        0.00
     6945.00,       64.52,       26.37,        0.00,        0.00,        0.00,        0.00,        1.00,        4.25,        0.00,        0.00,        1.00,        1.00,        0.00
     6946.00,       64.52,       27.55,        0.00,        0.00,        0.00,        0.00,        1.00,        4.25,        0.00,        0.00,        1.00,        1.00,        0.00
     6947.00,       64.52,       28.99,        0.00,        0.00,        0.00,        0.00,        1.00,        4.25,        0.00,        0.00,        1.00,        1.00,        0.00
     6948.00,       64.52,       28.91,        0.00,        0.00,        0.00,        0.00,        1.00,        4.25,        0.00,        0.00,        1.00,        1.00,        0.00
     6949.00,       64.52,       28.98,        0.00,        0.00,        0.00,        0.00,        1.00,        4.25,        0.00,        0.00,        1.00,        1.00,        0.00
     6950.00,       64.52,       29.09,        0.00,        0.00,        0.00,        0.00,        1.00,        4.25,        0.00,        0.00,        1.00,        1.00,        0.00
     6951.00,       64.52,       29.91,        0.00,        0.00,        0.00,        0.00,        1.00,        4.25,        0.00,        0.00,        1.00,        1.00,        0.00
     6952.00,       64.52,       30.98,        0.00,        0.00,        0.00,        0.00,        1.00,        4.25,        0.00,        0.00,        1.00,        1.00,        0.00
     6953.00,       64.52,       34.82,        0.00,        0.00,        0.00,        0.00,        1.00,        4.25,        0.00,        0.00,        1.00,        1.00,        0.00
     6954.00,       64.52,       44.94,        0.00,        0.00,        0.00,        0.00,        1.00,        4.25,        0.00,        0.00,        1.00,        1.00,        0.00
     6955.00,       64.52,       40.12,        0.00,        0.00,        0.00,        0.00,        1.00,        4.25,        0.00,        0.00,        1.00,        1.00,        0.00
     6956.00,       64.52,       34.22,        0.00,        0.00,        0.00,        0.00,        1.00,        4.25,        0.00,        0.00,        1.00,        1.00,        0.00
     6957.00,       64.52,       31.50,        0.00,        0.00,        0.00,        0.00,        1.00,        4.25,        0.00,        0.00,        1.00,        1.00,        0.00
     6958.00,       64.52,       29.55,        0.00,        0.00,        0.00,        0.00,        1.00,        4.25,        0.00,        0.00,        1.00,        1.00,        0.00
     6959.00,       64.52,       28.71,        0.00,        0.00,        0.00,        0.00,        1.00,        4.25,        0.00,        0.00,        1.00,        1.00,        0.00
     6960.00,       64.52,       26.87,        0.00,        0.00,        0.00,        0.00,        1.00,        4.25,        0.00,        0.00,        1.00,        1.00,        0.00
     6961.00,       64.52,       24.91,        0.00,        0.00,        0.00,        0.00,        1.00,        4.25,        0.00,        0.00,        1.00,        1.00,        0.00
     6962.00,       64.52,       26.43,        0.00,        0.00,        0.00,        0.00,        1.00,        4.25,        0.00,        0.00,        1.00,        1.00,        0.00
     6963.00,       64.52,       25.63,        0.00,        0.00,        0.00,        0.00,        1.00,        4.25,        0.00,        0.00,        1.00,        1.00,        0.00
     6964.00,       64.52,       26.25,        0.00,        0.00,        0.00,        0.00,        1.00,        4.25,        0.00,        0.00,        1.00,        1.00,        0.00
     6965.00,       64.52,       26.79,        0.00,        0.00,        0.00,        0.00,        1.00,        4.25,        0.00,        0.00,        1.00,        1.00,        0.00
     6966.00,       64.52,       27.17,        0.00,        0.00,        0.00,        0.00,        1.00,        4.25,        0.00,        0.00,        1.00,        1.00,        0.00
     6967.00,       64.52,       27.06,        0.00,        0.00,        0.00,        0.00,        1.00,        4.25,        0.00,        0.00,        1.00,        1.00,        0.00
     6968.00,       64.52,       25.42,        0.00,        0.00,        0.00,        0.00,        1.00,        4.25,        0.00,        0.00,        1.00,        1.00,        0.00
     6969.00,       64.52,       24.81,        0.00,        0.00,        0.00,        0.00,        1.00,        4.25,        0.00,        0.00,        1.00,        1.00,        0.00
     6970.00,       64.52,       26.69,        0.00,        0.00,        0.00,        0.00,        1.00,        4.25,        0.00,        0.00,        1.00,        1.00,        0.00
     6971.00,       64.52,       28.02,        0.00,        0.00,        0.00,        0.00,        1.00,        4.25,        0.00,        0.00,        1.00,        1.00,        0.00
     6972.00,       64.52,       28.22,        0.00,        0.00,        0.00,        0.00,        1.00,        4.25,        0.00,        0.00,        1.00,        1.00,        0.00
     6973.00,       64.52,       28.01,        0.00,        0.00,        0.00,        0.00,        1.00,        4.25,        0.00,        0.00,        1.00,        1.00,        0.00
     6974.00,       64.52,       28.25,        0.00,        0.00,        0.00,        0.00,        1.00,        4.25,        0.00,        0.00,        1.00,        1.00,        0.00
     6975.00,       64.52,       29.60,        0.00,        0.00,        0.00,        0.00,        1.00,        4.25,        0.00,        0.00,        1.00,        1.00,        0.00
     6976.00,       64.52,       30.52,        0.00,        0.00,        0.00,        0.00,        1.00,        4.25,        0.00,        0.00,        1.00,        1.00,        0.00
     6977.00,       64.52,       36.46,        0.00,        0.00,        0.00,        0.00,        1.00,        4.25,        0.00,        0.00,        1.00,        1.00,        0.00
     6978.00,       64.52,       44.30,        0.00,        0.00,        0.00,        0.00,        1.00,        4.25,        0.00,        0.00,        1.00,        1.00,        0.00
     6979.00,       64.52,       41.16,        0.00,        0.00,        0.00,        0.00,        1.00,        4.25,        0.00,        0.00,        1.00,        1.00,        0.00
     6980.00,       64.52,       35.81,        0.00,        0.00,        0.00,        0.00,        1.00,        4.25,        0.00,        0.00,        1.00,        1.00,        0.00
     6981.00,       64.52,       32.64,        0.00,        0.00,        0.00,        0.00,        1.00,        4.25,        0.00,        0.00,        1.00,        1.00,        0.00
     6982.00,       64.52,       29.09,        0.00,        0.00,        0.00,        0.00,        1.00,        4.25,        0.00,        0.00,        1.00,        1.00,        0.00
     6983.00,       64.52,       27.96,        0.00,        0.00,        0.00,        0.00,        1.00,        4.25,        0.00,        0.00,        1.00,        1.00,        0.00
     6984.00,       64.52,       24.82,        0.00,        0.00,        0.00,        0.00,        1.00,        4.25,        0.00,        0.00,        1.00,        1.00,        0.00
     6985.00,       64.52,       24.03,        0.00,        0.00,        0.00,        0.00,        1.00,        4.25,        0.00,        0.00,        1.00,        1.00,        0.00
     6986.00,       64.52,       23.77,        0.00,        0.00,        0.00,        0.00,        1.00,        4.25,        0.00,        0.00,        1.00,        1.00,        0.00
     6987.00,       64.52,       23.93,        0.00,        0.00,        0.00,        0.00,        1.00,        4.25,        0.00,        0.00,        1.00,        1.00,        0.00
     6988.00,       64.52,       25.38,        0.00,        0.00,        0.00,        0.00,        1.00,        4.25,        0.00,        0.00,        1.00,        1.00,        0.00
     6989.00,       64.52,       27.71,        0.00,        0.00,        0.00,        0.00,        1.00,        4.25,        0.00,        0.00,        1.00,        1.00,        0.00
     6990.00,       64.52,       31.80,        0.00,        0.00,        0.00,        0.00,        1.00,        4.25,        0.00,        0.00,        1.00,        1.00,        0.00
     6991.00,       64.52,       33.22,        0.00,        0.00,        0.00,        0.00,        1.00,        4.25,        0.00,        0.00,        1.00,        1.00,        0.00
     6992.00,       64.52,       33.00,        0.00,        0.00,        0.00,        0.00,        1.00,        4.25,        0.00,        0.00,        1.00,        1.00,        0.00
     6993.00,       64.52,       28.80,        0.00,        0.00,        0.00,        0.00,        1.00,        4.25,        0.00,        0.00,        1.00,        1.00,        0.00
     6994.00,       64.52,       28.95,        0.00,        0.00,        0.00,        0.00,        1.00,        4.25,        0.00,        0.00,        1.00,        1.00,        0.00
     6995.00,       64.52,       29.29,        0.00,        0.00,        0.00,        0.00,        1.00,        4.25,        0.00,        0.00,        1.00,        1.00,        0.00
     6996.00,       64.52,       29.69,        0.00,        0.00,        0.00,        0.00,        1.00,        4.25,        0.00,        0.00,        1.00,        1.00,        0.00
     6997.00,       64.52,       29.11,        0.00,        0.00,        0.00,        0.00,        1.00,        4.25,        0.00,        0.00,        1.00,        1.00,        0.00
     6998.00,       64.52,       29.68,        0.00,        0.00,        0.00,        0.00,        1.00,        4.25,        0.00,        0.00,        1.00,        1.00,        0.00
     6999.00,       64.52,       31.02,        0.00,        0.00,        0.00,        0.00,        1.00,        4.25,        0.00,        0.00,        1.00,        1.00,        0.00
     7000.00,       64.52,       32.28,        0.00,        0.00,        0.00,        0.00,        1.00,        4.25,        0.00,        0.00,        1.00,        1.00,        0.00
     7001.00,       64.52,       38.52,        0.00,        0.00,        0.00,        0.00,        1.00,        4.25,        0.00,        0.00,        1.00,        1.00,        0.00
     7002.00,       64.52,       49.33,        0.00,        0.00,        0.00,        0.00,        1.00,        4.25,        0.00,        0.00,        1.00,        1.00,        0.00
     7003.00,       64.52,       41.60,        0.00,        0.00,        0.00,        0.00,        1.00,        4.25,        0.00,        0.00,        1.00,        1.00,        0.00
     7004.00,       64.52,       35.97,        0.00,        0.00,        0.00,        0.00,        1.00,        4.25,        0.00,        0.00,        1.00,        1.00,        0.00
     7005.00,       64.52,       32.79,        0.00,        0.00,        0.00,        0.00,        1.00,        4.25,        0.00,        0.00,        1.00,        1.00,        0.00
     7006.00,       64.52,       30.80,        0.00,        0.00,        0.00,        0.00,        1.00,        4.25,        0.00,        0.00,        1.00,        1.00,        0.00
     7007.00,       64.52,       28.48,        0.00,        0.00,        0.00,        0.00,        1.00,        4.25,        0.00,        0.00,        1.00,        1.00,        0.00
     7008.00,       64.52,       24.92,        0.00,        0.00,        0.00,        0.00,        1.00,        4.25,        0.00,        0.00,        1.00,        1.00,        0.00
     7009.00,       64.52,       24.12,        0.00,        0.00,        0.00,        0.00,        1.00,        4.25,        0.00,        0.00,        1.00,        1.00,        0.00
     7010.00,       64.52,       23.45,        0.00,        0.00,        0.00,        0.00,        1.00,        4.25,        0.00,        0.00,        1.00,        1.00,        0.00
     7011.00,       64.52,       23.26,        0.00,        0.00,        0.00,        0.00,        1.00,        4.25,        0.00,        0.00,        1.00,        1.00,        0.00
     7012.00,       64.52,       24.50,        0.00,        0.00,        0.00,        0.00,        1.00,        4.25,        0.00,        0.00,        1.00,        1.00,        0.00
     7013.00,       64.52,       27.66,        0.00,        0.00,        0.00,        0.00,        1.00,        4.25,        0.00,        0.00,        1.00,        1.00,        0.00
     7014.00,       64.52,       32.16,        0.00,        0.00,        0.00,        0.00,        1.00,        4.25,        0.00,        0.00,        1.00,        1.00,        0.00
     7015.00,       64.52,       34.17,        0.00,        0.00,        0.00,        0.00,        1.00,        4.25,        0.00,        0.00,        1.00,        1.00,        0.00
     7016.00,       64.52,       29.96,        0.00,        0.00,        0.00,        0.00,        1.00,        4.25,        0.00,        0.00,        1.00,        1.00,        0.00
     7017.00,       64.52,       28.22,        0.00,        0.00,        0.00,        0.00,        1.00,        4.25,        0.00,        0.00,        1.00,        1.00,        0.00
     7018.00,       64.52,       27.87,        0.00,        0.00,        0.00,        0.00,        1.00,        4.25,        0.00,        0.00,        1.00,        1.00,        0.00
     7019.00,       64.52,       28.52,        0.00,        0.00,        0.00,        0.00,        1.00,        4.25,        0.00,        0.00,        1.00,        1.00,        0.00
     7020.00,       64.52,       28.26,        0.00,        0.00,        0.00,        0.00,        1.00,        4.25,        0.00,        0.00,        1.00,        1.00,        0.00
     7021.00,       64.52,       28.74,        0.00,        0.00,        0.00,        0.00,        1.00,        4.25,        0.00,        0.00,        1.00,        1.00,        0.00
     7022.00,       64.52,       31.07,        0.00,        0.00,        0.00,        0.00,        1.00,        4.25,        0.00,        0.00,        1.00,        1.00,        0.00
     7023.00,       64.52,       33.20,        0.00,        0.00,        0.00,        0.00,        1.00,        4.25,        0.00,        0.00,        1.00,        1.00,        0.00
     7024.00,       64.52,       35.35,        0.00,        0.00,        0.00,        0.00,        1.00,        4.25,        0.00,        0.00,        1.00,        1.00,        0.00
     7025.00,       64.52,       41.24,        0.00,        0.00,        0.00,        0.00,        1.00,        4.25,        0.00,        0.00,        1.00,        1.00,        0.00
     7026.00,       64.52,       51.97,        0.00,        0.00,        0.00,        0.00,        1.00,        4.25,        0.00,        0.00,        1.00,        1.00,        0.00
     7027.00,       64.52,       43.67,        0.00,        0.00,        0.00,        0.00,        1.00,        4.25,        0.00,        0.00,        1.00,        1.00,        0.00
     7028.00,       64.52,       37.39,        0.00,        0.00,        0.00,        0.00,        1.00,        4.25,        0.00,        0.00,        1.00,        1.00,        0.00
     7029.00,       64.52,       33.96,        0.00,        0.00,        0.00,        0.00,        1.00,        4.25,        0.00,        0.00,        1.00,        1.00,        0.00
     7030.00,       64.52,       30.54,        0.00,        0.00,        0.00,        0.00,        1.00,        4.25,        0.00,        0.00,        1.00,        1.00,        0.00
     7031.00,       64.52,       29.44,        0.00,        0.00,        0.00,        0.00,        1.00,        4.25,        0.00,        0.00,        1.00,        1.00,        0.00
     7032.00,       64.52,       25.83,        0.00,        0.00,        0.00,        0.00,        1.00,        4.25,        0.00,        0.00,        1.00,        1.00,        0.00
     7033.00,       64.52,       24.98,        0.00,        0.00,        0.00,        0.00,        1.00,        4.25,        0.00,        0.00,        1.00,        1.00,        0.00
     7034.00,       64.52,       23.98,        0.00,        0.00,        0.00,        0.00,        1.00,        4.25,        0.00,        0.00,        1.00,        1.00,        0.00
     7035.00,       64.52,       23.38,        0.00,        0.00,        0.00,        0.00,        1.00,        4.25,        0.00,        0.00,        1.00,        1.00,        0.00
     7036.00,       64.52,       24.70,        0.00,        0.00,        0.00,        0.00,        1.00,        4.25,        0.00,        0.00,        1.00,        1.00,        0.00
     7037.00,       64.52,       27.36,        0.00,        0.00,        0.00,        0.00,        1.00,        4.25,        0.00,        0.00,        1.00,        1.00,        0.00
     7038.00,       64.52,       32.69,        0.00,        0.00,        0.00,        0.00,        1.00,        4.25,        0.00,        0.00,        1.00,        1.00,        0.00
     7039.00,       64.52,       35.01,        0.00,        0.00,        0.00,        0.00,        1.00,        4.25,        0.00,        0.00,        1.00,        1.00,        0.00
     7040.00,       64.52,       31.30,        0.00,        0.00,        0.00,        0.00,        1.00,        4.25,        0.00,        0.00,        1.00,        1.00,        0.00
     7041.00,       64.52,       28.79,        0.00,        0.00,        0.00,        0.00,        1.00,        4.25,        0.00,        0.00,        1.00,        1.00,        0.00
     7042.00,       64.52,       30.27,        0.00,        0.00,        0.00,        0.00,        1.00,        4.25,        0.00,        0.00,        1.00,        1.00,        0.00
     7043.00,       64.52,       30.35,        0.00,        0.00,        0.00,        0.00,        1.00,        4.25,        0.00,        0.00,        1.00,        1.00,        0.00
     7044.00,       64.52,       30.27,        0.00,        0.00,        0.00,        0.00,        1.00,        4.25,        0.00,        0.00,        1.00,        1.00,        0.00
     7045.00,       64.52,       31.17,        0.00,        0.00,        0.00,        0.00,        1.00,        4.25,        0.00,        0.00,        1.00,        1.00,        0.00
     7046.00,       64.52,       33.71,        0.00,        0.00,        0.00,        0.00,        1.00,        4.25,        0.00,        0.00,        1.00,        1.00,        0.00
     7047.00,       64.52,       34.69,        0.00,        0.00,        0.00,        0.00,        1.00,        4.25,        0.00,        0.00,        1.00,        1.00,        0.00
     7048.00,       64.52,       35.48,        0.00,        0.00,        0.00,        0.00,        1.00,        4.25,        0.00,        0.00,        1.00,        1.00,        0.00
     7049.00,       64.52,       39.71,        0.00,        0.00,        0.00,        0.00,        1.00,        4.25,        0.00,        0.00,        1.00,        1.00,        0.00
     7050.00,       64.52,       51.66,        0.00,        0.00,        0.00,        0.00,        1.00,        4.25,        0.00,        0.00,        1.00,        1.00,        0.00
     7051.00,       64.52,       43.63,        0.00,        0.00,        0.00,        0.00,        1.00,        4.25,        0.00,        0.00,        1.00,        1.00,        0.00
     7052.00,       64.52,       38.00,        0.00,        0.00,        0.00,        0.00,        1.00,        4.25,        0.00,        0.00,        1.00,        1.00,        0.00
     7053.00,       64.52,       34.60,        0.00,        0.00,        0.00,        0.00,        1.00,        4.25,        0.00,        0.00,        1.00,        1.00,        0.00
     7054.00,       64.52,       31.39,        0.00,        0.00,        0.00,        0.00,        1.00,        4.25,        0.00,        0.00,        1.00,        1.00,        0.00
     7055.00,       64.52,       28.62,        0.00,        0.00,        0.00,        0.00,        1.00,        4.25,        0.00,        0.00,        1.00,        1.00,        0.00
     7056.00,       64.52,       25.87,        0.00,        0.00,        0.00,        0.00,        1.00,        4.25,        0.00,        0.00,        1.00,        1.00,        0.00
     7057.00,       64.52,       25.11,        0.00,        0.00,        0.00,        0.00,        1.00,        4.25,        0.00,        0.00,        1.00,        1.00,        0.00
     7058.00,       64.52,       23.59,        0.00,        0.00,        0.00,        0.00,        1.00,        4.25,        0.00,        0.00,        1.00,        1.00,        0.00
     7059.00,       64.52,       23.37,        0.00,        0.00,        0.00,        0.00,        1.00,        4.25,        0.00,        0.00,        1.00,        1.00,        0.00
     7060.00,       64.52,       24.53,        0.00,        0.00,        0.00,        0.00,        1.00,        4.25,        0.00,        0.00,        1.00,        1.00,        0.00
     7061.00,       64.52,       27.43,        0.00,        0.00,        0.00,        0.00,        1.00,        4.25,        0.00,        0.00,        1.00,        1.00,        0.00
     7062.00,       64.52,       32.74,        0.00,        0.00,        0.00,        0.00,        1.00,        4.25,        0.00,        0.00,        1.00,        1.00,        0.00
     7063.00,       64.52,       33.70,        0.00,        0.00,        0.00,        0.00,        1.00,        4.25,        0.00,        0.00,        1.00,        1.00,        0.00
     7064.00,       64.52,       28.96,        0.00,        0.00,        0.00,        0.00,        1.00,        4.25,        0.00,        0.00,        1.00,        1.00,        0.00
     7065.00,       64.52,       25.90,        0.00,        0.00,        0.00,        0.00,        1.00,        4.25,        0.00,        0.00,        1.00,        1.00,        0.00
     7066.00,       64.52,       26.11,        0.00,        0.00,        0.00,        0.00,        1.00,        4.25,        0.00,        0.00,        1.00,        1.00,        0.00
     7067.00,       64.52,       25.89,        0.00,        0.00,        0.00,        0.00,        1.00,        4.25,        0.00,        0.00,        1.00,        1.00,        0.00
     7068.00,       64.52,       26.65,        0.00,        0.00,        0.00,        0.00,        1.00,        4.25,        0.00,        0.00,        1.00,        1.00,        0.00
     7069.00,       64.52,       27.31,        0.00,        0.00,        0.00,        0.00,        1.00,        4.25,        0.00,        0.00,        1.00,        1.00,        0.00
     7070.00,       64.52,       29.82,        0.00,        0.00,        0.00,        0.00,        1.00,        4.25,        0.00,        0.00,        1.00,        1.00,        0.00
     7071.00,       64.52,       29.63,        0.00,        0.00,        0.00,        0.00,        1.00,        4.25,        0.00,        0.00,        1.00,        1.00,        0.00
     7072.00,       64.52,       32.35,        0.00,        0.00,        0.00,        0.00,        1.00,        4.25,        0.00,        0.00,        1.00,        1.00,        0.00
     7073.00,       64.52,       35.38,        0.00,        0.00,        0.00,        0.00,        1.00,        4.25,        0.00,        0.00,        1.00,        1.00,        0.00
     7074.00,       64.52,       43.47,        0.00,        0.00,        0.00,        0.00,        1.00,        4.25,        0.00,        0.00,        1.00,        1.00,        0.00
     7075.00,       64.52,       39.84,        0.00,        0.00,        0.00,        0.00,        1.00,        4.25,        0.00,        0.00,        1.00,        1.00,        0.00
     7076.00,       64.52,       35.49,        0.00,        0.00,        0.00,        0.00,        1.00,        4.25,        0.00,        0.00,        1.00,        1.00,        0.00
     7077.00,       64.52,       31.61,        0.00,        0.00,        0.00,        0.00,        1.00,        4.25,        0.00,        0.00,        1.00,        1.00,        0.00
     7078.00,       64.52,       29.66,        0.00,        0.00,        0.00,        0.00,        1.00,        4.25,        0.00,        0.00,        1.00,        1.00,        0.00
     7079.00,       64.52,       27.19,        0.00,        0.00,        0.00,        0.00,        1.00,        4.25,        0.00,        0.00,        1.00,        1.00,        0.00
     7080.00,       64.52,       25.24,        0.00,        0.00,        0.00,        0.00,        1.00,        4.25,        0.00,        0.00,        1.00,        1.00,        0.00
     7081.00,       64.52,       24.48,        0.00,        0.00,        0.00,        0.00,        1.00,        4.25,        0.00,        0.00,        1.00,        1.00,        0.00
     7082.00,       64.52,       24.57,        0.00,        0.00,        0.00,        0.00,        1.00,        4.25,        0.00,        0.00,        1.00,        1.00,        0.00
     7083.00,       64.52,       24.49,        0.00,        0.00,        0.00,        0.00,        1.00,        4.25,        0.00,        0.00,        1.00,        1.00,        0.00
     7084.00,       64.52,       25.88,        0.00,        0.00,        0.00,        0.00,        1.00,        4.25,        0.00,        0.00,        1.00,        1.00,        0.00
     7085.00,       64.52,       28.17,        0.00,        0.00,        0.00,        0.00,        1.00,        4.25,        0.00,        0.00,        1.00,        1.00,        0.00
     7086.00,       64.52,       31.50,        0.00,        0.00,        0.00,        0.00,        1.00,        4.25,        0.00,        0.00,        1.00,        1.00,        0.00
     7087.00,       64.52,       33.88,        0.00,        0.00,        0.00,        0.00,        1.00,        4.25,        0.00,        0.00,        1.00,        1.00,        0.00
     7088.00,       64.52,       31.13,        0.00,        0.00,        0.00,        0.00,        1.00,        4.25,        0.00,        0.00,        1.00,        1.00,        0.00
     7089.00,       64.52,       28.46,        0.00,        0.00,        0.00,        0.00,        1.00,        4.25,        0.00,        0.00,        1.00,        1.00,        0.00
     7090.00,       64.52,       28.02,        0.00,        0.00,        0.00,        0.00,        1.00,        4.25,        0.00,        0.00,        1.00,        1.00,        0.00
     7091.00,       64.52,       28.04,        0.00,        0.00,        0.00,        0.00,        1.00,        4.25,        0.00,        0.00,        1.00,        1.00,        0.00
     7092.00,       64.52,       28.29,        0.00,        0.00,        0.00,        0.00,        1.00,        4.25,        0.00,        0.00,        1.00,        1.00,        0.00
     7093.00,       64.52,       29.29,        0.00,        0.00,        0.00,        0.00,        1.00,        4.25,        0.00,        0.00,        1.00,        1.00,        0.00
     7094.00,       64.52,       30.34,        0.00,        0.00,        0.00,        0.00,        1.00,        4.25,        0.00,        0.00,        1.00,        1.00,        0.00
     7095.00,       64.52,       31.96,        0.00,        0.00,        0.00,        0.00,        1.00,        4.25,        0.00,        0.00,        1.00,        1.00,        0.00
     7096.00,       64.52,       33.93,        0.00,        0.00,        0.00,        0.00,        1.00,        4.25,        0.00,        0.00,        1.00,        1.00,        0.00
     7097.00,       64.52,       38.51,        0.00,        0.00,        0.00,        0.00,        1.00,        4.25,        0.00,        0.00,        1.00,        1.00,        0.00
     7098.00,       64.52,       51.00,        0.00,        0.00,        0.00,        0.00,        1.00,        4.25,        0.00,        0.00,        1.00,        1.00,        0.00
     7099.00,       64.52,       43.22,        0.00,        0.00,        0.00,        0.00,        1.00,        4.25,        0.00,        0.00,        1.00,        1.00,        0.00
     7100.00,       64.52,       36.86,        0.00,        0.00,        0.00,        0.00,        1.00,        4.25,        0.00,        0.00,        1.00,        1.00,        0.00
     7101.00,       64.52,       32.97,        0.00,        0.00,        0.00,        0.00,        1.00,        4.25,        0.00,        0.00,        1.00,        1.00,        0.00
     7102.00,       64.52,       31.09,        0.00,        0.00,        0.00,        0.00,        1.00,        4.25,        0.00,        0.00,        1.00,        1.00,        0.00
     7103.00,       64.52,       29.23,        0.00,        0.00,        0.00,        0.00,        1.00,        4.25,        0.00,        0.00,        1.00,        1.00,        0.00
     7104.00,       64.52,       27.62,        0.00,        0.00,        0.00,        0.00,        1.00,        4.25,        0.00,        0.00,        1.00,        1.00,        0.00
     7105.00,       64.52,       27.36,        0.00,        0.00,        0.00,        0.00,        1.00,        4.25,        0.00,        0.00,        1.00,        1.00,        0.00
     7106.00,       64.52,       26.46,        0.00,        0.00,        0.00,        0.00,        1.00,        4.25,        0.00,        0.00,        1.00,        1.00,        0.00
     7107.00,       64.52,       25.19,        0.00,        0.00,        0.00,        0.00,        1.00,        4.25,        0.00,        0.00,        1.00,        1.00,        0.00
     7108.00,       64.52,       25.60,        0.00,        0.00,        0.00,        0.00,        1.00,        4.25,        0.00,        0.00,        1.00,        1.00,        0.00
     7109.00,       64.52,       26.85,        0.00,        0.00,        0.00,        0.00,        1.00,        4.25,        0.00,        0.00,        1.00,        1.00,        0.00
     7110.00,       64.52,       26.85,        0.00,        0.00,        0.00,        0.00,        1.00,        4.25,        0.00,        0.00,        1.00,        1.00,        0.00
     7111.00,       64.52,       27.33,        0.00,        0.00,        0.00,        0.00,        1.00,        4.25,        0.00,        0.00,        1.00,        1.00,        0.00
     7112.00,       64.52,       25.85,        0.00,        0.00,        0.00,        0.00,        1.00,        4.25,        0.00,        0.00,        1.00,        1.00,        0.00
     7113.00,       64.52,       25.23,        0.00,        0.00,        0.00,        0.00,        1.00,        4.25,        0.00,        0.00,        1.00,        1.00,        0.00
     7114.00,       64.52,       25.49,        0.00,        0.00,        0.00,        0.00,        1.00,        4.25,        0.00,        0.00,        1.00,        1.00,        0.00
     7115.00,       64.52,       27.54,        0.00,        0.00,        0.00,        0.00,        1.00,        4.25,        0.00,        0.00,        1.00,        1.00,        0.00
     7116.00,       64.52,       28.15,        0.00,        0.00,        0.00,        0.00,        1.00,        4.25,        0.00,        0.00,        1.00,        1.00,        0.00
     7117.00,       64.52,       28.40,        0.00,        0.00,        0.00,        0.00,        1.00,        4.25,        0.00,        0.00,        1.00,        1.00,        0.00
     7118.00,       64.52,       29.68,        0.00,        0.00,        0.00,        0.00,        1.00,        4.25,        0.00,        0.00,        1.00,        1.00,        0.00
     7119.00,       64.52,       29.90,        0.00,        0.00,        0.00,        0.00,        1.00,        4.25,        0.00,        0.00,        1.00,        1.00,        0.00
     7120.00,       64.52,       31.19,        0.00,        0.00,        0.00,        0.00,        1.00,        4.25,        0.00,        0.00,        1.00,        1.00,        0.00
     7121.00,       64.52,       39.87,        0.00,        0.00,        0.00,        0.00,        1.00,        4.25,        0.00,        0.00,        1.00,        1.00,        0.00
     7122.00,       64.52,       54.60,        0.00,        0.00,        0.00,        0.00,        1.00,        4.25,        0.00,        0.00,        1.00,        1.00,        0.00
     7123.00,       64.52,       44.56,        0.00,        0.00,        0.00,        0.00,        1.00,        4.25,        0.00,        0.00,        1.00,        1.00,        0.00
     7124.00,       64.52,       36.02,        0.00,        0.00,        0.00,        0.00,        1.00,        4.25,        0.00,        0.00,        1.00,        1.00,        0.00
     7125.00,       64.52,       32.75,        0.00,        0.00,        0.00,        0.00,        1.00,        4.25,        0.00,        0.00,        1.00,        1.00,        0.00
     7126.00,       64.52,       30.03,        0.00,        0.00,        0.00,        0.00,        1.00,        4.25,        0.00,        0.00,        1.00,        1.00,        0.00
     7127.00,       64.52,       29.48,        0.00,        0.00,        0.00,        0.00,        1.00,        4.25,        0.00,        0.00,        1.00,        1.00,        0.00
     7128.00,       64.52,       27.42,        0.00,        0.00,        0.00,        0.00,        1.00,        4.25,        0.00,        0.00,        1.00,        1.00,        0.00
     7129.00,       64.52,       26.76,        0.00,        0.00,        0.00,        0.00,        1.00,        4.25,        0.00,        0.00,        1.00,        1.00,        0.00
     7130.00,       64.52,       25.98,        0.00,        0.00,        0.00,        0.00,        1.00,        4.25,        0.00,        0.00,        1.00,        1.00,        0.00
     7131.00,       64.52,       25.07,        0.00,        0.00,        0.00,        0.00,        1.00,        4.25,        0.00,        0.00,        1.00,        1.00,        0.00
     7132.00,       64.52,       25.51,        0.00,        0.00,        0.00,        0.00,        1.00,        4.25,        0.00,        0.00,        1.00,        1.00,        0.00
     7133.00,       64.52,       27.11,        0.00,        0.00,        0.00,        0.00,        1.00,        4.25,        0.00,        0.00,        1.00,        1.00,        0.00
     7134.00,       64.52,       27.57,        0.00,        0.00,        0.00,        0.00,        1.00,        4.25,        0.00,        0.00,        1.00,        1.00,        0.00
     7135.00,       64.52,       27.47,        0.00,        0.00,        0.00,        0.00,        1.00,        4.25,        0.00,        0.00,        1.00,        1.00,        0.00
     7136.00,       64.52,       26.25,        0.00,        0.00,        0.00,        0.00,        1.00,        4.25,        0.00,        0.00,        1.00,        1.00,        0.00
     7137.00,       64.52,       25.18,        0.00,        0.00,        0.00,        0.00,        1.00,        4.25,        0.00,        0.00,        1.00,        1.00,        0.00
     7138.00,       64.52,       26.00,        0.00,        0.00,        0.00,        0.00,        1.00,        4.25,        0.00,        0.00,        1.00,        1.00,        0.00
     7139.00,       64.52,       27.54,        0.00,        0.00,        0.00,        0.00,        1.00,        4.25,        0.00,        0.00,        1.00,        1.00,        0.00
     7140.00,       64.52,       27.80,        0.00,        0.00,        0.00,        0.00,        1.00,        4.25,        0.00,        0.00,        1.00,        1.00,        0.00
     7141.00,       64.52,       27.88,        0.00,        0.00,        0.00,        0.00,        1.00,        4.25,        0.00,        0.00,        1.00,        1.00,        0.00
     7142.00,       64.52,       28.12,        0.00,        0.00,        0.00,        0.00,        1.00,        4.25,        0.00,        0.00,        1.00,        1.00,        0.00
     7143.00,       64.52,       29.09,        0.00,        0.00,        0.00,        0.00,        1.00,        4.25,        0.00,        0.00,        1.00,        1.00,        0.00
     7144.00,       64.52,       30.48,        0.00,        0.00,        0.00,        0.00,        1.00,        4.25,        0.00,        0.00,        1.00,        1.00,        0.00
     7145.00,       64.52,       35.21,        0.00,        0.00,        0.00,        0.00,        1.00,        4.25,        0.00,        0.00,        1.00,        1.00,        0.00
     7146.00,       64.52,       50.09,        0.00,        0.00,        0.00,        0.00,        1.00,        4.25,        0.00,        0.00,        1.00,        1.00,        0.00
     7147.00,       64.52,       41.20,        0.00,        0.00,        0.00,        0.00,        1.00,        4.25,        0.00,        0.00,        1.00,        1.00,        0.00
     7148.00,       64.52,       35.33,        0.00,        0.00,        0.00,        0.00,        1.00,        4.25,        0.00,        0.00,        1.00,        1.00,        0.00
     7149.00,       64.52,       31.78,        0.00,        0.00,        0.00,        0.00,        1.00,        4.25,        0.00,        0.00,        1.00,        1.00,        0.00
     7150.00,       64.52,       29.38,        0.00,        0.00,        0.00,        0.00,        1.00,        4.25,        0.00,        0.00,        1.00,        1.00,        0.00
     7151.00,       64.52,       27.61,        0.00,        0.00,        0.00,        0.00,        1.00,        4.25,        0.00,        0.00,        1.00,        1.00,        0.00
     7152.00,       64.52,       24.45,        0.00,        0.00,        0.00,        0.00,        1.00,        4.25,        0.00,        0.00,        1.00,        1.00,        0.00
     7153.00,       64.52,       24.17,        0.00,        0.00,        0.00,        0.00,        1.00,        4.25,        0.00,        0.00,        1.00,        1.00,        0.00
     7154.00,       64.52,       23.35,        0.00,        0.00,        0.00,        0.00,        1.00,        4.25,        0.00,        0.00,        1.00,        1.00,        0.00
     7155.00,       64.52,       22.62,        0.00,        0.00,        0.00,        0.00,        1.00,        4.25,        0.00,        0.00,        1.00,        1.00,        0.00
     7156.00,       64.52,       23.77,        0.00,        0.00,        0.00,        0.00,        1.00,        4.25,        0.00,        0.00,        1.00,        1.00,        0.00
     7157.00,       64.52,       27.80,        0.00,        0.00,        0.00,        0.00,        1.00,        4.25,        0.00,        0.00,        1.00,        1.00,        0.00
     7158.00,       64.52,       31.96,        0.00,        0.00,        0.00,        0.00,        1.00,        4.25,        0.00,        0.00,        1.00,        1.00,        0.00
     7159.00,       64.52,       34.18,        0.00,        0.00,        0.00,        0.00,        1.00,        4.25,        0.00,        0.00,        1.00,        1.00,        0.00
     7160.00,       64.52,       31.25,        0.00,        0.00,        0.00,        0.00,        1.00,        4.25,        0.00,        0.00,        1.00,        1.00,        0.00
     7161.00,       64.52,       29.08,        0.00,        0.00,        0.00,        0.00,        1.00,        4.25,        0.00,        0.00,        1.00,        1.00,        0.00
     7162.00,       64.52,       29.07,        0.00,        0.00,        0.00,        0.00,        1.00,        4.25,        0.00,        0.00,        1.00,        1.00,        0.00
     7163.00,       64.52,       29.35,        0.00,        0.00,        0.00,        0.00,        1.00,        4.25,        0.00,        0.00,        1.00,        1.00,        0.00
     7164.00,       64.52,       30.37,        0.00,        0.00,        0.00,        0.00,        1.00,        4.25,        0.00,        0.00,        1.00,        1.00,        0.00
     7165.00,       64.52,       30.69,        0.00,        0.00,        0.00,        0.00,        1.00,        4.25,        0.00,        0.00,        1.00,        1.00,        0.00
     7166.00,       64.52,       31.63,        0.00,        0.00,        0.00,        0.00,        1.00,        4.25,        0.00,        0.00,        1.00,        1.00,        0.00
     7167.00,       64.52,       32.67,        0.00,        0.00,        0.00,        0.00,        1.00,        4.25,        0.00,        0.00,        1.00,        1.00,        0.00
     7168.00,       64.52,       36.73,        0.00,        0.00,        0.00,        0.00,        1.00,        4.25,        0.00,        0.00,        1.00,        1.00,        0.00
     7169.00,       64.52,       43.68,        0.00,        0.00,        0.00,        0.00,        1.00,        4.25,        0.00,        0.00,        1.00,        1.00,        0.00
     7170.00,       64.52,       56.80,        0.00,        0.00,        0.00,        0.00,        1.00,        4.25,        0.00,        0.00,        1.00,        1.00,        0.00
     7171.00,       64.52,       45.60,        0.00,        0.00,        0.00,        0.00,        1.00,        4.25,        0.00,        0.00,        1.00,        1.00,        0.00
     7172.00,       64.52,       37.75,        0.00,        0.00,        0.00,        0.00,        1.00,        4.25,        0.00,        0.00,        1.00,        1.00,        0.00
     7173.00,       64.52,       34.97,        0.00,        0.00,        0.00,        0.00,        1.00,        4.25,        0.00,        0.00,        1.00,        1.00,        0.00
     7174.00,       64.52,       31.47,        0.00,        0.00,        0.00,        0.00,        1.00,        4.25,        0.00,        0.00,        1.00,        1.00,        0.00
     7175.00,       64.52,       29.26,        0.00,        0.00,        0.00,        0.00,        1.00,        4.25,        0.00,        0.00,        1.00,        1.00,        0.00
     7176.00,       64.52,       27.32,        0.00,        0.00,        0.00,        0.00,        1.00,        4.25,        0.00,        0.00,        1.00,        1.00,        0.00
     7177.00,       64.52,       26.60,        0.00,        0.00,        0.00,        0.00,        1.00,        4.25,        0.00,        0.00,        1.00,        1.00,        0.00
     7178.00,       64.52,       25.58,        0.00,        0.00,        0.00,        0.00,        1.00,        4.25,        0.00,        0.00,        1.00,        1.00,        0.00
     7179.00,       64.52,       24.60,        0.00,        0.00,        0.00,        0.00,        1.00,        4.25,        0.00,        0.00,        1.00,        1.00,        0.00
     7180.00,       64.52,       26.67,        0.00,        0.00,        0.00,        0.00,        1.00,        4.25,        0.00,        0.00,        1.00,        1.00,        0.00
     7181.00,       64.52,       28.84,        0.00,        0.00,        0.00,        0.00,        1.00,        4.25,        0.00,        0.00,        1.00,        1.00,        0.00
     7182.00,       64.52,       32.62,        0.00,        0.00,        0.00,        0.00,        1.00,        4.25,        0.00,        0.00,        1.00,        1.00,        0.00
     7183.00,       64.52,       33.86,        0.00,        0.00,        0.00,        0.00,        1.00,        4.25,        0.00,        0.00,        1.00,        1.00,        0.00
     7184.00,       64.52,       30.67,        0.00,        0.00,        0.00,        0.00,        1.00,        4.25,        0.00,        0.00,        1.00,        1.00,        0.00
     7185.00,       64.52,       29.89,        0.00,        0.00,        0.00,        0.00,        1.00,        4.25,        0.00,        0.00,        1.00,        1.00,        0.00
     7186.00,       64.52,       29.76,        0.00,        0.00,        0.00,        0.00,        1.00,        4.25,        0.00,        0.00,        1.00,        1.00,        0.00
     7187.00,       64.52,       29.78,        0.00,        0.00,        0.00,        0.00,        1.00,        4.25,        0.00,        0.00,        1.00,        1.00,        0.00
     7188.00,       64.52,       29.82,        0.00,        0.00,        0.00,        0.00,        1.00,        4.25,        0.00,        0.00,        1.00,        1.00,        0.00
     7189.00,       64.52,       30.07,        0.00,        0.00,        0.00,        0.00,        1.00,        4.25,        0.00,        0.00,        1.00,        1.00,        0.00
     7190.00,       64.52,       31.26,        0.00,        0.00,        0.00,        0.00,        1.00,        4.25,        0.00,        0.00,        1.00,        1.00,        0.00
     7191.00,       64.52,       32.04,        0.00,        0.00,        0.00,        0.00,        1.00,        4.25,        0.00,        0.00,        1.00,        1.00,        0.00
     7192.00,       64.52,       33.50,        0.00,        0.00,        0.00,        0.00,        1.00,        4.25,        0.00,        0.00,        1.00,        1.00,        0.00
     7193.00,       64.52,       41.04,        0.00,        0.00,        0.00,        0.00,        1.00,        4.25,        0.00,        0.00,        1.00,        1.00,        0.00
     7194.00,       64.52,       52.34,        0.00,        0.00,        0.00,        0.00,        1.00,        4.25,        0.00,        0.00,        1.00,        1.00,        0.00
     7195.00,       64.52,       49.97,        0.00,        0.00,        0.00,        0.00,        1.00,        4.25,        0.00,        0.00,        1.00,        1.00,        0.00
     7196.00,       64.52,       37.75,        0.00,        0.00,        0.00,        0.00,        1.00,        4.25,        0.00,        0.00,        1.00,        1.00,        0.00
     7197.00,       64.52,       33.46,        0.00,        0.00,        0.00,        0.00,        1.00,        4.25,        0.00,        0.00,        1.00,        1.00,        0.00
     7198.00,       64.52,       30.80,        0.00,        0.00,        0.00,        0.00,        1.00,        4.25,        0.00,        0.00,        1.00,        1.00,        0.00
     7199.00,       64.52,       29.23,        0.00,        0.00,        0.00,        0.00,        1.00,        4.25,        0.00,        0.00,        1.00,        1.00,        0.00
     7200.00,       64.52,       27.79,        0.00,        0.00,        0.00,        0.00,        1.00,        4.25,        0.00,        0.00,        1.00,        1.00,        0.00
     7201.00,       64.52,       26.57,        0.00,        0.00,        0.00,        0.00,        1.00,        4.25,        0.00,        0.00,        1.00,        1.00,        0.00
     7202.00,       64.52,       24.87,        0.00,        0.00,        0.00,        0.00,        1.00,        4.25,        0.00,        0.00,        1.00,        1.00,        0.00
     7203.00,       64.52,       25.25,        0.00,        0.00,        0.00,        0.00,        1.00,        4.25,        0.00,        0.00,        1.00,        1.00,        0.00
     7204.00,       64.52,       26.27,        0.00,        0.00,        0.00,        0.00,        1.00,        4.25,        0.00,        0.00,        1.00,        1.00,        0.00
     7205.00,       64.52,       29.59,        0.00,        0.00,        0.00,        0.00,        1.00,        4.25,        0.00,        0.00,        1.00,        1.00,        0.00
     7206.00,       64.52,       32.72,        0.00,        0.00,        0.00,        0.00,        1.00,        4.25,        0.00,        0.00,        1.00,        1.00,        0.00
     7207.00,       64.52,       36.78,        0.00,        0.00,        0.00,        0.00,        1.00,        4.25,        0.00,        0.00,        1.00,        1.00,        0.00
     7208.00,       64.52,       32.06,        0.00,        0.00,        0.00,        0.00,        1.00,        4.25,        0.00,        0.00,        1.00,        1.00,        0.00
     7209.00,       64.52,       30.72,        0.00,        0.00,        0.00,        0.00,        1.00,        4.25,        0.00,        0.00,        1.00,        1.00,        0.00
     7210.00,       64.52,       30.08,        0.00,        0.00,        0.00,        0.00,        1.00,        4.25,        0.00,        0.00,        1.00,        1.00,        0.00
     7211.00,       64.52,       29.58,        0.00,        0.00,        0.00,        0.00,        1.00,        4.25,        0.00,        0.00,        1.00,        1.00,        0.00
     7212.00,       64.52,       28.31,        0.00,        0.00,        0.00,        0.00,        1.00,        4.25,        0.00,        0.00,        1.00,        1.00,        0.00
     7213.00,       64.52,       29.44,        0.00,        0.00,        0.00,        0.00,        1.00,        4.25,        0.00,        0.00,        1.00,        1.00,        0.00
     7214.00,       64.52,       29.89,        0.00,        0.00,        0.00,        0.00,        1.00,        4.25,        0.00,        0.00,        1.00,        1.00,        0.00
     7215.00,       64.52,       32.23,        0.00,        0.00,        0.00,        0.00,        1.00,        4.25,        0.00,        0.00,        1.00,        1.00,        0.00
     7216.00,       64.52,       33.65,        0.00,        0.00,        0.00,        0.00,        1.00,        4.25,        0.00,        0.00,        1.00,        1.00,        0.00
     7217.00,       64.52,       36.96,        0.00,        0.00,        0.00,        0.00,        1.00,        4.25,        0.00,        0.00,        1.00,        1.00,        0.00
     7218.00,       64.52,       49.54,        0.00,        0.00,        0.00,        0.00,        1.00,        4.25,        0.00,        0.00,        1.00,        1.00,        0.00
     7219.00,       64.52,       41.25,        0.00,        0.00,        0.00,        0.00,        1.00,        4.25,        0.00,        0.00,        1.00,        1.00,        0.00
     7220.00,       64.52,       36.02,        0.00,        0.00,        0.00,        0.00,        1.00,        4.25,        0.00,        0.00,        1.00,        1.00,        0.00
     7221.00,       64.52,       31.71,        0.00,        0.00,        0.00,        0.00,        1.00,        4.25,        0.00,        0.00,        1.00,        1.00,        0.00
     7222.00,       64.52,       29.39,        0.00,        0.00,        0.00,        0.00,        1.00,        4.25,        0.00,        0.00,        1.00,        1.00,        0.00
     7223.00,       64.52,       28.21,        0.00,        0.00,        0.00,        0.00,        1.00,        4.25,        0.00,        0.00,        1.00,        1.00,        0.00
     7224.00,       64.52,       23.13,        0.00,        0.00,        0.00,        0.00,        1.00,        4.25,        0.00,        0.00,        1.00,        1.00,        0.00
     7225.00,       64.52,       22.40,        0.00,        0.00,        0.00,        0.00,        1.00,        4.25,        0.00,        0.00,        1.00,        1.00,        0.00
     7226.00,       64.52,       22.03,        0.00,        0.00,        0.00,        0.00,        1.00,        4.25,        0.00,        0.00,        1.00,        1.00,        0.00
     7227.00,       64.52,       22.34,        0.00,        0.00,        0.00,        0.00,        1.00,        4.25,        0.00,        0.00,        1.00,        1.00,        0.00
     7228.00,       64.52,       22.68,        0.00,        0.00,        0.00,        0.00,        1.00,        4.25,        0.00,        0.00,        1.00,        1.00,        0.00
     7229.00,       64.52,       26.21,        0.00,        0.00,        0.00,        0.00,        1.00,        4.25,        0.00,        0.00,        1.00,        1.00,        0.00
     7230.00,       64.52,       32.15,        0.00,        0.00,        0.00,        0.00,        1.00,        4.25,        0.00,        0.00,        1.00,        1.00,        0.00
     7231.00,       64.52,       36.54,        0.00,        0.00,        0.00,        0.00,        1.00,        4.25,        0.00,        0.00,        1.00,        1.00,        0.00
     7232.00,       64.52,       28.43,        0.00,        0.00,        0.00,        0.00,        1.00,        4.25,        0.00,        0.00,        1.00,        1.00,        0.00
     7233.00,       64.52,       26.22,        0.00,        0.00,        0.00,        0.00,        1.00,        4.25,        0.00,        0.00,        1.00,        1.00,        0.00
     7234.00,       64.52,       24.68,        0.00,        0.00,        0.00,        0.00,        1.00,        4.25,        0.00,        0.00,        1.00,        1.00,        0.00
     7235.00,       64.52,       24.90,        0.00,        0.00,        0.00,        0.00,        1.00,        4.25,        0.00,        0.00,        1.00,        1.00,        0.00
     7236.00,       64.52,       24.29,        0.00,        0.00,        0.00,        0.00,        1.00,        4.25,        0.00,        0.00,        1.00,        1.00,        0.00
     7237.00,       64.52,       24.01,        0.00,        0.00,        0.00,        0.00,        1.00,        4.25,        0.00,        0.00,        1.00,        1.00,        0.00
     7238.00,       64.52,       26.18,        0.00,        0.00,        0.00,        0.00,        1.00,        4.25,        0.00,        0.00,        1.00,        1.00,        0.00
     7239.00,       64.52,       28.09,        0.00,        0.00,        0.00,        0.00,        1.00,        4.25,        0.00,        0.00,        1.00,        1.00,        0.00
     7240.00,       64.52,       29.78,        0.00,        0.00,        0.00,        0.00,        1.00,        4.25,        0.00,        0.00,        1.00,        1.00,        0.00
     7241.00,       64.52,       33.43,        0.00,        0.00,        0.00,        0.00,        1.00,        4.25,        0.00,        0.00,        1.00,        1.00,        0.00
     7242.00,       64.52,       47.79,        0.00,        0.00,        0.00,        0.00,        1.00,        4.25,        0.00,        0.00,        1.00,        1.00,        0.00
     7243.00,       64.52,       40.15,        0.00,        0.00,        0.00,        0.00,        1.00,        4.25,        0.00,        0.00,        1.00,        1.00,        0.00
     7244.00,       64.52,       35.03,        0.00,        0.00,        0.00,        0.00,        1.00,        4.25,        0.00,        0.00,        1.00,        1.00,        0.00
     7245.00,       64.52,       30.32,        0.00,        0.00,        0.00,        0.00,        1.00,        4.25,        0.00,        0.00,        1.00,        1.00,        0.00
     7246.00,       64.52,       29.01,        0.00,        0.00,        0.00,        0.00,        1.00,        4.25,        0.00,        0.00,        1.00,        1.00,        0.00
     7247.00,       64.52,       27.65,        0.00,        0.00,        0.00,        0.00,        1.00,        4.25,        0.00,        0.00,        1.00,        1.00,        0.00
     7248.00,       64.52,       23.80,        0.00,        0.00,        0.00,        0.00,        1.00,        4.25,        0.00,        0.00,        1.00,        1.00,        0.00
     7249.00,       64.52,       23.36,        0.00,        0.00,        0.00,        0.00,        1.00,        4.25,        0.00,        0.00,        1.00,        1.00,        0.00
     7250.00,       64.52,       22.25,        0.00,        0.00,        0.00,        0.00,        1.00,        4.25,        0.00,        0.00,        1.00,        1.00,        0.00
     7251.00,       64.52,       23.12,        0.00,        0.00,        0.00,        0.00,        1.00,        4.25,        0.00,        0.00,        1.00,        1.00,        0.00
     7252.00,       64.52,       23.41,        0.00,        0.00,        0.00,        0.00,        1.00,        4.25,        0.00,        0.00,        1.00,        1.00,        0.00
     7253.00,       64.52,       28.17,        0.00,        0.00,        0.00,        0.00,        1.00,        4.25,        0.00,        0.00,        1.00,        1.00,        0.00
     7254.00,       64.52,       31.76,        0.00,        0.00,        0.00,        0.00,        1.00,        4.25,        0.00,        0.00,        1.00,        1.00,        0.00
     7255.00,       64.52,       35.67,        0.00,        0.00,        0.00,        0.00,        1.00,        4.25,        0.00,        0.00,        1.00,        1.00,        0.00
     7256.00,       64.52,       30.39,        0.00,        0.00,        0.00,        0.00,        1.00,        4.25,        0.00,        0.00,        1.00,        1.00,        0.00
     7257.00,       64.52,       27.53,        0.00,        0.00,        0.00,        0.00,        1.00,        4.25,        0.00,        0.00,        1.00,        1.00,        0.00
     7258.00,       64.52,       26.13,        0.00,        0.00,        0.00,        0.00,        1.00,        4.25,        0.00,        0.00,        1.00,        1.00,        0.00
     7259.00,       64.52,       26.55,        0.00,        0.00,        0.00,        0.00,        1.00,        4.25,        0.00,        0.00,        1.00,        1.00,        0.00
     7260.00,       64.52,       27.04,        0.00,        0.00,        0.00,        0.00,        1.00,        4.25,        0.00,        0.00,        1.00,        1.00,        0.00
     7261.00,       64.52,       27.30,        0.00,        0.00,        0.00,        0.00,        1.00,        4.25,        0.00,        0.00,        1.00,        1.00,        0.00
     7262.00,       64.52,       29.26,        0.00,        0.00,        0.00,        0.00,        1.00,        4.25,        0.00,        0.00,        1.00,        1.00,        0.00
     7263.00,       64.52,       32.08,        0.00,        0.00,        0.00,        0.00,        1.00,        4.25,        0.00,        0.00,        1.00,        1.00,        0.00
     7264.00,       64.52,       34.45,        0.00,        0.00,        0.00,        0.00,        1.00,        4.25,        0.00,        0.00,        1.00,        1.00,        0.00
     7265.00,       64.52,       39.38,        0.00,        0.00,        0.00,        0.00,        1.00,        4.25,        0.00,        0.00,        1.00,        1.00,        0.00
     7266.00,       64.52,       53.40,        0.00,        0.00,        0.00,        0.00,        1.00,        4.25,        0.00,        0.00,        1.00,        1.00,        0.00
     7267.00,       64.52,       44.98,        0.00,        0.00,        0.00,        0.00,        1.00,        4.25,        0.00,        0.00,        1.00,        1.00,        0.00
     7268.00,       64.52,       36.78,        0.00,        0.00,        0.00,        0.00,        1.00,        4.25,        0.00,        0.00,        1.00,        1.00,        0.00
     7269.00,       64.52,       32.68,        0.00,        0.00,        0.00,        0.00,        1.00,        4.25,        0.00,        0.00,        1.00,        1.00,        0.00
     7270.00,       64.52,       29.78,        0.00,        0.00,        0.00,        0.00,        1.00,        4.25,        0.00,        0.00,        1.00,        1.00,        0.00
     7271.00,       64.52,       28.21,        0.00,        0.00,        0.00,        0.00,        1.00,        4.25,        0.00,        0.00,        1.00,        1.00,        0.00
     7272.00,       64.52,       27.79,        0.00,        0.00,        0.00,        0.00,        1.00,        4.25,        0.00,        0.00,        1.00,        1.00,        0.00
     7273.00,       64.52,       26.34,        0.00,        0.00,        0.00,        0.00,        1.00,        4.25,        0.00,        0.00,        1.00,        1.00,        0.00
     7274.00,       64.52,       25.07,        0.00,        0.00,        0.00,        0.00,        1.00,        4.25,        0.00,        0.00,        1.00,        1.00,        0.00
     7275.00,       64.52,       24.65,        0.00,        0.00,        0.00,        0.00,        1.00,        4.25,        0.00,        0.00,        1.00,        1.00,        0.00
     7276.00,       64.52,       25.56,        0.00,        0.00,        0.00,        0.00,        1.00,        4.25,        0.00,        0.00,        1.00,        1.00,        0.00
     7277.00,       64.52,       26.05,        0.00,        0.00,        0.00,        0.00,        1.00,        4.25,        0.00,        0.00,        1.00,        1.00,        0.00
     7278.00,       64.52,       25.70,        0.00,        0.00,        0.00,        0.00,        1.00,        4.25,        0.00,        0.00,        1.00,        1.00,        0.00
     7279.00,       64.52,       28.16,        0.00,        0.00,        0.00,        0.00,        1.00,        4.25,        0.00,        0.00,        1.00,        1.00,        0.00
     7280.00,       64.52,       24.71,        0.00,        0.00,        0.00,        0.00,        1.00,        4.25,        0.00,        0.00,        1.00,        1.00,        0.00
     7281.00,       64.52,       24.06,        0.00,        0.00,        0.00,        0.00,        1.00,        4.25,        0.00,        0.00,        1.00,        1.00,        0.00
     7282.00,       64.52,       23.51,        0.00,        0.00,        0.00,        0.00,        1.00,        4.25,        0.00,        0.00,        1.00,        1.00,        0.00
     7283.00,       64.52,       23.50,        0.00,        0.00,        0.00,        0.00,        1.00,        4.25,        0.00,        0.00,        1.00,        1.00,        0.00
     7284.00,       64.52,       23.08,        0.00,        0.00,        0.00,        0.00,        1.00,        4.25,        0.00,        0.00,        1.00,        1.00,        0.00
     7285.00,       64.52,       23.33,        0.00,        0.00,        0.00,        0.00,        1.00,        4.25,        0.00,        0.00,        1.00,        1.00,        0.00
     7286.00,       64.52,       26.45,        0.00,        0.00,        0.00,        0.00,        1.00,        4.25,        0.00,        0.00,        1.00,        1.00,        0.00
     7287.00,       64.52,       29.15,        0.00,        0.00,        0.00,        0.00,        1.00,        4.25,        0.00,        0.00,        1.00,        1.00,        0.00
     7288.00,       64.52,       31.22,        0.00,        0.00,        0.00,        0.00,        1.00,        4.25,        0.00,        0.00,        1.00,        1.00,        0.00
     7289.00,       64.52,       36.07,        0.00,        0.00,        0.00,        0.00,        1.00,        4.25,        0.00,        0.00,        1.00,        1.00,        0.00
     7290.00,       64.52,       51.66,        0.00,        0.00,        0.00,        0.00,        1.00,        4.25,        0.00,        0.00,        1.00,        1.00,        0.00
     7291.00,       64.52,       40.22,        0.00,        0.00,        0.00,        0.00,        1.00,        4.25,        0.00,        0.00,        1.00,        1.00,        0.00
     7292.00,       64.52,       34.01,        0.00,        0.00,        0.00,        0.00,        1.00,        4.25,        0.00,        0.00,        1.00,        1.00,        0.00
     7293.00,       64.52,       30.03,        0.00,        0.00,        0.00,        0.00,        1.00,        4.25,        0.00,        0.00,        1.00,        1.00,        0.00
     7294.00,       64.52,       27.31,        0.00,        0.00,        0.00,        0.00,        1.00,        4.25,        0.00,        0.00,        1.00,        1.00,        0.00
     7295.00,       64.52,       25.83,        0.00,        0.00,        0.00,        0.00,        1.00,        4.25,        0.00,        0.00,        1.00,        1.00,        0.00
     7296.00,       64.52,       33.88,        0.00,        0.00,        0.00,        0.00,        1.00,        4.25,        0.00,        0.00,        1.00,        1.00,        0.00
     7297.00,       64.52,       28.25,        0.00,        0.00,        0.00,        0.00,        1.00,        4.25,        0.00,        0.00,        1.00,        1.00,        0.00
     7298.00,       64.52,       27.42,        0.00,        0.00,        0.00,        0.00,        1.00,        4.25,        0.00,        0.00,        1.00,        1.00,        0.00
     7299.00,       64.52,       26.24,        0.00,        0.00,        0.00,        0.00,        1.00,        4.25,        0.00,        0.00,        1.00,        1.00,        0.00
     7300.00,       64.52,       26.50,        0.00,        0.00,        0.00,        0.00,        1.00,        4.25,        0.00,        0.00,        1.00,        1.00,        0.00
     7301.00,       64.52,       26.91,        0.00,        0.00,        0.00,        0.00,        1.00,        4.25,        0.00,        0.00,        1.00,        1.00,        0.00
     7302.00,       64.52,       27.17,        0.00,        0.00,        0.00,        0.00,        1.00,        4.25,        0.00,        0.00,        1.00,        1.00,        0.00
     7303.00,       64.52,       26.26,        0.00,        0.00,        0.00,        0.00,        1.00,        4.25,        0.00,        0.00,        1.00,        1.00,        0.00
     7304.00,       64.52,       25.10,        0.00,        0.00,        0.00,        0.00,        1.00,        4.25,        0.00,        0.00,        1.00,        1.00,        0.00
     7305.00,       64.52,       20.51,        0.00,        0.00,        0.00,        0.00,        1.00,        4.25,        0.00,        0.00,        1.00,        1.00,        0.00
     7306.00,       64.52,       19.68,        0.00,        0.00,        0.00,        0.00,        1.00,        4.25,        0.00,        0.00,        1.00,        1.00,        0.00
     7307.00,       64.52,       19.38,        0.00,        0.00,        0.00,        0.00,        1.00,        4.25,        0.00,        0.00,        1.00,        1.00,        0.00
     7308.00,       64.52,       23.13,        0.00,        0.00,        0.00,        0.00,        1.00,        4.25,        0.00,        0.00,        1.00,        1.00,        0.00
     7309.00,       64.52,       22.20,        0.00,        0.00,        0.00,        0.00,        1.00,        4.25,        0.00,        0.00,        1.00,        1.00,        0.00
     7310.00,       64.52,       23.66,        0.00,        0.00,        0.00,        0.00,        1.00,        4.25,        0.00,        0.00,        1.00,        1.00,        0.00
     7311.00,       64.52,       27.02,        0.00,        0.00,        0.00,        0.00,        1.00,        4.25,        0.00,        0.00,        1.00,        1.00,        0.00
     7312.00,       64.52,       29.03,        0.00,        0.00,        0.00,        0.00,        1.00,        4.25,        0.00,        0.00,        1.00,        1.00,        0.00
     7313.00,       64.52,       33.53,        0.00,        0.00,        0.00,        0.00,        1.00,        4.25,        0.00,        0.00,        1.00,        1.00,        0.00
     7314.00,       64.52,       45.22,        0.00,        0.00,        0.00,        0.00,        1.00,        4.25,        0.00,        0.00,        1.00,        1.00,        0.00
     7315.00,       64.52,       49.12,        0.00,        0.00,        0.00,        0.00,        1.00,        4.25,        0.00,        0.00,        1.00,        1.00,        0.00
     7316.00,       64.52,       43.36,        0.00,        0.00,        0.00,        0.00,        1.00,        4.25,        0.00,        0.00,        1.00,        1.00,        0.00
     7317.00,       64.52,       36.99,        0.00,        0.00,        0.00,        0.00,        1.00,        4.25,        0.00,        0.00,        1.00,        1.00,        0.00
     7318.00,       64.52,       32.50,        0.00,        0.00,        0.00,        0.00,        1.00,        4.25,        0.00,        0.00,        1.00,        1.00,        0.00
     7319.00,       64.52,       30.54,        0.00,        0.00,        0.00,        0.00,        1.00,        4.25,        0.00,        0.00,        1.00,        1.00,        0.00
     7320.00,       64.52,       28.04,        0.00,        0.00,        0.00,        0.00,        1.00,        4.25,        0.00,        0.00,        1.00,        1.00,        0.00
     7321.00,       64.52,       25.28,        0.00,        0.00,        0.00,        0.00,        1.00,        4.25,        0.00,        0.00,        1.00,        1.00,        0.00
     7322.00,       64.52,       23.72,        0.00,        0.00,        0.00,        0.00,        1.00,        4.25,        0.00,        0.00,        1.00,        1.00,        0.00
     7323.00,       64.52,       22.43,        0.00,        0.00,        0.00,        0.00,        1.00,        4.25,        0.00,        0.00,        1.00,        1.00,        0.00
     7324.00,       64.52,       22.45,        0.00,        0.00,        0.00,        0.00,        1.00,        4.25,        0.00,        0.00,        1.00,        1.00,        0.00
     7325.00,       64.52,       23.86,        0.00,        0.00,        0.00,        0.00,        1.00,        4.25,        0.00,        0.00,        1.00,        1.00,        0.00
     7326.00,       64.52,       29.29,        0.00,        0.00,        0.00,        0.00,        1.00,        4.25,        0.00,        0.00,        1.00,        1.00,        0.00
     7327.00,       64.52,       32.42,        0.00,        0.00,        0.00,        0.00,        1.00,        4.25,        0.00,        0.00,        1.00,        1.00,        0.00
     7328.00,       64.52,       32.86,        0.00,        0.00,        0.00,        0.00,        1.00,        4.25,        0.00,        0.00,        1.00,        1.00,        0.00
     7329.00,       64.52,       29.97,        0.00,        0.00,        0.00,        0.00,        1.00,        4.25,        0.00,        0.00,        1.00,        1.00,        0.00
     7330.00,       64.52,       31.04,        0.00,        0.00,        0.00,        0.00,        1.00,        4.25,        0.00,        0.00,        1.00,        1.00,        0.00
     7331.00,       64.52,       31.96,        0.00,        0.00,        0.00,        0.00,        1.00,        4.25,        0.00,        0.00,        1.00,        1.00,        0.00
     7332.00,       64.52,       31.88,        0.00,        0.00,        0.00,        0.00,        1.00,        4.25,        0.00,        0.00,        1.00,        1.00,        0.00
     7333.00,       64.52,       31.03,        0.00,        0.00,        0.00,        0.00,        1.00,        4.25,        0.00,        0.00,        1.00,        1.00,        0.00
     7334.00,       64.52,       30.37,        0.00,        0.00,        0.00,        0.00,        1.00,        4.25,        0.00,        0.00,        1.00,        1.00,        0.00
     7335.00,       64.52,       30.78,        0.00,        0.00,        0.00,        0.00,        1.00,        4.25,        0.00,        0.00,        1.00,        1.00,        0.00
     7336.00,       64.52,       31.71,        0.00,        0.00,        0.00,        0.00,        1.00,        4.25,        0.00,        0.00,        1.00,        1.00,        0.00
     7337.00,       64.52,       37.49,        0.00,        0.00,        0.00,        0.00,        1.00,        4.25,        0.00,        0.00,        1.00,        1.00,        0.00
     7338.00,       64.52,       48.98,        0.00,        0.00,        0.00,        0.00,        1.00,        4.25,        0.00,        0.00,        1.00,        1.00,        0.00
     7339.00,       64.52,       48.75,        0.00,        0.00,        0.00,        0.00,        1.00,        4.25,        0.00,        0.00,        1.00,        1.00,        0.00
     7340.00,       64.52,       38.85,        0.00,        0.00,        0.00,        0.00,        1.00,        4.25,        0.00,        0.00,        1.00,        1.00,        0.00
     7341.00,       64.52,       33.07,        0.00,        0.00,        0.00,        0.00,        1.00,        4.25,        0.00,        0.00,        1.00,        1.00,        0.00
     7342.00,       64.52,       31.43,        0.00,        0.00,        0.00,        0.00,        1.00,        4.25,        0.00,        0.00,        1.00,        1.00,        0.00
     7343.00,       64.52,       29.23,        0.00,        0.00,        0.00,        0.00,        1.00,        4.25,        0.00,        0.00,        1.00,        1.00,        0.00
     7344.00,       64.52,       27.14,        0.00,        0.00,        0.00,        0.00,        1.00,        4.25,        0.00,        0.00,        1.00,        1.00,        0.00
     7345.00,       64.52,       25.22,        0.00,        0.00,        0.00,        0.00,        1.00,        4.25,        0.00,        0.00,        1.00,        1.00,        0.00
     7346.00,       64.52,       24.39,        0.00,        0.00,        0.00,        0.00,        1.00,        4.25,        0.00,        0.00,        1.00,        1.00,        0.00
     7347.00,       64.52,       23.15,        0.00,        0.00,        0.00,        0.00,        1.00,        4.25,        0.00,        0.00,        1.00,        1.00,        0.00
     7348.00,       64.52,       23.21,        0.00,        0.00,        0.00,        0.00,        1.00,        4.25,        0.00,        0.00,        1.00,        1.00,        0.00
     7349.00,       64.52,       25.94,        0.00,        0.00,        0.00,        0.00,        1.00,        4.25,        0.00,        0.00,        1.00,        1.00,        0.00
     7350.00,       64.52,       33.07,        0.00,        0.00,        0.00,        0.00,        1.00,        4.25,        0.00,        0.00,        1.00,        1.00,        0.00
     7351.00,       64.52,       39.34,        0.00,        0.00,        0.00,        0.00,        1.00,        4.25,        0.00,        0.00,        1.00,        1.00,        0.00
     7352.00,       64.52,       38.72,        0.00,        0.00,        0.00,        0.00,        1.00,        4.25,        0.00,        0.00,        1.00,        1.00,        0.00
     7353.00,       64.52,       35.33,        0.00,        0.00,        0.00,        0.00,        1.00,        4.25,        0.00,        0.00,        1.00,        1.00,        0.00
     7354.00,       64.52,       36.36,        0.00,        0.00,        0.00,        0.00,        1.00,        4.25,        0.00,        0.00,        1.00,        1.00,        0.00
     7355.00,       64.52,       31.77,        0.00,        0.00,        0.00,        0.00,        1.00,        4.25,        0.00,        0.00,        1.00,        1.00,        0.00
     7356.00,       64.52,       28.61,        0.00,        0.00,        0.00,        0.00,        1.00,        4.25,        0.00,        0.00,        1.00,        1.00,        0.00
     7357.00,       64.52,       28.20,        0.00,        0.00,        0.00,        0.00,        1.00,        4.25,        0.00,        0.00,        1.00,        1.00,        0.00
     7358.00,       64.52,       27.26,        0.00,        0.00,        0.00,        0.00,        1.00,        4.25,        0.00,        0.00,        1.00,        1.00,        0.00
     7359.00,       64.52,       30.12,        0.00,        0.00,        0.00,        0.00,        1.00,        4.25,        0.00,        0.00,        1.00,        1.00,        0.00
     7360.00,       64.52,       32.22,        0.00,        0.00,        0.00,        0.00,        1.00,        4.25,        0.00,        0.00,        1.00,        1.00,        0.00
     7361.00,       64.52,       39.08,        0.00,        0.00,        0.00,        0.00,        1.00,        4.25,        0.00,        0.00,        1.00,        1.00,        0.00
     7362.00,       64.52,       56.86,        0.00,        0.00,        0.00,        0.00,        1.00,        4.25,        0.00,        0.00,        1.00,        1.00,        0.00
     7363.00,       64.52,       57.75,        0.00,        0.00,        0.00,        0.00,        1.00,        4.25,        0.00,        0.00,        1.00,        1.00,        0.00
     7364.00,       64.52,       43.81,        0.00,        0.00,        0.00,        0.00,        1.00,        4.25,        0.00,        0.00,        1.00,        1.00,        0.00
     7365.00,       64.52,       37.82,        0.00,        0.00,        0.00,        0.00,        1.00,        4.25,        0.00,        0.00,        1.00,        1.00,        0.00
     7366.00,       64.52,       32.41,        0.00,        0.00,        0.00,        0.00,        1.00,        4.25,        0.00,        0.00,        1.00,        1.00,        0.00
     7367.00,       64.52,       30.92,        0.00,        0.00,        0.00,        0.00,        1.00,        4.25,        0.00,        0.00,        1.00,        1.00,        0.00
     7368.00,       64.52,       28.27,        0.00,        0.00,        0.00,        0.00,        1.00,        4.25,        0.00,        0.00,        1.00,        1.00,        0.00
     7369.00,       64.52,       24.58,        0.00,        0.00,        0.00,        0.00,        1.00,        4.25,        0.00,        0.00,        1.00,        1.00,        0.00
     7370.00,       64.52,       24.56,        0.00,        0.00,        0.00,        0.00,        1.00,        4.25,        0.00,        0.00,        1.00,        1.00,        0.00
     7371.00,       64.52,       23.48,        0.00,        0.00,        0.00,        0.00,        1.00,        4.25,        0.00,        0.00,        1.00,        1.00,        0.00
     7372.00,       64.52,       23.99,        0.00,        0.00,        0.00,        0.00,        1.00,        4.25,        0.00,        0.00,        1.00,        1.00,        0.00
     7373.00,       64.52,       25.72,        0.00,        0.00,        0.00,        0.00,        1.00,        4.25,        0.00,        0.00,        1.00,        1.00,        0.00
     7374.00,       64.52,       30.86,        0.00,        0.00,        0.00,        0.00,        1.00,        4.25,        0.00,        0.00,        1.00,        1.00,        0.00
     7375.00,       64.52,       35.72,        0.00,        0.00,        0.00,        0.00,        1.00,        4.25,        0.00,        0.00,        1.00,        1.00,        0.00
     7376.00,       64.52,       34.79,        0.00,        0.00,        0.00,        0.00,        1.00,        4.25,        0.00,        0.00,        1.00,        1.00,        0.00
     7377.00,       64.52,       34.03,        0.00,        0.00,        0.00,        0.00,        1.00,        4.25,        0.00,        0.00,        1.00,        1.00,        0.00
     7378.00,       64.52,       34.54,        0.00,        0.00,        0.00,        0.00,        1.00,        4.25,        0.00,        0.00,        1.00,        1.00,        0.00
     7379.00,       64.52,       31.09,        0.00,        0.00,        0.00,        0.00,        1.00,        4.25,        0.00,        0.00,        1.00,        1.00,        0.00
     7380.00,       64.52,       31.48,        0.00,        0.00,        0.00,        0.00,        1.00,        4.25,        0.00,        0.00,        1.00,        1.00,        0.00
     7381.00,       64.52,       26.10,        0.00,        0.00,        0.00,        0.00,        1.00,        4.25,        0.00,        0.00,        1.00,        1.00,        0.00
     7382.00,       64.52,       26.84,        0.00,        0.00,        0.00,        0.00,        1.00,        4.25,        0.00,        0.00,        1.00,        1.00,        0.00
     7383.00,       64.52,       28.00,        0.00,        0.00,        0.00,        0.00,        1.00,        4.25,        0.00,        0.00,        1.00,        1.00,        0.00
     7384.00,       64.52,       28.80,        0.00,        0.00,        0.00,        0.00,        1.00,        4.25,        0.00,        0.00,        1.00,        1.00,        0.00
     7385.00,       64.52,       33.03,        0.00,        0.00,        0.00,        0.00,        1.00,        4.25,        0.00,        0.00,        1.00,        1.00,        0.00
     7386.00,       64.52,       58.96,        0.00,        0.00,        0.00,        0.00,        1.00,        4.25,        0.00,        0.00,        1.00,        1.00,        0.00
     7387.00,       64.52,       56.83,        0.00,        0.00,        0.00,        0.00,        1.00,        4.25,        0.00,        0.00,        1.00,        1.00,        0.00
     7388.00,       64.52,       38.28,        0.00,        0.00,        0.00,        0.00,        1.00,        4.25,        0.00,        0.00,        1.00,        1.00,        0.00
     7389.00,       64.52,       35.49,        0.00,        0.00,        0.00,        0.00,        1.00,        4.25,        0.00,        0.00,        1.00,        1.00,        0.00
     7390.00,       64.52,       31.46,        0.00,        0.00,        0.00,        0.00,        1.00,        4.25,        0.00,        0.00,        1.00,        1.00,        0.00
     7391.00,       64.52,       30.34,        0.00,        0.00,        0.00,        0.00,        1.00,        4.25,        0.00,        0.00,        1.00,        1.00,        0.00
     7392.00,       64.52,       28.79,        0.00,        0.00,        0.00,        0.00,        1.00,        4.25,        0.00,        0.00,        1.00,        1.00,        0.00
     7393.00,       64.52,       26.63,        0.00,        0.00,        0.00,        0.00,        1.00,        4.25,        0.00,        0.00,        1.00,        1.00,        0.00
     7394.00,       64.52,       26.64,        0.00,        0.00,        0.00,        0.00,        1.00,        4.25,        0.00,        0.00,        1.00,        1.00,        0.00
     7395.00,       64.52,       25.51,        0.00,        0.00,        0.00,        0.00,        1.00,        4.25,        0.00,        0.00,        1.00,        1.00,        0.00
     7396.00,       64.52,       26.83,        0.00,        0.00,        0.00,        0.00,        1.00,        4.25,        0.00,        0.00,        1.00,        1.00,        0.00
     7397.00,       64.52,       26.75,        0.00,        0.00,        0.00,        0.00,        1.00,        4.25,        0.00,        0.00,        1.00,        1.00,        0.00
     7398.00,       64.52,       33.06,        0.00,        0.00,        0.00,        0.00,        1.00,        4.25,        0.00,        0.00,        1.00,        1.00,        0.00
     7399.00,       64.52,       39.34,        0.00,        0.00,        0.00,        0.00,        1.00,        4.25,        0.00,        0.00,        1.00,        1.00,        0.00
     7400.00,       64.52,       35.33,        0.00,        0.00,        0.00,        0.00,        1.00,        4.25,        0.00,        0.00,        1.00,        1.00,        0.00
     7401.00,       64.52,       30.64,        0.00,        0.00,        0.00,        0.00,        1.00,        4.25,        0.00,        0.00,        1.00,        1.00,        0.00
     7402.00,       64.52,       28.75,        0.00,        0.00,        0.00,        0.00,        1.00,        4.25,        0.00,        0.00,        1.00,        1.00,        0.00
     7403.00,       64.52,       26.80,        0.00,        0.00,        0.00,        0.00,        1.00,        4.25,        0.00,        0.00,        1.00,        1.00,        0.00
     7404.00,       64.52,       26.97,        0.00,        0.00,        0.00,        0.00,        1.00,        4.25,        0.00,        0.00,        1.00,        1.00,        0.00
     7405.00,       64.52,       26.19,        0.00,        0.00,        0.00,        0.00,        1.00,        4.25,        0.00,        0.00,        1.00,        1.00,        0.00
     7406.00,       64.52,       26.12,        0.00,        0.00,        0.00,        0.00,        1.00,        4.25,        0.00,        0.00,        1.00,        1.00,        0.00
     7407.00,       64.52,       28.61,        0.00,        0.00,        0.00,        0.00,        1.00,        4.25,        0.00,        0.00,        1.00,        1.00,        0.00
     7408.00,       64.52,       30.60,        0.00,        0.00,        0.00,        0.00,        1.00,        4.25,        0.00,        0.00,        1.00,        1.00,        0.00
     7409.00,       64.52,       36.85,        0.00,        0.00,        0.00,        0.00,        1.00,        4.25,        0.00,        0.00,        1.00,        1.00,        0.00
     7410.00,       64.52,       56.88,        0.00,        0.00,        0.00,        0.00,        1.00,        4.25,        0.00,        0.00,        1.00,        1.00,        0.00
     7411.00,       64.52,       56.64,        0.00,        0.00,        0.00,        0.00,        1.00,        4.25,        0.00,        0.00,        1.00,        1.00,        0.00
     7412.00,       64.52,       39.88,        0.00,        0.00,        0.00,        0.00,        1.00,        4.25,        0.00,        0.00,        1.00,        1.00,        0.00
     7413.00,       64.52,       35.87,        0.00,        0.00,        0.00,        0.00,        1.00,        4.25,        0.00,        0.00,        1.00,        1.00,        0.00
     7414.00,       64.52,       33.10,        0.00,        0.00,        0.00,        0.00,        1.00,        4.25,        0.00,        0.00,        1.00,        1.00,        0.00
     7415.00,       64.52,       30.55,        0.00,        0.00,        0.00,        0.00,        1.00,        4.25,        0.00,        0.00,        1.00,        1.00,        0.00
     7416.00,       64.52,       28.47,        0.00,        0.00,        0.00,        0.00,        1.00,        4.25,        0.00,        0.00,        1.00,        1.00,        0.00
     7417.00,       64.52,       29.08,        0.00,        0.00,        0.00,        0.00,        1.00,        4.25,        0.00,        0.00,        1.00,        1.00,        0.00
     7418.00,       64.52,       28.89,        0.00,        0.00,        0.00,        0.00,        1.00,        4.25,        0.00,        0.00,        1.00,        1.00,        0.00
     7419.00,       64.52,       27.59,        0.00,        0.00,        0.00,        0.00,        1.00,        4.25,        0.00,        0.00,        1.00,        1.00,        0.00
     7420.00,       64.52,       27.96,        0.00,        0.00,        0.00,        0.00,        1.00,        4.25,        0.00,        0.00,        1.00,        1.00,        0.00
     7421.00,       64.52,       29.53,        0.00,        0.00,        0.00,        0.00,        1.00,        4.25,        0.00,        0.00,        1.00,        1.00,        0.00
     7422.00,       64.52,       36.98,        0.00,        0.00,        0.00,        0.00,        1.00,        4.25,        0.00,        0.00,        1.00,        1.00,        0.00
     7423.00,       64.52,       43.69,        0.00,        0.00,        0.00,        0.00,        1.00,        4.25,        0.00,        0.00,        1.00,        1.00,        0.00
     7424.00,       64.52,       37.59,        0.00,        0.00,        0.00,        0.00,        1.00,        4.25,        0.00,        0.00,        1.00,        1.00,        0.00
     7425.00,       64.52,       31.60,        0.00,        0.00,        0.00,        0.00,        1.00,        4.25,        0.00,        0.00,        1.00,        1.00,        0.00
     7426.00,       64.52,       30.32,        0.00,        0.00,        0.00,        0.00,        1.00,        4.25,        0.00,        0.00,        1.00,        1.00,        0.00
     7427.00,       64.52,       28.26,        0.00,        0.00,        0.00,        0.00,        1.00,        4.25,        0.00,        0.00,        1.00,        1.00,        0.00
     7428.00,       64.52,       29.41,        0.00,        0.00,        0.00,        0.00,        1.00,        4.25,        0.00,        0.00,        1.00,        1.00,        0.00
     7429.00,       64.52,       27.59,        0.00,        0.00,        0.00,        0.00,        1.00,        4.25,        0.00,        0.00,        1.00,        1.00,        0.00
     7430.00,       64.52,       28.41,        0.00,        0.00,        0.00,        0.00,        1.00,        4.25,        0.00,        0.00,        1.00,        1.00,        0.00
     7431.00,       64.52,       28.37,        0.00,        0.00,        0.00,        0.00,        1.00,        4.25,        0.00,        0.00,        1.00,        1.00,        0.00
     7432.00,       64.52,       31.20,        0.00,        0.00,        0.00,        0.00,        1.00,        4.25,        0.00,        0.00,        1.00,        1.00,        0.00
     7433.00,       64.52,       39.02,        0.00,        0.00,        0.00,        0.00,        1.00,        4.25,        0.00,        0.00,        1.00,        1.00,        0.00
     7434.00,       64.52,       54.60,        0.00,        0.00,        0.00,        0.00,        1.00,        4.25,        0.00,        0.00,        1.00,        1.00,        0.00
     7435.00,       64.52,       49.48,        0.00,        0.00,        0.00,        0.00,        1.00,        4.25,        0.00,        0.00,        1.00,        1.00,        0.00
     7436.00,       64.52,       41.46,        0.00,        0.00,        0.00,        0.00,        1.00,        4.25,        0.00,        0.00,        1.00,        1.00,        0.00
     7437.00,       64.52,       38.12,        0.00,        0.00,        0.00,        0.00,        1.00,        4.25,        0.00,        0.00,        1.00,        1.00,        0.00
     7438.00,       64.52,       33.06,        0.00,        0.00,        0.00,        0.00,        1.00,        4.25,        0.00,        0.00,        1.00,        1.00,        0.00
     7439.00,       64.52,       32.35,        0.00,        0.00,        0.00,        0.00,        1.00,        4.25,        0.00,        0.00,        1.00,        1.00,        0.00
     7440.00,       64.52,       29.49,        0.00,        0.00,        0.00,        0.00,        1.00,        4.25,        0.00,        0.00,        1.00,        1.00,        0.00
     7441.00,       64.52,       32.11,        0.00,        0.00,        0.00,        0.00,        1.00,        4.25,        0.00,        0.00,        1.00,        1.00,        0.00
     7442.00,       64.52,       30.97,        0.00,        0.00,        0.00,        0.00,        1.00,        4.25,        0.00,        0.00,        1.00,        1.00,        0.00
     7443.00,       64.52,       28.42,        0.00,        0.00,        0.00,        0.00,        1.00,        4.25,        0.00,        0.00,        1.00,        1.00,        0.00
     7444.00,       64.52,       29.46,        0.00,        0.00,        0.00,        0.00,        1.00,        4.25,        0.00,        0.00,        1.00,        1.00,        0.00
     7445.00,       64.52,       32.13,        0.00,        0.00,        0.00,        0.00,        1.00,        4.25,        0.00,        0.00,        1.00,        1.00,        0.00
     7446.00,       64.52,       33.92,        0.00,        0.00,        0.00,        0.00,        1.00,        4.25,        0.00,        0.00,        1.00,        1.00,        0.00
     7447.00,       64.52,       33.24,        0.00,        0.00,        0.00,        0.00,        1.00,        4.25,        0.00,        0.00,        1.00,        1.00,        0.00
     7448.00,       64.52,       30.74,        0.00,        0.00,        0.00,        0.00,        1.00,        4.25,        0.00,        0.00,        1.00,        1.00,        0.00
     7449.00,       64.52,       26.96,        0.00,        0.00,        0.00,        0.00,        1.00,        4.25,        0.00,        0.00,        1.00,        1.00,        0.00
     7450.00,       64.52,       25.60,        0.00,        0.00,        0.00,        0.00,        1.00,        4.25,        0.00,        0.00,        1.00,        1.00,        0.00
     7451.00,       64.52,       24.79,        0.00,        0.00,        0.00,        0.00,        1.00,        4.25,        0.00,        0.00,        1.00,        1.00,        0.00
     7452.00,       64.52,       26.59,        0.00,        0.00,        0.00,        0.00,        1.00,        4.25,        0.00,        0.00,        1.00,        1.00,        0.00
     7453.00,       64.52,       24.15,        0.00,        0.00,        0.00,        0.00,        1.00,        4.25,        0.00,        0.00,        1.00,        1.00,        0.00
     7454.00,       64.52,       23.87,        0.00,        0.00,        0.00,        0.00,        1.00,        4.25,        0.00,        0.00,        1.00,        1.00,        0.00
     7455.00,       64.52,       24.53,        0.00,        0.00,        0.00,        0.00,        1.00,        4.25,        0.00,        0.00,        1.00,        1.00,        0.00
     7456.00,       64.52,       29.15,        0.00,        0.00,        0.00,        0.00,        1.00,        4.25,        0.00,        0.00,        1.00,        1.00,        0.00
     7457.00,       64.52,       36.28,        0.00,        0.00,        0.00,        0.00,        1.00,        4.25,        0.00,        0.00,        1.00,        1.00,        0.00
     7458.00,       64.52,       50.67,        0.00,        0.00,        0.00,        0.00,        1.00,        4.25,        0.00,        0.00,        1.00,        1.00,        0.00
     7459.00,       64.52,       46.59,        0.00,        0.00,        0.00,        0.00,        1.00,        4.25,        0.00,        0.00,        1.00,        1.00,        0.00
     7460.00,       64.52,       38.35,        0.00,        0.00,        0.00,        0.00,        1.00,        4.25,        0.00,        0.00,        1.00,        1.00,        0.00
     7461.00,       64.52,       35.22,        0.00,        0.00,        0.00,        0.00,        1.00,        4.25,        0.00,        0.00,        1.00,        1.00,        0.00
     7462.00,       64.52,       32.55,        0.00,        0.00,        0.00,        0.00,        1.00,        4.25,        0.00,        0.00,        1.00,        1.00,        0.00
     7463.00,       64.52,       31.92,        0.00,        0.00,        0.00,        0.00,        1.00,        4.25,        0.00,        0.00,        1.00,        1.00,        0.00
     7464.00,       64.52,       29.00,        0.00,        0.00,        0.00,        0.00,        1.00,        4.25,        0.00,        0.00,        1.00,        1.00,        0.00
     7465.00,       64.52,       30.92,        0.00,        0.00,        0.00,        0.00,        1.00,        4.25,        0.00,        0.00,        1.00,        1.00,        0.00
     7466.00,       64.52,       29.67,        0.00,        0.00,        0.00,        0.00,        1.00,        4.25,        0.00,        0.00,        1.00,        1.00,        0.00
     7467.00,       64.52,       29.33,        0.00,        0.00,        0.00,        0.00,        1.00,        4.25,        0.00,        0.00,        1.00,        1.00,        0.00
     7468.00,       64.52,       29.13,        0.00,        0.00,        0.00,        0.00,        1.00,        4.25,        0.00,        0.00,        1.00,        1.00,        0.00
     7469.00,       64.52,       30.40,        0.00,        0.00,        0.00,        0.00,        1.00,        4.25,        0.00,        0.00,        1.00,        1.00,        0.00
     7470.00,       64.52,       32.27,        0.00,        0.00,        0.00,        0.00,        1.00,        4.25,        0.00,        0.00,        1.00,        1.00,        0.00
     7471.00,       64.52,       30.75,        0.00,        0.00,        0.00,        0.00,        1.00,        4.25,        0.00,        0.00,        1.00,        1.00,        0.00
     7472.00,       64.52,       29.38,        0.00,        0.00,        0.00,        0.00,        1.00,        4.25,        0.00,        0.00,        1.00,        1.00,        0.00
     7473.00,       64.52,       28.16,        0.00,        0.00,        0.00,        0.00,        1.00,        4.25,        0.00,        0.00,        1.00,        1.00,        0.00
     7474.00,       64.52,       25.54,        0.00,        0.00,        0.00,        0.00,        1.00,        4.25,        0.00,        0.00,        1.00,        1.00,        0.00
     7475.00,       64.52,       25.53,        0.00,        0.00,        0.00,        0.00,        1.00,        4.25,        0.00,        0.00,        1.00,        1.00,        0.00
     7476.00,       64.52,       28.26,        0.00,        0.00,        0.00,        0.00,        1.00,        4.25,        0.00,        0.00,        1.00,        1.00,        0.00
     7477.00,       64.52,       27.08,        0.00,        0.00,        0.00,        0.00,        1.00,        4.25,        0.00,        0.00,        1.00,        1.00,        0.00
     7478.00,       64.52,       25.48,        0.00,        0.00,        0.00,        0.00,        1.00,        4.25,        0.00,        0.00,        1.00,        1.00,        0.00
     7479.00,       64.52,       26.94,        0.00,        0.00,        0.00,        0.00,        1.00,        4.25,        0.00,        0.00,        1.00,        1.00,        0.00
     7480.00,       64.52,       29.23,        0.00,        0.00,        0.00,        0.00,        1.00,        4.25,        0.00,        0.00,        1.00,        1.00,        0.00
     7481.00,       64.52,       38.86,        0.00,        0.00,        0.00,        0.00,        1.00,        4.25,        0.00,        0.00,        1.00,        1.00,        0.00
     7482.00,       64.52,       53.49,        0.00,        0.00,        0.00,        0.00,        1.00,        4.25,        0.00,        0.00,        1.00,        1.00,        0.00
     7483.00,       64.52,       52.04,        0.00,        0.00,        0.00,        0.00,        1.00,        4.25,        0.00,        0.00,        1.00,        1.00,        0.00
     7484.00,       64.52,       44.45,        0.00,        0.00,        0.00,        0.00,        1.00,        4.25,        0.00,        0.00,        1.00,        1.00,        0.00
     7485.00,       64.52,       38.73,        0.00,        0.00,        0.00,        0.00,        1.00,        4.25,        0.00,        0.00,        1.00,        1.00,        0.00
     7486.00,       64.52,       34.28,        0.00,        0.00,        0.00,        0.00,        1.00,        4.25,        0.00,        0.00,        1.00,        1.00,        0.00
     7487.00,       64.52,       31.37,        0.00,        0.00,        0.00,        0.00,        1.00,        4.25,        0.00,        0.00,        1.00,        1.00,        0.00
     7488.00,       64.52,       28.69,        0.00,        0.00,        0.00,        0.00,        1.00,        4.25,        0.00,        0.00,        1.00,        1.00,        0.00
     7489.00,       64.52,       25.43,        0.00,        0.00,        0.00,        0.00,        1.00,        4.25,        0.00,        0.00,        1.00,        1.00,        0.00
     7490.00,       64.52,       24.84,        0.00,        0.00,        0.00,        0.00,        1.00,        4.25,        0.00,        0.00,        1.00,        1.00,        0.00
     7491.00,       64.52,       23.59,        0.00,        0.00,        0.00,        0.00,        1.00,        4.25,        0.00,        0.00,        1.00,        1.00,        0.00
     7492.00,       64.52,       24.56,        0.00,        0.00,        0.00,        0.00,        1.00,        4.25,        0.00,        0.00,        1.00,        1.00,        0.00
     7493.00,       64.52,       28.55,        0.00,        0.00,        0.00,        0.00,        1.00,        4.25,        0.00,        0.00,        1.00,        1.00,        0.00
     7494.00,       64.52,       33.05,        0.00,        0.00,        0.00,        0.00,        1.00,        4.25,        0.00,        0.00,        1.00,        1.00,        0.00
     7495.00,       64.52,       35.01,        0.00,        0.00,        0.00,        0.00,        1.00,        4.25,        0.00,        0.00,        1.00,        1.00,        0.00
     7496.00,       64.52,       43.03,        0.00,        0.00,        0.00,        0.00,        1.00,        4.25,        0.00,        0.00,        1.00,        1.00,        0.00
     7497.00,       64.52,       29.01,        0.00,        0.00,        0.00,        0.00,        1.00,        4.25,        0.00,        0.00,        1.00,        1.00,        0.00
     7498.00,       64.52,       27.78,        0.00,        0.00,        0.00,        0.00,        1.00,        4.25,        0.00,        0.00,        1.00,        1.00,        0.00
     7499.00,       64.52,       26.52,        0.00,        0.00,        0.00,        0.00,        1.00,        4.25,        0.00,        0.00,        1.00,        1.00,        0.00
     7500.00,       64.52,       27.48,        0.00,        0.00,        0.00,        0.00,        1.00,        4.25,        0.00,        0.00,        1.00,        1.00,        0.00
     7501.00,       64.52,       26.92,        0.00,        0.00,        0.00,        0.00,        1.00,        4.25,        0.00,        0.00,        1.00,        1.00,        0.00
     7502.00,       64.52,       27.95,        0.00,        0.00,        0.00,        0.00,        1.00,        4.25,        0.00,        0.00,        1.00,        1.00,        0.00
     7503.00,       64.52,       28.35,        0.00,        0.00,        0.00,        0.00,        1.00,        4.25,        0.00,        0.00,        1.00,        1.00,        0.00
     7504.00,       64.52,       30.15,        0.00,        0.00,        0.00,        0.00,        1.00,        4.25,        0.00,        0.00,        1.00,        1.00,        0.00
     7505.00,       64.52,       36.67,        0.00,        0.00,        0.00,        0.00,        1.00,        4.25,        0.00,        0.00,        1.00,        1.00,        0.00
     7506.00,       64.52,       51.62,        0.00,        0.00,        0.00,        0.00,        1.00,        4.25,        0.00,        0.00,        1.00,        1.00,        0.00
     7507.00,       64.52,       48.54,        0.00,        0.00,        0.00,        0.00,        1.00,        4.25,        0.00,        0.00,        1.00,        1.00,        0.00
     7508.00,       64.52,       39.32,        0.00,        0.00,        0.00,        0.00,        1.00,        4.25,        0.00,        0.00,        1.00,        1.00,        0.00
     7509.00,       64.52,       36.08,        0.00,        0.00,        0.00,        0.00,        1.00,        4.25,        0.00,        0.00,        1.00,        1.00,        0.00
     7510.00,       64.52,       31.69,        0.00,        0.00,        0.00,        0.00,        1.00,        4.25,        0.00,        0.00,        1.00,        1.00,        0.00
     7511.00,       64.52,       29.71,        0.00,        0.00,        0.00,        0.00,        1.00,        4.25,        0.00,        0.00,        1.00,        1.00,        0.00
     7512.00,       64.52,       27.93,        0.00,        0.00,        0.00,        0.00,        1.00,        4.25,        0.00,        0.00,        1.00,        1.00,        0.00
     7513.00,       64.52,       26.75,        0.00,        0.00,        0.00,        0.00,        1.00,        4.25,        0.00,        0.00,        1.00,        1.00,        0.00
     7514.00,       64.52,       25.02,        0.00,        0.00,        0.00,        0.00,        1.00,        4.25,        0.00,        0.00,        1.00,        1.00,        0.00
     7515.00,       64.52,       24.88,        0.00,        0.00,        0.00,        0.00,        1.00,        4.25,        0.00,        0.00,        1.00,        1.00,        0.00
     7516.00,       64.52,       25.45,        0.00,        0.00,        0.00,        0.00,        1.00,        4.25,        0.00,        0.00,        1.00,        1.00,        0.00
     7517.00,       64.52,       27.15,        0.00,        0.00,        0.00,        0.00,        1.00,        4.25,        0.00,        0.00,        1.00,        1.00,        0.00
     7518.00,       64.52,       33.24,        0.00,        0.00,        0.00,        0.00,        1.00,        4.25,        0.00,        0.00,        1.00,        1.00,        0.00
     7519.00,       64.52,       43.09,        0.00,        0.00,        0.00,        0.00,        1.00,        4.25,        0.00,        0.00,        1.00,        1.00,        0.00
     7520.00,       64.52,       36.77,        0.00,        0.00,        0.00,        0.00,        1.00,        4.25,        0.00,        0.00,        1.00,        1.00,        0.00
     7521.00,       64.52,       29.63,        0.00,        0.00,        0.00,        0.00,        1.00,        4.25,        0.00,        0.00,        1.00,        1.00,        0.00
     7522.00,       64.52,       27.24,        0.00,        0.00,        0.00,        0.00,        1.00,        4.25,        0.00,        0.00,        1.00,        1.00,        0.00
     7523.00,       64.52,       27.50,        0.00,        0.00,        0.00,        0.00,        1.00,        4.25,        0.00,        0.00,        1.00,        1.00,        0.00
     7524.00,       64.52,       26.85,        0.00,        0.00,        0.00,        0.00,        1.00,        4.25,        0.00,        0.00,        1.00,        1.00,        0.00
     7525.00,       64.52,       26.37,        0.00,        0.00,        0.00,        0.00,        1.00,        4.25,        0.00,        0.00,        1.00,        1.00,        0.00
     7526.00,       64.52,       26.63,        0.00,        0.00,        0.00,        0.00,        1.00,        4.25,        0.00,        0.00,        1.00,        1.00,        0.00
     7527.00,       64.52,       26.63,        0.00,        0.00,        0.00,        0.00,        1.00,        4.25,        0.00,        0.00,        1.00,        1.00,        0.00
     7528.00,       64.52,       29.82,        0.00,        0.00,        0.00,        0.00,        1.00,        4.25,        0.00,        0.00,        1.00,        1.00,        0.00
     7529.00,       64.52,       36.59,        0.00,        0.00,        0.00,        0.00,        1.00,        4.25,        0.00,        0.00,        1.00,        1.00,        0.00
     7530.00,       64.52,       54.61,        0.00,        0.00,        0.00,        0.00,        1.00,        4.25,        0.00,        0.00,        1.00,        1.00,        0.00
     7531.00,       64.52,       50.99,        0.00,        0.00,        0.00,        0.00,        1.00,        4.25,        0.00,        0.00,        1.00,        1.00,        0.00
     7532.00,       64.52,       42.66,        0.00,        0.00,        0.00,        0.00,        1.00,        4.25,        0.00,        0.00,        1.00,        1.00,        0.00
     7533.00,       64.52,       36.73,        0.00,        0.00,        0.00,        0.00,        1.00,        4.25,        0.00,        0.00,        1.00,        1.00,        0.00
     7534.00,       64.52,       31.42,        0.00,        0.00,        0.00,        0.00,        1.00,        4.25,        0.00,        0.00,        1.00,        1.00,        0.00
     7535.00,       64.52,       29.15,        0.00,        0.00,        0.00,        0.00,        1.00,        4.25,        0.00,        0.00,        1.00,        1.00,        0.00
     7536.00,       64.52,       27.63,        0.00,        0.00,        0.00,        0.00,        1.00,        4.25,        0.00,        0.00,        1.00,        1.00,        0.00
     7537.00,       64.52,       25.99,        0.00,        0.00,        0.00,        0.00,        1.00,        4.25,        0.00,        0.00,        1.00,        1.00,        0.00
     7538.00,       64.52,       26.01,        0.00,        0.00,        0.00,        0.00,        1.00,        4.25,        0.00,        0.00,        1.00,        1.00,        0.00
     7539.00,       64.52,       25.36,        0.00,        0.00,        0.00,        0.00,        1.00,        4.25,        0.00,        0.00,        1.00,        1.00,        0.00
     7540.00,       64.52,       27.16,        0.00,        0.00,        0.00,        0.00,        1.00,        4.25,        0.00,        0.00,        1.00,        1.00,        0.00
     7541.00,       64.52,       28.86,        0.00,        0.00,        0.00,        0.00,        1.00,        4.25,        0.00,        0.00,        1.00,        1.00,        0.00
     7542.00,       64.52,       33.94,        0.00,        0.00,        0.00,        0.00,        1.00,        4.25,        0.00,        0.00,        1.00,        1.00,        0.00
     7543.00,       64.52,       40.21,        0.00,        0.00,        0.00,        0.00,        1.00,        4.25,        0.00,        0.00,        1.00,        1.00,        0.00
     7544.00,       64.52,       34.21,        0.00,        0.00,        0.00,        0.00,        1.00,        4.25,        0.00,        0.00,        1.00,        1.00,        0.00
     7545.00,       64.52,       28.92,        0.00,        0.00,        0.00,        0.00,        1.00,        4.25,        0.00,        0.00,        1.00,        1.00,        0.00
     7546.00,       64.52,       27.44,        0.00,        0.00,        0.00,        0.00,        1.00,        4.25,        0.00,        0.00,        1.00,        1.00,        0.00
     7547.00,       64.52,       26.67,        0.00,        0.00,        0.00,        0.00,        1.00,        4.25,        0.00,        0.00,        1.00,        1.00,        0.00
     7548.00,       64.52,       26.98,        0.00,        0.00,        0.00,        0.00,        1.00,        4.25,        0.00,        0.00,        1.00,        1.00,        0.00
     7549.00,       64.52,       26.56,        0.00,        0.00,        0.00,        0.00,        1.00,        4.25,        0.00,        0.00,        1.00,        1.00,        0.00
     7550.00,       64.52,       26.68,        0.00,        0.00,        0.00,        0.00,        1.00,        4.25,        0.00,        0.00,        1.00,        1.00,        0.00
     7551.00,       64.52,       27.32,        0.00,        0.00,        0.00,        0.00,        1.00,        4.25,        0.00,        0.00,        1.00,        1.00,        0.00
     7552.00,       64.52,       28.96,        0.00,        0.00,        0.00,        0.00,        1.00,        4.25,        0.00,        0.00,        1.00,        1.00,        0.00
     7553.00,       64.52,       36.71,        0.00,        0.00,        0.00,        0.00,        1.00,        4.25,        0.00,        0.00,        1.00,        1.00,        0.00
     7554.00,       64.52,       56.12,        0.00,        0.00,        0.00,        0.00,        1.00,        4.25,        0.00,        0.00,        1.00,        1.00,        0.00
     7555.00,       64.52,       51.43,        0.00,        0.00,        0.00,        0.00,        1.00,        4.25,        0.00,        0.00,        1.00,        1.00,        0.00
     7556.00,       64.52,       43.85,        0.00,        0.00,        0.00,        0.00,        1.00,        4.25,        0.00,        0.00,        1.00,        1.00,        0.00
     7557.00,       64.52,       39.58,        0.00,        0.00,        0.00,        0.00,        1.00,        4.25,        0.00,        0.00,        1.00,        1.00,        0.00
     7558.00,       64.52,       32.82,        0.00,        0.00,        0.00,        0.00,        1.00,        4.25,        0.00,        0.00,        1.00,        1.00,        0.00
     7559.00,       64.52,       30.28,        0.00,        0.00,        0.00,        0.00,        1.00,        4.25,        0.00,        0.00,        1.00,        1.00,        0.00
     7560.00,       64.52,       27.86,        0.00,        0.00,        0.00,        0.00,        1.00,        4.25,        0.00,        0.00,        1.00,        1.00,        0.00
     7561.00,       64.52,       27.46,        0.00,        0.00,        0.00,        0.00,        1.00,        4.25,        0.00,        0.00,        1.00,        1.00,        0.00
     7562.00,       64.52,       25.90,        0.00,        0.00,        0.00,        0.00,        1.00,        4.25,        0.00,        0.00,        1.00,        1.00,        0.00
     7563.00,       64.52,       25.66,        0.00,        0.00,        0.00,        0.00,        1.00,        4.25,        0.00,        0.00,        1.00,        1.00,        0.00
     7564.00,       64.52,       26.85,        0.00,        0.00,        0.00,        0.00,        1.00,        4.25,        0.00,        0.00,        1.00,        1.00,        0.00
     7565.00,       64.52,       28.30,        0.00,        0.00,        0.00,        0.00,        1.00,        4.25,        0.00,        0.00,        1.00,        1.00,        0.00
     7566.00,       64.52,       33.93,        0.00,        0.00,        0.00,        0.00,        1.00,        4.25,        0.00,        0.00,        1.00,        1.00,        0.00
     7567.00,       64.52,       39.47,        0.00,        0.00,        0.00,        0.00,        1.00,        4.25,        0.00,        0.00,        1.00,        1.00,        0.00
     7568.00,       64.52,       34.10,        0.00,        0.00,        0.00,        0.00,        1.00,        4.25,        0.00,        0.00,        1.00,        1.00,        0.00
     7569.00,       64.52,       29.89,        0.00,        0.00,        0.00,        0.00,        1.00,        4.25,        0.00,        0.00,        1.00,        1.00,        0.00
     7570.00,       64.52,       28.29,        0.00,        0.00,        0.00,        0.00,        1.00,        4.25,        0.00,        0.00,        1.00,        1.00,        0.00
     7571.00,       64.52,       27.00,        0.00,        0.00,        0.00,        0.00,        1.00,        4.25,        0.00,        0.00,        1.00,        1.00,        0.00
     7572.00,       64.52,       27.21,        0.00,        0.00,        0.00,        0.00,        1.00,        4.25,        0.00,        0.00,        1.00,        1.00,        0.00
     7573.00,       64.52,       26.54,        0.00,        0.00,        0.00,        0.00,        1.00,        4.25,        0.00,        0.00,        1.00,        1.00,        0.00
     7574.00,       64.52,       26.43,        0.00,        0.00,        0.00,        0.00,        1.00,        4.25,        0.00,        0.00,        1.00,        1.00,        0.00
     7575.00,       64.52,       27.82,        0.00,        0.00,        0.00,        0.00,        1.00,        4.25,        0.00,        0.00,        1.00,        1.00,        0.00
     7576.00,       64.52,       30.15,        0.00,        0.00,        0.00,        0.00,        1.00,        4.25,        0.00,        0.00,        1.00,        1.00,        0.00
     7577.00,       64.52,       34.35,        0.00,        0.00,        0.00,        0.00,        1.00,        4.25,        0.00,        0.00,        1.00,        1.00,        0.00
     7578.00,       64.52,       51.37,        0.00,        0.00,        0.00,        0.00,        1.00,        4.25,        0.00,        0.00,        1.00,        1.00,        0.00
     7579.00,       64.52,       47.68,        0.00,        0.00,        0.00,        0.00,        1.00,        4.25,        0.00,        0.00,        1.00,        1.00,        0.00
     7580.00,       64.52,       38.52,        0.00,        0.00,        0.00,        0.00,        1.00,        4.25,        0.00,        0.00,        1.00,        1.00,        0.00
     7581.00,       64.52,       35.48,        0.00,        0.00,        0.00,        0.00,        1.00,        4.25,        0.00,        0.00,        1.00,        1.00,        0.00
     7582.00,       64.52,       32.85,        0.00,        0.00,        0.00,        0.00,        1.00,        4.25,        0.00,        0.00,        1.00,        1.00,        0.00
     7583.00,       64.52,       31.19,        0.00,        0.00,        0.00,        0.00,        1.00,        4.25,        0.00,        0.00,        1.00,        1.00,        0.00
     7584.00,       64.52,       28.14,        0.00,        0.00,        0.00,        0.00,        1.00,        4.25,        0.00,        0.00,        1.00,        1.00,        0.00
     7585.00,       64.52,       25.45,        0.00,        0.00,        0.00,        0.00,        1.00,        4.25,        0.00,        0.00,        1.00,        1.00,        0.00
     7586.00,       64.52,       24.51,        0.00,        0.00,        0.00,        0.00,        1.00,        4.25,        0.00,        0.00,        1.00,        1.00,        0.00
     7587.00,       64.52,       24.03,        0.00,        0.00,        0.00,        0.00,        1.00,        4.25,        0.00,        0.00,        1.00,        1.00,        0.00
     7588.00,       64.52,       24.29,        0.00,        0.00,        0.00,        0.00,        1.00,        4.25,        0.00,        0.00,        1.00,        1.00,        0.00
     7589.00,       64.52,       26.32,        0.00,        0.00,        0.00,        0.00,        1.00,        4.25,        0.00,        0.00,        1.00,        1.00,        0.00
     7590.00,       64.52,       33.48,        0.00,        0.00,        0.00,        0.00,        1.00,        4.25,        0.00,        0.00,        1.00,        1.00,        0.00
     7591.00,       64.52,       39.36,        0.00,        0.00,        0.00,        0.00,        1.00,        4.25,        0.00,        0.00,        1.00,        1.00,        0.00
     7592.00,       64.52,       35.36,        0.00,        0.00,        0.00,        0.00,        1.00,        4.25,        0.00,        0.00,        1.00,        1.00,        0.00
     7593.00,       64.52,       29.78,        0.00,        0.00,        0.00,        0.00,        1.00,        4.25,        0.00,        0.00,        1.00,        1.00,        0.00
     7594.00,       64.52,       26.12,        0.00,        0.00,        0.00,        0.00,        1.00,        4.25,        0.00,        0.00,        1.00,        1.00,        0.00
     7595.00,       64.52,       25.03,        0.00,        0.00,        0.00,        0.00,        1.00,        4.25,        0.00,        0.00,        1.00,        1.00,        0.00
     7596.00,       64.52,       25.50,        0.00,        0.00,        0.00,        0.00,        1.00,        4.25,        0.00,        0.00,        1.00,        1.00,        0.00
     7597.00,       64.52,       24.92,        0.00,        0.00,        0.00,        0.00,        1.00,        4.25,        0.00,        0.00,        1.00,        1.00,        0.00
     7598.00,       64.52,       25.26,        0.00,        0.00,        0.00,        0.00,        1.00,        4.25,        0.00,        0.00,        1.00,        1.00,        0.00
     7599.00,       64.52,       27.28,        0.00,        0.00,        0.00,        0.00,        1.00,        4.25,        0.00,        0.00,        1.00,        1.00,        0.00
     7600.00,       64.52,       29.40,        0.00,        0.00,        0.00,        0.00,        1.00,        4.25,        0.00,        0.00,        1.00,        1.00,        0.00
     7601.00,       64.52,       35.43,        0.00,        0.00,        0.00,        0.00,        1.00,        4.25,        0.00,        0.00,        1.00,        1.00,        0.00
     7602.00,       64.52,       50.90,        0.00,        0.00,        0.00,        0.00,        1.00,        4.25,        0.00,        0.00,        1.00,        1.00,        0.00
     7603.00,       64.52,       44.07,        0.00,        0.00,        0.00,        0.00,        1.00,        4.25,        0.00,        0.00,        1.00,        1.00,        0.00
     7604.00,       64.52,       36.05,        0.00,        0.00,        0.00,        0.00,        1.00,        4.25,        0.00,        0.00,        1.00,        1.00,        0.00
     7605.00,       64.52,       34.35,        0.00,        0.00,        0.00,        0.00,        1.00,        4.25,        0.00,        0.00,        1.00,        1.00,        0.00
     7606.00,       64.52,       32.31,        0.00,        0.00,        0.00,        0.00,        1.00,        4.25,        0.00,        0.00,        1.00,        1.00,        0.00
     7607.00,       64.52,       29.17,        0.00,        0.00,        0.00,        0.00,        1.00,        4.25,        0.00,        0.00,        1.00,        1.00,        0.00
     7608.00,       64.52,       28.68,        0.00,        0.00,        0.00,        0.00,        1.00,        4.25,        0.00,        0.00,        1.00,        1.00,        0.00
     7609.00,       64.52,       27.79,        0.00,        0.00,        0.00,        0.00,        1.00,        4.25,        0.00,        0.00,        1.00,        1.00,        0.00
     7610.00,       64.52,       26.55,        0.00,        0.00,        0.00,        0.00,        1.00,        4.25,        0.00,        0.00,        1.00,        1.00,        0.00
     7611.00,       64.52,       25.79,        0.00,        0.00,        0.00,        0.00,        1.00,        4.25,        0.00,        0.00,        1.00,        1.00,        0.00
     7612.00,       64.52,       26.58,        0.00,        0.00,        0.00,        0.00,        1.00,        4.25,        0.00,        0.00,        1.00,        1.00,        0.00
     7613.00,       64.52,       28.11,        0.00,        0.00,        0.00,        0.00,        1.00,        4.25,        0.00,        0.00,        1.00,        1.00,        0.00
     7614.00,       64.52,       29.72,        0.00,        0.00,        0.00,        0.00,        1.00,        4.25,        0.00,        0.00,        1.00,        1.00,        0.00
     7615.00,       64.52,       30.16,        0.00,        0.00,        0.00,        0.00,        1.00,        4.25,        0.00,        0.00,        1.00,        1.00,        0.00
     7616.00,       64.52,       29.17,        0.00,        0.00,        0.00,        0.00,        1.00,        4.25,        0.00,        0.00,        1.00,        1.00,        0.00
     7617.00,       64.52,       26.39,        0.00,        0.00,        0.00,        0.00,        1.00,        4.25,        0.00,        0.00,        1.00,        1.00,        0.00
     7618.00,       64.52,       25.57,        0.00,        0.00,        0.00,        0.00,        1.00,        4.25,        0.00,        0.00,        1.00,        1.00,        0.00
     7619.00,       64.52,       25.08,        0.00,        0.00,        0.00,        0.00,        1.00,        4.25,        0.00,        0.00,        1.00,        1.00,        0.00
     7620.00,       64.52,       25.33,        0.00,        0.00,        0.00,        0.00,        1.00,        4.25,        0.00,        0.00,        1.00,        1.00,        0.00
     7621.00,       64.52,       23.92,        0.00,        0.00,        0.00,        0.00,        1.00,        4.25,        0.00,        0.00,        1.00,        1.00,        0.00
     7622.00,       64.52,       23.37,        0.00,        0.00,        0.00,        0.00,        1.00,        4.25,        0.00,        0.00,        1.00,        1.00,        0.00
     7623.00,       64.52,       24.30,        0.00,        0.00,        0.00,        0.00,        1.00,        4.25,        0.00,        0.00,        1.00,        1.00,        0.00
     7624.00,       64.52,       27.40,        0.00,        0.00,        0.00,        0.00,        1.00,        4.25,        0.00,        0.00,        1.00,        1.00,        0.00
     7625.00,       64.52,       33.58,        0.00,        0.00,        0.00,        0.00,        1.00,        4.25,        0.00,        0.00,        1.00,        1.00,        0.00
     7626.00,       64.52,       47.85,        0.00,        0.00,        0.00,        0.00,        1.00,        4.25,        0.00,        0.00,        1.00,        1.00,        0.00
     7627.00,       64.52,       38.77,        0.00,        0.00,        0.00,        0.00,        1.00,        4.25,        0.00,        0.00,        1.00,        1.00,        0.00
     7628.00,       64.52,       35.14,        0.00,        0.00,        0.00,        0.00,        1.00,        4.25,        0.00,        0.00,        1.00,        1.00,        0.00
     7629.00,       64.52,       33.01,        0.00,        0.00,        0.00,        0.00,        1.00,        4.25,        0.00,        0.00,        1.00,        1.00,        0.00
     7630.00,       64.52,       30.29,        0.00,        0.00,        0.00,        0.00,        1.00,        4.25,        0.00,        0.00,        1.00,        1.00,        0.00
     7631.00,       64.52,       28.95,        0.00,        0.00,        0.00,        0.00,        1.00,        4.25,        0.00,        0.00,        1.00,        1.00,        0.00
     7632.00,       64.52,       26.43,        0.00,        0.00,        0.00,        0.00,        1.00,        4.25,        0.00,        0.00,        1.00,        1.00,        0.00
     7633.00,       64.52,       25.49,        0.00,        0.00,        0.00,        0.00,        1.00,        4.25,        0.00,        0.00,        1.00,        1.00,        0.00
     7634.00,       64.52,       23.38,        0.00,        0.00,        0.00,        0.00,        1.00,        4.25,        0.00,        0.00,        1.00,        1.00,        0.00
     7635.00,       64.52,       25.24,        0.00,        0.00,        0.00,        0.00,        1.00,        4.25,        0.00,        0.00,        1.00,        1.00,        0.00
     7636.00,       64.52,       25.63,        0.00,        0.00,        0.00,        0.00,        1.00,        4.25,        0.00,        0.00,        1.00,        1.00,        0.00
     7637.00,       64.52,       26.37,        0.00,        0.00,        0.00,        0.00,        1.00,        4.25,        0.00,        0.00,        1.00,        1.00,        0.00
     7638.00,       64.52,       27.13,        0.00,        0.00,        0.00,        0.00,        1.00,        4.25,        0.00,        0.00,        1.00,        1.00,        0.00
     7639.00,       64.52,       26.75,        0.00,        0.00,        0.00,        0.00,        1.00,        4.25,        0.00,        0.00,        1.00,        1.00,        0.00
     7640.00,       64.52,       25.79,        0.00,        0.00,        0.00,        0.00,        1.00,        4.25,        0.00,        0.00,        1.00,        1.00,        0.00
     7641.00,       64.52,       22.44,        0.00,        0.00,        0.00,        0.00,        1.00,        4.25,        0.00,        0.00,        1.00,        1.00,        0.00
     7642.00,       64.52,       21.94,        0.00,        0.00,        0.00,        0.00,        1.00,        4.25,        0.00,        0.00,        1.00,        1.00,        0.00
     7643.00,       64.52,       21.80,        0.00,        0.00,        0.00,        0.00,        1.00,        4.25,        0.00,        0.00,        1.00,        1.00,        0.00
     7644.00,       64.52,       21.85,        0.00,        0.00,        0.00,        0.00,        1.00,        4.25,        0.00,        0.00,        1.00,        1.00,        0.00
     7645.00,       64.52,       21.44,        0.00,        0.00,        0.00,        0.00,        1.00,        4.25,        0.00,        0.00,        1.00,        1.00,        0.00
     7646.00,       64.52,       21.42,        0.00,        0.00,        0.00,        0.00,        1.00,        4.25,        0.00,        0.00,        1.00,        1.00,        0.00
     7647.00,       64.52,       21.27,        0.00,        0.00,        0.00,        0.00,        1.00,        4.25,        0.00,        0.00,        1.00,        1.00,        0.00
     7648.00,       64.52,       23.79,        0.00,        0.00,        0.00,        0.00,        1.00,        4.25,        0.00,        0.00,        1.00,        1.00,        0.00
     7649.00,       64.52,       30.44,        0.00,        0.00,        0.00,        0.00,        1.00,        4.25,        0.00,        0.00,        1.00,        1.00,        0.00
     7650.00,       64.52,       44.22,        0.00,        0.00,        0.00,        0.00,        1.00,        4.25,        0.00,        0.00,        1.00,        1.00,        0.00
     7651.00,       64.52,       37.30,        0.00,        0.00,        0.00,        0.00,        1.00,        4.25,        0.00,        0.00,        1.00,        1.00,        0.00
     7652.00,       64.52,       33.49,        0.00,        0.00,        0.00,        0.00,        1.00,        4.25,        0.00,        0.00,        1.00,        1.00,        0.00
     7653.00,       64.52,       33.23,        0.00,        0.00,        0.00,        0.00,        1.00,        4.25,        0.00,        0.00,        1.00,        1.00,        0.00
     7654.00,       64.52,       27.89,        0.00,        0.00,        0.00,        0.00,        1.00,        4.25,        0.00,        0.00,        1.00,        1.00,        0.00
     7655.00,       64.52,       26.56,        0.00,        0.00,        0.00,        0.00,        1.00,        4.25,        0.00,        0.00,        1.00,        1.00,        0.00
     7656.00,       64.52,       24.00,        0.00,        0.00,        0.00,        0.00,        1.00,        4.25,        0.00,        0.00,        1.00,        1.00,        0.00
     7657.00,       64.52,       22.01,        0.00,        0.00,        0.00,        0.00,        1.00,        4.25,        0.00,        0.00,        1.00,        1.00,        0.00
     7658.00,       64.52,       21.50,        0.00,        0.00,        0.00,        0.00,        1.00,        4.25,        0.00,        0.00,        1.00,        1.00,        0.00
     7659.00,       64.52,       21.03,        0.00,        0.00,        0.00,        0.00,        1.00,        4.25,        0.00,        0.00,        1.00,        1.00,        0.00
     7660.00,       64.52,       22.87,        0.00,        0.00,        0.00,        0.00,        1.00,        4.25,        0.00,        0.00,        1.00,        1.00,        0.00
     7661.00,       64.52,       24.80,        0.00,        0.00,        0.00,        0.00,        1.00,        4.25,        0.00,        0.00,        1.00,        1.00,        0.00
     7662.00,       64.52,       30.24,        0.00,        0.00,        0.00,        0.00,        1.00,        4.25,        0.00,        0.00,        1.00,        1.00,        0.00
     7663.00,       64.52,       37.41,        0.00,        0.00,        0.00,        0.00,        1.00,        4.25,        0.00,        0.00,        1.00,        1.00,        0.00
     7664.00,       64.52,       34.31,        0.00,        0.00,        0.00,        0.00,        1.00,        4.25,        0.00,        0.00,        1.00,        1.00,        0.00
     7665.00,       64.52,       27.97,        0.00,        0.00,        0.00,        0.00,        1.00,        4.25,        0.00,        0.00,        1.00,        1.00,        0.00
     7666.00,       64.52,       25.72,        0.00,        0.00,        0.00,        0.00,        1.00,        4.25,        0.00,        0.00,        1.00,        1.00,        0.00
     7667.00,       64.52,       27.95,        0.00,        0.00,        0.00,        0.00,        1.00,        4.25,        0.00,        0.00,        1.00,        1.00,        0.00
     7668.00,       64.52,       25.16,        0.00,        0.00,        0.00,        0.00,        1.00,        4.25,        0.00,        0.00,        1.00,        1.00,        0.00
     7669.00,       64.52,       25.21,        0.00,        0.00,        0.00,        0.00,        1.00,        4.25,        0.00,        0.00,        1.00,        1.00,        0.00
     7670.00,       64.52,       23.37,        0.00,        0.00,        0.00,        0.00,        1.00,        4.25,        0.00,        0.00,        1.00,        1.00,        0.00
     7671.00,       64.52,       23.81,        0.00,        0.00,        0.00,        0.00,        1.00,        4.25,        0.00,        0.00,        1.00,        1.00,        0.00
     7672.00,       64.52,       26.82,        0.00,        0.00,        0.00,        0.00,        1.00,        4.25,        0.00,        0.00,        1.00,        1.00,        0.00
     7673.00,       64.52,       31.63,        0.00,        0.00,        0.00,        0.00,        1.00,        4.25,        0.00,        0.00,        1.00,        1.00,        0.00
     7674.00,       64.52,       50.91,        0.00,        0.00,        0.00,        0.00,        1.00,        4.25,        0.00,        0.00,        1.00,        1.00,        0.00
     7675.00,       64.52,       42.64,        0.00,        0.00,        0.00,        0.00,        1.00,        4.25,        0.00,        0.00,        1.00,        1.00,        0.00
     7676.00,       64.52,       36.24,        0.00,        0.00,        0.00,        0.00,        1.00,        4.25,        0.00,        0.00,        1.00,        1.00,        0.00
     7677.00,       64.52,       32.65,        0.00,        0.00,        0.00,        0.00,        1.00,        4.25,        0.00,        0.00,        1.00,        1.00,        0.00
     7678.00,       64.52,       29.86,        0.00,        0.00,        0.00,        0.00,        1.00,        4.25,        0.00,        0.00,        1.00,        1.00,        0.00
     7679.00,       64.52,       28.91,        0.00,        0.00,        0.00,        0.00,        1.00,        4.25,        0.00,        0.00,        1.00,        1.00,        0.00
     7680.00,       64.52,       26.42,        0.00,        0.00,        0.00,        0.00,        1.00,        4.25,        0.00,        0.00,        1.00,        1.00,        0.00
     7681.00,       64.52,       23.35,        0.00,        0.00,        0.00,        0.00,        1.00,        4.25,        0.00,        0.00,        1.00,        1.00,        0.00
     7682.00,       64.52,       23.03,        0.00,        0.00,        0.00,        0.00,        1.00,        4.25,        0.00,        0.00,        1.00,        1.00,        0.00
     7683.00,       64.52,       22.93,        0.00,        0.00,        0.00,        0.00,        1.00,        4.25,        0.00,        0.00,        1.00,        1.00,        0.00
     7684.00,       64.52,       24.62,        0.00,        0.00,        0.00,        0.00,        1.00,        4.25,        0.00,        0.00,        1.00,        1.00,        0.00
     7685.00,       64.52,       26.69,        0.00,        0.00,        0.00,        0.00,        1.00,        4.25,        0.00,        0.00,        1.00,        1.00,        0.00
     7686.00,       64.52,       35.44,        0.00,        0.00,        0.00,        0.00,        1.00,        4.25,        0.00,        0.00,        1.00,        1.00,        0.00
     7687.00,       64.52,       44.28,        0.00,        0.00,        0.00,        0.00,        1.00,        4.25,        0.00,        0.00,        1.00,        1.00,        0.00
     7688.00,       64.52,       35.74,        0.00,        0.00,        0.00,        0.00,        1.00,        4.25,        0.00,        0.00,        1.00,        1.00,        0.00
     7689.00,       64.52,       30.71,        0.00,        0.00,        0.00,        0.00,        1.00,        4.25,        0.00,        0.00,        1.00,        1.00,        0.00
     7690.00,       64.52,       27.11,        0.00,        0.00,        0.00,        0.00,        1.00,        4.25,        0.00,        0.00,        1.00,        1.00,        0.00
     7691.00,       64.52,       26.85,        0.00,        0.00,        0.00,        0.00,        1.00,        4.25,        0.00,        0.00,        1.00,        1.00,        0.00
     7692.00,       64.52,       26.11,        0.00,        0.00,        0.00,        0.00,        1.00,        4.25,        0.00,        0.00,        1.00,        1.00,        0.00
     7693.00,       64.52,       25.58,        0.00,        0.00,        0.00,        0.00,        1.00,        4.25,        0.00,        0.00,        1.00,        1.00,        0.00
     7694.00,       64.52,       24.43,        0.00,        0.00,        0.00,        0.00,        1.00,        4.25,        0.00,        0.00,        1.00,        1.00,        0.00
     7695.00,       64.52,       26.12,        0.00,        0.00,        0.00,        0.00,        1.00,        4.25,        0.00,        0.00,        1.00,        1.00,        0.00
     7696.00,       64.52,       28.98,        0.00,        0.00,        0.00,        0.00,        1.00,        4.25,        0.00,        0.00,        1.00,        1.00,        0.00
     7697.00,       64.52,       34.70,        0.00,        0.00,        0.00,        0.00,        1.00,        4.25,        0.00,        0.00,        1.00,        1.00,        0.00
     7698.00,       64.52,       52.97,        0.00,        0.00,        0.00,        0.00,        1.00,        4.25,        0.00,        0.00,        1.00,        1.00,        0.00
     7699.00,       64.52,       40.43,        0.00,        0.00,        0.00,        0.00,        1.00,        4.25,        0.00,        0.00,        1.00,        1.00,        0.00
     7700.00,       64.52,       36.17,        0.00,        0.00,        0.00,        0.00,        1.00,        4.25,        0.00,        0.00,        1.00,        1.00,        0.00
     7701.00,       64.52,       34.65,        0.00,        0.00,        0.00,        0.00,        1.00,        4.25,        0.00,        0.00,        1.00,        1.00,        0.00
     7702.00,       64.52,       31.03,        0.00,        0.00,        0.00,        0.00,        1.00,        4.25,        0.00,        0.00,        1.00,        1.00,        0.00
     7703.00,       64.52,       29.53,        0.00,        0.00,        0.00,        0.00,        1.00,        4.25,        0.00,        0.00,        1.00,        1.00,        0.00
     7704.00,       64.52,       27.44,        0.00,        0.00,        0.00,        0.00,        1.00,        4.25,        0.00,        0.00,        1.00,        1.00,        0.00
     7705.00,       64.52,       24.03,        0.00,        0.00,        0.00,        0.00,        1.00,        4.25,        0.00,        0.00,        1.00,        1.00,        0.00
     7706.00,       64.52,       23.12,        0.00,        0.00,        0.00,        0.00,        1.00,        4.25,        0.00,        0.00,        1.00,        1.00,        0.00
     7707.00,       64.52,       22.89,        0.00,        0.00,        0.00,        0.00,        1.00,        4.25,        0.00,        0.00,        1.00,        1.00,        0.00
     7708.00,       64.52,       24.34,        0.00,        0.00,        0.00,        0.00,        1.00,        4.25,        0.00,        0.00,        1.00,        1.00,        0.00
     7709.00,       64.52,       27.15,        0.00,        0.00,        0.00,        0.00,        1.00,        4.25,        0.00,        0.00,        1.00,        1.00,        0.00
     7710.00,       64.52,       32.87,        0.00,        0.00,        0.00,        0.00,        1.00,        4.25,        0.00,        0.00,        1.00,        1.00,        0.00
     7711.00,       64.52,       39.54,        0.00,        0.00,        0.00,        0.00,        1.00,        4.25,        0.00,        0.00,        1.00,        1.00,        0.00
     7712.00,       64.52,       32.34,        0.00,        0.00,        0.00,        0.00,        1.00,        4.25,        0.00,        0.00,        1.00,        1.00,        0.00
     7713.00,       64.52,       27.77,        0.00,        0.00,        0.00,        0.00,        1.00,        4.25,        0.00,        0.00,        1.00,        1.00,        0.00
     7714.00,       64.52,       24.70,        0.00,        0.00,        0.00,        0.00,        1.00,        4.25,        0.00,        0.00,        1.00,        1.00,        0.00
     7715.00,       64.52,       23.77,        0.00,        0.00,        0.00,        0.00,        1.00,        4.25,        0.00,        0.00,        1.00,        1.00,        0.00
     7716.00,       64.52,       24.46,        0.00,        0.00,        0.00,        0.00,        1.00,        4.25,        0.00,        0.00,        1.00,        1.00,        0.00
     7717.00,       64.52,       23.18,        0.00,        0.00,        0.00,        0.00,        1.00,        4.25,        0.00,        0.00,        1.00,        1.00,        0.00
     7718.00,       64.52,       23.19,        0.00,        0.00,        0.00,        0.00,        1.00,        4.25,        0.00,        0.00,        1.00,        1.00,        0.00
     7719.00,       64.52,       24.42,        0.00,        0.00,        0.00,        0.00,        1.00,        4.25,        0.00,        0.00,        1.00,        1.00,        0.00
     7720.00,       64.52,       28.37,        0.00,        0.00,        0.00,        0.00,        1.00,        4.25,        0.00,        0.00,        1.00,        1.00,        0.00
     7721.00,       64.52,       34.64,        0.00,        0.00,        0.00,        0.00,        1.00,        4.25,        0.00,        0.00,        1.00,        1.00,        0.00
     7722.00,       64.52,       50.78,        0.00,        0.00,        0.00,        0.00,        1.00,        4.25,        0.00,        0.00,        1.00,        1.00,        0.00
     7723.00,       64.52,       42.62,        0.00,        0.00,        0.00,        0.00,        1.00,        4.25,        0.00,        0.00,        1.00,        1.00,        0.00
     7724.00,       64.52,       37.15,        0.00,        0.00,        0.00,        0.00,        1.00,        4.25,        0.00,        0.00,        1.00,        1.00,        0.00
     7725.00,       64.52,       35.22,        0.00,        0.00,        0.00,        0.00,        1.00,        4.25,        0.00,        0.00,        1.00,        1.00,        0.00
     7726.00,       64.52,       29.62,        0.00,        0.00,        0.00,        0.00,        1.00,        4.25,        0.00,        0.00,        1.00,        1.00,        0.00
     7727.00,       64.52,       29.26,        0.00,        0.00,        0.00,        0.00,        1.00,        4.25,        0.00,        0.00,        1.00,        1.00,        0.00
     7728.00,       64.52,       26.92,        0.00,        0.00,        0.00,        0.00,        1.00,        4.25,        0.00,        0.00,        1.00,        1.00,        0.00
     7729.00,       64.52,       27.46,        0.00,        0.00,        0.00,        0.00,        1.00,        4.25,        0.00,        0.00,        1.00,        1.00,        0.00
     7730.00,       64.52,       26.41,        0.00,        0.00,        0.00,        0.00,        1.00,        4.25,        0.00,        0.00,        1.00,        1.00,        0.00
     7731.00,       64.52,       26.04,        0.00,        0.00,        0.00,        0.00,        1.00,        4.25,        0.00,        0.00,        1.00,        1.00,        0.00
     7732.00,       64.52,       26.66,        0.00,        0.00,        0.00,        0.00,        1.00,        4.25,        0.00,        0.00,        1.00,        1.00,        0.00
     7733.00,       64.52,       28.76,        0.00,        0.00,        0.00,        0.00,        1.00,        4.25,        0.00,        0.00,        1.00,        1.00,        0.00
     7734.00,       64.52,       34.18,        0.00,        0.00,        0.00,        0.00,        1.00,        4.25,        0.00,        0.00,        1.00,        1.00,        0.00
     7735.00,       64.52,       43.71,        0.00,        0.00,        0.00,        0.00,        1.00,        4.25,        0.00,        0.00,        1.00,        1.00,        0.00
     7736.00,       64.52,       36.69,        0.00,        0.00,        0.00,        0.00,        1.00,        4.25,        0.00,        0.00,        1.00,        1.00,        0.00
     7737.00,       64.52,       30.06,        0.00,        0.00,        0.00,        0.00,        1.00,        4.25,        0.00,        0.00,        1.00,        1.00,        0.00
     7738.00,       64.52,       27.40,        0.00,        0.00,        0.00,        0.00,        1.00,        4.25,        0.00,        0.00,        1.00,        1.00,        0.00
     7739.00,       64.52,       26.72,        0.00,        0.00,        0.00,        0.00,        1.00,        4.25,        0.00,        0.00,        1.00,        1.00,        0.00
     7740.00,       64.52,       26.98,        0.00,        0.00,        0.00,        0.00,        1.00,        4.25,        0.00,        0.00,        1.00,        1.00,        0.00
     7741.00,       64.52,       25.08,        0.00,        0.00,        0.00,        0.00,        1.00,        4.25,        0.00,        0.00,        1.00,        1.00,        0.00
     7742.00,       64.52,       25.35,        0.00,        0.00,        0.00,        0.00,        1.00,        4.25,        0.00,        0.00,        1.00,        1.00,        0.00
     7743.00,       64.52,       26.78,        0.00,        0.00,        0.00,        0.00,        1.00,        4.25,        0.00,        0.00,        1.00,        1.00,        0.00
     7744.00,       64.52,       29.48,        0.00,        0.00,        0.00,        0.00,        1.00,        4.25,        0.00,        0.00,        1.00,        1.00,        0.00
     7745.00,       64.52,       38.29,        0.00,        0.00,        0.00,        0.00,        1.00,        4.25,        0.00,        0.00,        1.00,        1.00,        0.00
     7746.00,       64.52,       52.85,        0.00,        0.00,        0.00,        0.00,        1.00,        4.25,        0.00,        0.00,        1.00,        1.00,        0.00
     7747.00,       64.52,       46.32,        0.00,        0.00,        0.00,        0.00,        1.00,        4.25,        0.00,        0.00,        1.00,        1.00,        0.00
     7748.00,       64.52,       40.49,        0.00,        0.00,        0.00,        0.00,        1.00,        4.25,        0.00,        0.00,        1.00,        1.00,        0.00
     7749.00,       64.52,       36.32,        0.00,        0.00,        0.00,        0.00,        1.00,        4.25,        0.00,        0.00,        1.00,        1.00,        0.00
     7750.00,       64.52,       32.85,        0.00,        0.00,        0.00,        0.00,        1.00,        4.25,        0.00,        0.00,        1.00,        1.00,        0.00
     7751.00,       64.52,       30.71,        0.00,        0.00,        0.00,        0.00,        1.00,        4.25,        0.00,        0.00,        1.00,        1.00,        0.00
     7752.00,       64.52,       28.11,        0.00,        0.00,        0.00,        0.00,        1.00,        4.25,        0.00,        0.00,        1.00,        1.00,        0.00
     7753.00,       64.52,       24.11,        0.00,        0.00,        0.00,        0.00,        1.00,        4.25,        0.00,        0.00,        1.00,        1.00,        0.00
     7754.00,       64.52,       24.12,        0.00,        0.00,        0.00,        0.00,        1.00,        4.25,        0.00,        0.00,        1.00,        1.00,        0.00
     7755.00,       64.52,       23.69,        0.00,        0.00,        0.00,        0.00,        1.00,        4.25,        0.00,        0.00,        1.00,        1.00,        0.00
     7756.00,       64.52,       24.53,        0.00,        0.00,        0.00,        0.00,        1.00,        4.25,        0.00,        0.00,        1.00,        1.00,        0.00
     7757.00,       64.52,       25.40,        0.00,        0.00,        0.00,        0.00,        1.00,        4.25,        0.00,        0.00,        1.00,        1.00,        0.00
     7758.00,       64.52,       30.36,        0.00,        0.00,        0.00,        0.00,        1.00,        4.25,        0.00,        0.00,        1.00,        1.00,        0.00
     7759.00,       64.52,       37.09,        0.00,        0.00,        0.00,        0.00,        1.00,        4.25,        0.00,        0.00,        1.00,        1.00,        0.00
     7760.00,       64.52,       32.37,        0.00,        0.00,        0.00,        0.00,        1.00,        4.25,        0.00,        0.00,        1.00,        1.00,        0.00
     7761.00,       64.52,       27.43,        0.00,        0.00,        0.00,        0.00,        1.00,        4.25,        0.00,        0.00,        1.00,        1.00,        0.00
     7762.00,       64.52,       25.69,        0.00,        0.00,        0.00,        0.00,        1.00,        4.25,        0.00,        0.00,        1.00,        1.00,        0.00
     7763.00,       64.52,       24.91,        0.00,        0.00,        0.00,        0.00,        1.00,        4.25,        0.00,        0.00,        1.00,        1.00,        0.00
     7764.00,       64.52,       26.69,        0.00,        0.00,        0.00,        0.00,        1.00,        4.25,        0.00,        0.00,        1.00,        1.00,        0.00
     7765.00,       64.52,       25.34,        0.00,        0.00,        0.00,        0.00,        1.00,        4.25,        0.00,        0.00,        1.00,        1.00,        0.00
     7766.00,       64.52,       25.40,        0.00,        0.00,        0.00,        0.00,        1.00,        4.25,        0.00,        0.00,        1.00,        1.00,        0.00
     7767.00,       64.52,       27.05,        0.00,        0.00,        0.00,        0.00,        1.00,        4.25,        0.00,        0.00,        1.00,        1.00,        0.00
     7768.00,       64.52,       28.72,        0.00,        0.00,        0.00,        0.00,        1.00,        4.25,        0.00,        0.00,        1.00,        1.00,        0.00
     7769.00,       64.52,       36.68,        0.00,        0.00,        0.00,        0.00,        1.00,        4.25,        0.00,        0.00,        1.00,        1.00,        0.00
     7770.00,       64.52,       50.58,        0.00,        0.00,        0.00,        0.00,        1.00,        4.25,        0.00,        0.00,        1.00,        1.00,        0.00
     7771.00,       64.52,       40.91,        0.00,        0.00,        0.00,        0.00,        1.00,        4.25,        0.00,        0.00,        1.00,        1.00,        0.00
     7772.00,       64.52,       36.08,        0.00,        0.00,        0.00,        0.00,        1.00,        4.25,        0.00,        0.00,        1.00,        1.00,        0.00
     7773.00,       64.52,       33.29,        0.00,        0.00,        0.00,        0.00,        1.00,        4.25,        0.00,        0.00,        1.00,        1.00,        0.00
     7774.00,       64.52,       30.37,        0.00,        0.00,        0.00,        0.00,        1.00,        4.25,        0.00,        0.00,        1.00,        1.00,        0.00
     7775.00,       64.52,       29.59,        0.00,        0.00,        0.00,        0.00,        1.00,        4.25,        0.00,        0.00,        1.00,        1.00,        0.00
     7776.00,       64.52,       27.39,        0.00,        0.00,        0.00,        0.00,        1.00,        4.25,        0.00,        0.00,        1.00,        1.00,        0.00
     7777.00,       64.52,       26.43,        0.00,        0.00,        0.00,        0.00,        1.00,        4.25,        0.00,        0.00,        1.00,        1.00,        0.00
     7778.00,       64.52,       26.19,        0.00,        0.00,        0.00,        0.00,        1.00,        4.25,        0.00,        0.00,        1.00,        1.00,        0.00
     7779.00,       64.52,       26.24,        0.00,        0.00,        0.00,        0.00,        1.00,        4.25,        0.00,        0.00,        1.00,        1.00,        0.00
     7780.00,       64.52,       26.57,        0.00,        0.00,        0.00,        0.00,        1.00,        4.25,        0.00,        0.00,        1.00,        1.00,        0.00
     7781.00,       64.52,       27.11,        0.00,        0.00,        0.00,        0.00,        1.00,        4.25,        0.00,        0.00,        1.00,        1.00,        0.00
     7782.00,       64.52,       27.88,        0.00,        0.00,        0.00,        0.00,        1.00,        4.25,        0.00,        0.00,        1.00,        1.00,        0.00
     7783.00,       64.52,       28.16,        0.00,        0.00,        0.00,        0.00,        1.00,        4.25,        0.00,        0.00,        1.00,        1.00,        0.00
     7784.00,       64.52,       27.63,        0.00,        0.00,        0.00,        0.00,        1.00,        4.25,        0.00,        0.00,        1.00,        1.00,        0.00
     7785.00,       64.52,       25.09,        0.00,        0.00,        0.00,        0.00,        1.00,        4.25,        0.00,        0.00,        1.00,        1.00,        0.00
     7786.00,       64.52,       23.49,        0.00,        0.00,        0.00,        0.00,        1.00,        4.25,        0.00,        0.00,        1.00,        1.00,        0.00
     7787.00,       64.52,       23.45,        0.00,        0.00,        0.00,        0.00,        1.00,        4.25,        0.00,        0.00,        1.00,        1.00,        0.00
     7788.00,       64.52,       24.75,        0.00,        0.00,        0.00,        0.00,        1.00,        4.25,        0.00,        0.00,        1.00,        1.00,        0.00
     7789.00,       64.52,       23.50,        0.00,        0.00,        0.00,        0.00,        1.00,        4.25,        0.00,        0.00,        1.00,        1.00,        0.00
     7790.00,       64.52,       23.35,        0.00,        0.00,        0.00,        0.00,        1.00,        4.25,        0.00,        0.00,        1.00,        1.00,        0.00
     7791.00,       64.52,       24.00,        0.00,        0.00,        0.00,        0.00,        1.00,        4.25,        0.00,        0.00,        1.00,        1.00,        0.00
     7792.00,       64.52,       27.24,        0.00,        0.00,        0.00,        0.00,        1.00,        4.25,        0.00,        0.00,        1.00,        1.00,        0.00
     7793.00,       64.52,       33.25,        0.00,        0.00,        0.00,        0.00,        1.00,        4.25,        0.00,        0.00,        1.00,        1.00,        0.00
     7794.00,       64.52,       41.59,        0.00,        0.00,        0.00,        0.00,        1.00,        4.25,        0.00,        0.00,        1.00,        1.00,        0.00
     7795.00,       64.52,       37.88,        0.00,        0.00,        0.00,        0.00,        1.00,        4.25,        0.00,        0.00,        1.00,        1.00,        0.00
     7796.00,       64.52,       33.05,        0.00,        0.00,        0.00,        0.00,        1.00,        4.25,        0.00,        0.00,        1.00,        1.00,        0.00
     7797.00,       64.52,       32.60,        0.00,        0.00,        0.00,        0.00,        1.00,        4.25,        0.00,        0.00,        1.00,        1.00,        0.00
     7798.00,       64.52,       28.88,        0.00,        0.00,        0.00,        0.00,        1.00,        4.25,        0.00,        0.00,        1.00,        1.00,        0.00
     7799.00,       64.52,       28.54,        0.00,        0.00,        0.00,        0.00,        1.00,        4.25,        0.00,        0.00,        1.00,        1.00,        0.00
     7800.00,       64.52,       26.88,        0.00,        0.00,        0.00,        0.00,        1.00,        4.25,        0.00,        0.00,        1.00,        1.00,        0.00
     7801.00,       64.52,       25.93,        0.00,        0.00,        0.00,        0.00,        1.00,        4.25,        0.00,        0.00,        1.00,        1.00,        0.00
     7802.00,       64.52,       24.97,        0.00,        0.00,        0.00,        0.00,        1.00,        4.25,        0.00,        0.00,        1.00,        1.00,        0.00
     7803.00,       64.52,       25.85,        0.00,        0.00,        0.00,        0.00,        1.00,        4.25,        0.00,        0.00,        1.00,        1.00,        0.00
     7804.00,       64.52,       26.24,        0.00,        0.00,        0.00,        0.00,        1.00,        4.25,        0.00,        0.00,        1.00,        1.00,        0.00
     7805.00,       64.52,       27.30,        0.00,        0.00,        0.00,        0.00,        1.00,        4.25,        0.00,        0.00,        1.00,        1.00,        0.00
     7806.00,       64.52,       28.77,        0.00,        0.00,        0.00,        0.00,        1.00,        4.25,        0.00,        0.00,        1.00,        1.00,        0.00
     7807.00,       64.52,       28.81,        0.00,        0.00,        0.00,        0.00,        1.00,        4.25,        0.00,        0.00,        1.00,        1.00,        0.00
     7808.00,       64.52,       26.76,        0.00,        0.00,        0.00,        0.00,        1.00,        4.25,        0.00,        0.00,        1.00,        1.00,        0.00
     7809.00,       64.52,       24.66,        0.00,        0.00,        0.00,        0.00,        1.00,        4.25,        0.00,        0.00,        1.00,        1.00,        0.00
     7810.00,       64.52,       23.32,        0.00,        0.00,        0.00,        0.00,        1.00,        4.25,        0.00,        0.00,        1.00,        1.00,        0.00
     7811.00,       64.52,       23.26,        0.00,        0.00,        0.00,        0.00,        1.00,        4.25,        0.00,        0.00,        1.00,        1.00,        0.00
     7812.00,       64.52,       24.34,        0.00,        0.00,        0.00,        0.00,        1.00,        4.25,        0.00,        0.00,        1.00,        1.00,        0.00
     7813.00,       64.52,       23.40,        0.00,        0.00,        0.00,        0.00,        1.00,        4.25,        0.00,        0.00,        1.00,        1.00,        0.00
     7814.00,       64.52,       23.08,        0.00,        0.00,        0.00,        0.00,        1.00,        4.25,        0.00,        0.00,        1.00,        1.00,        0.00
     7815.00,       64.52,       23.90,        0.00,        0.00,        0.00,        0.00,        1.00,        4.25,        0.00,        0.00,        1.00,        1.00,        0.00
     7816.00,       64.52,       26.99,        0.00,        0.00,        0.00,        0.00,        1.00,        4.25,        0.00,        0.00,        1.00,        1.00,        0.00
     7817.00,       64.52,       32.22,        0.00,        0.00,        0.00,        0.00,        1.00,        4.25,        0.00,        0.00,        1.00,        1.00,        0.00
     7818.00,       64.52,       42.34,        0.00,        0.00,        0.00,        0.00,        1.00,        4.25,        0.00,        0.00,        1.00,        1.00,        0.00
     7819.00,       64.52,       42.74,        0.00,        0.00,        0.00,        0.00,        1.00,        4.25,        0.00,        0.00,        1.00,        1.00,        0.00
     7820.00,       64.52,       36.64,        0.00,        0.00,        0.00,        0.00,        1.00,        4.25,        0.00,        0.00,        1.00,        1.00,        0.00
     7821.00,       64.52,       34.81,        0.00,        0.00,        0.00,        0.00,        1.00,        4.25,        0.00,        0.00,        1.00,        1.00,        0.00
     7822.00,       64.52,       30.15,        0.00,        0.00,        0.00,        0.00,        1.00,        4.25,        0.00,        0.00,        1.00,        1.00,        0.00
     7823.00,       64.52,       29.23,        0.00,        0.00,        0.00,        0.00,        1.00,        4.25,        0.00,        0.00,        1.00,        1.00,        0.00
     7824.00,       64.52,       25.13,        0.00,        0.00,        0.00,        0.00,        1.00,        4.25,        0.00,        0.00,        1.00,        1.00,        0.00
     7825.00,       64.52,       26.15,        0.00,        0.00,        0.00,        0.00,        1.00,        4.25,        0.00,        0.00,        1.00,        1.00,        0.00
     7826.00,       64.52,       25.78,        0.00,        0.00,        0.00,        0.00,        1.00,        4.25,        0.00,        0.00,        1.00,        1.00,        0.00
     7827.00,       64.52,       25.53,        0.00,        0.00,        0.00,        0.00,        1.00,        4.25,        0.00,        0.00,        1.00,        1.00,        0.00
     7828.00,       64.52,       25.69,        0.00,        0.00,        0.00,        0.00,        1.00,        4.25,        0.00,        0.00,        1.00,        1.00,        0.00
     7829.00,       64.52,       27.50,        0.00,        0.00,        0.00,        0.00,        1.00,        4.25,        0.00,        0.00,        1.00,        1.00,        0.00
     7830.00,       64.52,       30.90,        0.00,        0.00,        0.00,        0.00,        1.00,        4.25,        0.00,        0.00,        1.00,        1.00,        0.00
     7831.00,       64.52,       33.72,        0.00,        0.00,        0.00,        0.00,        1.00,        4.25,        0.00,        0.00,        1.00,        1.00,        0.00
     7832.00,       64.52,       32.97,        0.00,        0.00,        0.00,        0.00,        1.00,        4.25,        0.00,        0.00,        1.00,        1.00,        0.00
     7833.00,       64.52,       27.31,        0.00,        0.00,        0.00,        0.00,        1.00,        4.25,        0.00,        0.00,        1.00,        1.00,        0.00
     7834.00,       64.52,       25.87,        0.00,        0.00,        0.00,        0.00,        1.00,        4.25,        0.00,        0.00,        1.00,        1.00,        0.00
     7835.00,       64.52,       25.39,        0.00,        0.00,        0.00,        0.00,        1.00,        4.25,        0.00,        0.00,        1.00,        1.00,        0.00
     7836.00,       64.52,       27.51,        0.00,        0.00,        0.00,        0.00,        1.00,        4.25,        0.00,        0.00,        1.00,        1.00,        0.00
     7837.00,       64.52,       24.18,        0.00,        0.00,        0.00,        0.00,        1.00,        4.25,        0.00,        0.00,        1.00,        1.00,        0.00
     7838.00,       64.52,       24.00,        0.00,        0.00,        0.00,        0.00,        1.00,        4.25,        0.00,        0.00,        1.00,        1.00,        0.00
     7839.00,       64.52,       25.18,        0.00,        0.00,        0.00,        0.00,        1.00,        4.25,        0.00,        0.00,        1.00,        1.00,        0.00
     7840.00,       64.52,       26.16,        0.00,        0.00,        0.00,        0.00,        1.00,        4.25,        0.00,        0.00,        1.00,        1.00,        0.00
     7841.00,       64.52,       34.07,        0.00,        0.00,        0.00,        0.00,        1.00,        4.25,        0.00,        0.00,        1.00,        1.00,        0.00
     7842.00,       64.52,       46.30,        0.00,        0.00,        0.00,        0.00,        1.00,        4.25,        0.00,        0.00,        1.00,        1.00,        0.00
     7843.00,       64.52,       40.12,        0.00,        0.00,        0.00,        0.00,        1.00,        4.25,        0.00,        0.00,        1.00,        1.00,        0.00
     7844.00,       64.52,       34.17,        0.00,        0.00,        0.00,        0.00,        1.00,        4.25,        0.00,        0.00,        1.00,        1.00,        0.00
     7845.00,       64.52,       32.30,        0.00,        0.00,        0.00,        0.00,        1.00,        4.25,        0.00,        0.00,        1.00,        1.00,        0.00
     7846.00,       64.52,       28.61,        0.00,        0.00,        0.00,        0.00,        1.00,        4.25,        0.00,        0.00,        1.00,        1.00,        0.00
     7847.00,       64.52,       28.73,        0.00,        0.00,        0.00,        0.00,        1.00,        4.25,        0.00,        0.00,        1.00,        1.00,        0.00
     7848.00,       64.52,       25.99,        0.00,        0.00,        0.00,        0.00,        1.00,        4.25,        0.00,        0.00,        1.00,        1.00,        0.00
     7849.00,       64.52,       25.61,        0.00,        0.00,        0.00,        0.00,        1.00,        4.25,        0.00,        0.00,        1.00,        1.00,        0.00
     7850.00,       64.52,       25.62,        0.00,        0.00,        0.00,        0.00,        1.00,        4.25,        0.00,        0.00,        1.00,        1.00,        0.00
     7851.00,       64.52,       24.77,        0.00,        0.00,        0.00,        0.00,        1.00,        4.25,        0.00,        0.00,        1.00,        1.00,        0.00
     7852.00,       64.52,       25.52,        0.00,        0.00,        0.00,        0.00,        1.00,        4.25,        0.00,        0.00,        1.00,        1.00,        0.00
     7853.00,       64.52,       26.11,        0.00,        0.00,        0.00,        0.00,        1.00,        4.25,        0.00,        0.00,        1.00,        1.00,        0.00
     7854.00,       64.52,       30.24,        0.00,        0.00,        0.00,        0.00,        1.00,        4.25,        0.00,        0.00,        1.00,        1.00,        0.00
     7855.00,       64.52,       33.05,        0.00,        0.00,        0.00,        0.00,        1.00,        4.25,        0.00,        0.00,        1.00,        1.00,        0.00
     7856.00,       64.52,       32.64,        0.00,        0.00,        0.00,        0.00,        1.00,        4.25,        0.00,        0.00,        1.00,        1.00,        0.00
     7857.00,       64.52,       28.50,        0.00,        0.00,        0.00,        0.00,        1.00,        4.25,        0.00,        0.00,        1.00,        1.00,        0.00
     7858.00,       64.52,       27.29,        0.00,        0.00,        0.00,        0.00,        1.00,        4.25,        0.00,        0.00,        1.00,        1.00,        0.00
     7859.00,       64.52,       23.02,        0.00,        0.00,        0.00,        0.00,        1.00,        4.25,        0.00,        0.00,        1.00,        1.00,        0.00
     7860.00,       64.52,       27.26,        0.00,        0.00,        0.00,        0.00,        1.00,        4.25,        0.00,        0.00,        1.00,        1.00,        0.00
     7861.00,       64.52,       24.84,        0.00,        0.00,        0.00,        0.00,        1.00,        4.25,        0.00,        0.00,        1.00,        1.00,        0.00
     7862.00,       64.52,       24.55,        0.00,        0.00,        0.00,        0.00,        1.00,        4.25,        0.00,        0.00,        1.00,        1.00,        0.00
     7863.00,       64.52,       25.31,        0.00,        0.00,        0.00,        0.00,        1.00,        4.25,        0.00,        0.00,        1.00,        1.00,        0.00
     7864.00,       64.52,       26.64,        0.00,        0.00,        0.00,        0.00,        1.00,        4.25,        0.00,        0.00,        1.00,        1.00,        0.00
     7865.00,       64.52,       31.87,        0.00,        0.00,        0.00,        0.00,        1.00,        4.25,        0.00,        0.00,        1.00,        1.00,        0.00
     7866.00,       64.52,       45.09,        0.00,        0.00,        0.00,        0.00,        1.00,        4.25,        0.00,        0.00,        1.00,        1.00,        0.00
     7867.00,       64.52,       38.33,        0.00,        0.00,        0.00,        0.00,        1.00,        4.25,        0.00,        0.00,        1.00,        1.00,        0.00
     7868.00,       64.52,       35.01,        0.00,        0.00,        0.00,        0.00,        1.00,        4.25,        0.00,        0.00,        1.00,        1.00,        0.00
     7869.00,       64.52,       32.58,        0.00,        0.00,        0.00,        0.00,        1.00,        4.25,        0.00,        0.00,        1.00,        1.00,        0.00
     7870.00,       64.52,       28.66,        0.00,        0.00,        0.00,        0.00,        1.00,        4.25,        0.00,        0.00,        1.00,        1.00,        0.00
     7871.00,       64.52,       28.30,        0.00,        0.00,        0.00,        0.00,        1.00,        4.25,        0.00,        0.00,        1.00,        1.00,        0.00
     7872.00,       64.52,       26.40,        0.00,        0.00,        0.00,        0.00,        1.00,        4.25,        0.00,        0.00,        1.00,        1.00,        0.00
     7873.00,       64.52,       26.04,        0.00,        0.00,        0.00,        0.00,        1.00,        4.25,        0.00,        0.00,        1.00,        1.00,        0.00
     7874.00,       64.52,       25.74,        0.00,        0.00,        0.00,        0.00,        1.00,        4.25,        0.00,        0.00,        1.00,        1.00,        0.00
     7875.00,       64.52,       24.86,        0.00,        0.00,        0.00,        0.00,        1.00,        4.25,        0.00,        0.00,        1.00,        1.00,        0.00
     7876.00,       64.52,       25.84,        0.00,        0.00,        0.00,        0.00,        1.00,        4.25,        0.00,        0.00,        1.00,        1.00,        0.00
     7877.00,       64.52,       26.45,        0.00,        0.00,        0.00,        0.00,        1.00,        4.25,        0.00,        0.00,        1.00,        1.00,        0.00
     7878.00,       64.52,       32.23,        0.00,        0.00,        0.00,        0.00,        1.00,        4.25,        0.00,        0.00,        1.00,        1.00,        0.00
     7879.00,       64.52,       34.11,        0.00,        0.00,        0.00,        0.00,        1.00,        4.25,        0.00,        0.00,        1.00,        1.00,        0.00
     7880.00,       64.52,       33.64,        0.00,        0.00,        0.00,        0.00,        1.00,        4.25,        0.00,        0.00,        1.00,        1.00,        0.00
     7881.00,       64.52,       29.32,        0.00,        0.00,        0.00,        0.00,        1.00,        4.25,        0.00,        0.00,        1.00,        1.00,        0.00
     7882.00,       64.52,       27.98,        0.00,        0.00,        0.00,        0.00,        1.00,        4.25,        0.00,        0.00,        1.00,        1.00,        0.00
     7883.00,       64.52,       28.56,        0.00,        0.00,        0.00,        0.00,        1.00,        4.25,        0.00,        0.00,        1.00,        1.00,        0.00
     7884.00,       64.52,       28.49,        0.00,        0.00,        0.00,        0.00,        1.00,        4.25,        0.00,        0.00,        1.00,        1.00,        0.00
     7885.00,       64.52,       24.83,        0.00,        0.00,        0.00,        0.00,        1.00,        4.25,        0.00,        0.00,        1.00,        1.00,        0.00
     7886.00,       64.52,       25.05,        0.00,        0.00,        0.00,        0.00,        1.00,        4.25,        0.00,        0.00,        1.00,        1.00,        0.00
     7887.00,       64.52,       25.00,        0.00,        0.00,        0.00,        0.00,        1.00,        4.25,        0.00,        0.00,        1.00,        1.00,        0.00
     7888.00,       64.52,       26.76,        0.00,        0.00,        0.00,        0.00,        1.00,        4.25,        0.00,        0.00,        1.00,        1.00,        0.00
     7889.00,       64.52,       31.03,        0.00,        0.00,        0.00,        0.00,        1.00,        4.25,        0.00,        0.00,        1.00,        1.00,        0.00
     7890.00,       64.52,       43.75,        0.00,        0.00,        0.00,        0.00,        1.00,        4.25,        0.00,        0.00,        1.00,        1.00,        0.00
     7891.00,       64.52,       38.25,        0.00,        0.00,        0.00,        0.00,        1.00,        4.25,        0.00,        0.00,        1.00,        1.00,        0.00
     7892.00,       64.52,       35.65,        0.00,        0.00,        0.00,        0.00,        1.00,        4.25,        0.00,        0.00,        1.00,        1.00,        0.00
     7893.00,       64.52,       32.82,        0.00,        0.00,        0.00,        0.00,        1.00,        4.25,        0.00,        0.00,        1.00,        1.00,        0.00
     7894.00,       64.52,       30.60,        0.00,        0.00,        0.00,        0.00,        1.00,        4.25,        0.00,        0.00,        1.00,        1.00,        0.00
     7895.00,       64.52,       28.92,        0.00,        0.00,        0.00,        0.00,        1.00,        4.25,        0.00,        0.00,        1.00,        1.00,        0.00
     7896.00,       64.52,       27.17,        0.00,        0.00,        0.00,        0.00,        1.00,        4.25,        0.00,        0.00,        1.00,        1.00,        0.00
     7897.00,       64.52,       25.99,        0.00,        0.00,        0.00,        0.00,        1.00,        4.25,        0.00,        0.00,        1.00,        1.00,        0.00
     7898.00,       64.52,       25.51,        0.00,        0.00,        0.00,        0.00,        1.00,        4.25,        0.00,        0.00,        1.00,        1.00,        0.00
     7899.00,       64.52,       25.38,        0.00,        0.00,        0.00,        0.00,        1.00,        4.25,        0.00,        0.00,        1.00,        1.00,        0.00
     7900.00,       64.52,       24.96,        0.00,        0.00,        0.00,        0.00,        1.00,        4.25,        0.00,        0.00,        1.00,        1.00,        0.00
     7901.00,       64.52,       25.55,        0.00,        0.00,        0.00,        0.00,        1.00,        4.25,        0.00,        0.00,        1.00,        1.00,        0.00
     7902.00,       64.52,       29.13,        0.00,        0.00,        0.00,        0.00,        1.00,        4.25,        0.00,        0.00,        1.00,        1.00,        0.00
     7903.00,       64.52,       29.65,        0.00,        0.00,        0.00,        0.00,        1.00,        4.25,        0.00,        0.00,        1.00,        1.00,        0.00
     7904.00,       64.52,       28.88,        0.00,        0.00,        0.00,        0.00,        1.00,        4.25,        0.00,        0.00,        1.00,        1.00,        0.00
     7905.00,       64.52,       26.80,        0.00,        0.00,        0.00,        0.00,        1.00,        4.25,        0.00,        0.00,        1.00,        1.00,        0.00
     7906.00,       64.52,       26.60,        0.00,        0.00,        0.00,        0.00,        1.00,        4.25,        0.00,        0.00,        1.00,        1.00,        0.00
     7907.00,       64.52,       25.27,        0.00,        0.00,        0.00,        0.00,        1.00,        4.25,        0.00,        0.00,        1.00,        1.00,        0.00
     7908.00,       64.52,       26.10,        0.00,        0.00,        0.00,        0.00,        1.00,        4.25,        0.00,        0.00,        1.00,        1.00,        0.00
     7909.00,       64.52,       25.31,        0.00,        0.00,        0.00,        0.00,        1.00,        4.25,        0.00,        0.00,        1.00,        1.00,        0.00
     7910.00,       64.52,       24.63,        0.00,        0.00,        0.00,        0.00,        1.00,        4.25,        0.00,        0.00,        1.00,        1.00,        0.00
     7911.00,       64.52,       24.47,        0.00,        0.00,        0.00,        0.00,        1.00,        4.25,        0.00,        0.00,        1.00,        1.00,        0.00
     7912.00,       64.52,       26.50,        0.00,        0.00,        0.00,        0.00,        1.00,        4.25,        0.00,        0.00,        1.00,        1.00,        0.00
     7913.00,       64.52,       30.13,        0.00,        0.00,        0.00,        0.00,        1.00,        4.25,        0.00,        0.00,        1.00,        1.00,        0.00
     7914.00,       64.52,       34.97,        0.00,        0.00,        0.00,        0.00,        1.00,        4.25,        0.00,        0.00,        1.00,        1.00,        0.00
     7915.00,       64.52,       33.00,        0.00,        0.00,        0.00,        0.00,        1.00,        4.25,        0.00,        0.00,        1.00,        1.00,        0.00
     7916.00,       64.52,       32.49,        0.00,        0.00,        0.00,        0.00,        1.00,        4.25,        0.00,        0.00,        1.00,        1.00,        0.00
     7917.00,       64.52,       30.92,        0.00,        0.00,        0.00,        0.00,        1.00,        4.25,        0.00,        0.00,        1.00,        1.00,        0.00
     7918.00,       64.52,       29.10,        0.00,        0.00,        0.00,        0.00,        1.00,        4.25,        0.00,        0.00,        1.00,        1.00,        0.00
     7919.00,       64.52,       28.28,        0.00,        0.00,        0.00,        0.00,        1.00,        4.25,        0.00,        0.00,        1.00,        1.00,        0.00
     7920.00,       64.52,       26.21,        0.00,        0.00,        0.00,        0.00,        1.00,        4.25,        0.00,        0.00,        1.00,        1.00,        0.00
     7921.00,       64.52,       27.34,        0.00,        0.00,        0.00,        0.00,        1.00,        4.25,        0.00,        0.00,        1.00,        1.00,        0.00
     7922.00,       64.52,       25.95,        0.00,        0.00,        0.00,        0.00,        1.00,        4.25,        0.00,        0.00,        1.00,        1.00,        0.00
     7923.00,       64.52,       25.97,        0.00,        0.00,        0.00,        0.00,        1.00,        4.25,        0.00,        0.00,        1.00,        1.00,        0.00
     7924.00,       64.52,       26.63,        0.00,        0.00,        0.00,        0.00,        1.00,        4.25,        0.00,        0.00,        1.00,        1.00,        0.00
     7925.00,       64.52,       27.61,        0.00,        0.00,        0.00,        0.00,        1.00,        4.25,        0.00,        0.00,        1.00,        1.00,        0.00
     7926.00,       64.52,       29.27,        0.00,        0.00,        0.00,        0.00,        1.00,        4.25,        0.00,        0.00,        1.00,        1.00,        0.00
     7927.00,       64.52,       29.61,        0.00,        0.00,        0.00,        0.00,        1.00,        4.25,        0.00,        0.00,        1.00,        1.00,        0.00
     7928.00,       64.52,       29.40,        0.00,        0.00,        0.00,        0.00,        1.00,        4.25,        0.00,        0.00,        1.00,        1.00,        0.00
     7929.00,       64.52,       26.67,        0.00,        0.00,        0.00,        0.00,        1.00,        4.25,        0.00,        0.00,        1.00,        1.00,        0.00
     7930.00,       64.52,       25.42,        0.00,        0.00,        0.00,        0.00,        1.00,        4.25,        0.00,        0.00,        1.00,        1.00,        0.00
     7931.00,       64.52,       23.87,        0.00,        0.00,        0.00,        0.00,        1.00,        4.25,        0.00,        0.00,        1.00,        1.00,        0.00
     7932.00,       64.52,       23.70,        0.00,        0.00,        0.00,        0.00,        1.00,        4.25,        0.00,        0.00,        1.00,        1.00,        0.00
     7933.00,       64.52,       23.62,        0.00,        0.00,        0.00,        0.00,        1.00,        4.25,        0.00,        0.00,        1.00,        1.00,        0.00
     7934.00,       64.52,       23.29,        0.00,        0.00,        0.00,        0.00,        1.00,        4.25,        0.00,        0.00,        1.00,        1.00,        0.00
     7935.00,       64.52,       23.70,        0.00,        0.00,        0.00,        0.00,        1.00,        4.25,        0.00,        0.00,        1.00,        1.00,        0.00
     7936.00,       64.52,       26.69,        0.00,        0.00,        0.00,        0.00,        1.00,        4.25,        0.00,        0.00,        1.00,        1.00,        0.00
     7937.00,       64.52,       31.73,        0.00,        0.00,        0.00,        0.00,        1.00,        4.25,        0.00,        0.00,        1.00,        1.00,        0.00
     7938.00,       64.52,       39.63,        0.00,        0.00,        0.00,        0.00,        1.00,        4.25,        0.00,        0.00,        1.00,        1.00,        0.00
     7939.00,       64.52,       35.67,        0.00,        0.00,        0.00,        0.00,        1.00,        4.25,        0.00,        0.00,        1.00,        1.00,        0.00
     7940.00,       64.52,       32.69,        0.00,        0.00,        0.00,        0.00,        1.00,        4.25,        0.00,        0.00,        1.00,        1.00,        0.00
     7941.00,       64.52,       31.99,        0.00,        0.00,        0.00,        0.00,        1.00,        4.25,        0.00,        0.00,        1.00,        1.00,        0.00
     7942.00,       64.52,       29.85,        0.00,        0.00,        0.00,        0.00,        1.00,        4.25,        0.00,        0.00,        1.00,        1.00,        0.00
     7943.00,       64.52,       29.36,        0.00,        0.00,        0.00,        0.00,        1.00,        4.25,        0.00,        0.00,        1.00,        1.00,        0.00
     7944.00,       64.52,       27.60,        0.00,        0.00,        0.00,        0.00,        1.00,        4.25,        0.00,        0.00,        1.00,        1.00,        0.00
     7945.00,       64.52,       29.09,        0.00,        0.00,        0.00,        0.00,        1.00,        4.25,        0.00,        0.00,        1.00,        1.00,        0.00
     7946.00,       64.52,       26.91,        0.00,        0.00,        0.00,        0.00,        1.00,        4.25,        0.00,        0.00,        1.00,        1.00,        0.00
     7947.00,       64.52,       26.33,        0.00,        0.00,        0.00,        0.00,        1.00,        4.25,        0.00,        0.00,        1.00,        1.00,        0.00
     7948.00,       64.52,       26.68,        0.00,        0.00,        0.00,        0.00,        1.00,        4.25,        0.00,        0.00,        1.00,        1.00,        0.00
     7949.00,       64.52,       28.91,        0.00,        0.00,        0.00,        0.00,        1.00,        4.25,        0.00,        0.00,        1.00,        1.00,        0.00
     7950.00,       64.52,       29.80,        0.00,        0.00,        0.00,        0.00,        1.00,        4.25,        0.00,        0.00,        1.00,        1.00,        0.00
     7951.00,       64.52,       29.46,        0.00,        0.00,        0.00,        0.00,        1.00,        4.25,        0.00,        0.00,        1.00,        1.00,        0.00
     7952.00,       64.52,       29.24,        0.00,        0.00,        0.00,        0.00,        1.00,        4.25,        0.00,        0.00,        1.00,        1.00,        0.00
     7953.00,       64.52,       28.58,        0.00,        0.00,        0.00,        0.00,        1.00,        4.25,        0.00,        0.00,        1.00,        1.00,        0.00
     7954.00,       64.52,       27.57,        0.00,        0.00,        0.00,        0.00,        1.00,        4.25,        0.00,        0.00,        1.00,        1.00,        0.00
     7955.00,       64.52,       26.68,        0.00,        0.00,        0.00,        0.00,        1.00,        4.25,        0.00,        0.00,        1.00,        1.00,        0.00
     7956.00,       64.52,       26.56,        0.00,        0.00,        0.00,        0.00,        1.00,        4.25,        0.00,        0.00,        1.00,        1.00,        0.00
     7957.00,       64.52,       25.07,        0.00,        0.00,        0.00,        0.00,        1.00,        4.25,        0.00,        0.00,        1.00,        1.00,        0.00
     7958.00,       64.52,       24.16,        0.00,        0.00,        0.00,        0.00,        1.00,        4.25,        0.00,        0.00,        1.00,        1.00,        0.00
     7959.00,       64.52,       25.27,        0.00,        0.00,        0.00,        0.00,        1.00,        4.25,        0.00,        0.00,        1.00,        1.00,        0.00
     7960.00,       64.52,       27.45,        0.00,        0.00,        0.00,        0.00,        1.00,        4.25,        0.00,        0.00,        1.00,        1.00,        0.00
     7961.00,       64.52,       31.64,        0.00,        0.00,        0.00,        0.00,        1.00,        4.25,        0.00,        0.00,        1.00,        1.00,        0.00
     7962.00,       64.52,       44.04,        0.00,        0.00,        0.00,        0.00,        1.00,        4.25,        0.00,        0.00,        1.00,        1.00,        0.00
     7963.00,       64.52,       39.02,        0.00,        0.00,        0.00,        0.00,        1.00,        4.25,        0.00,        0.00,        1.00,        1.00,        0.00
     7964.00,       64.52,       35.77,        0.00,        0.00,        0.00,        0.00,        1.00,        4.25,        0.00,        0.00,        1.00,        1.00,        0.00
     7965.00,       64.52,       33.92,        0.00,        0.00,        0.00,        0.00,        1.00,        4.25,        0.00,        0.00,        1.00,        1.00,        0.00
     7966.00,       64.52,       31.79,        0.00,        0.00,        0.00,        0.00,        1.00,        4.25,        0.00,        0.00,        1.00,        1.00,        0.00
     7967.00,       64.52,       30.98,        0.00,        0.00,        0.00,        0.00,        1.00,        4.25,        0.00,        0.00,        1.00,        1.00,        0.00
     7968.00,       64.52,       29.06,        0.00,        0.00,        0.00,        0.00,        1.00,        4.25,        0.00,        0.00,        1.00,        1.00,        0.00
     7969.00,       64.52,       28.58,        0.00,        0.00,        0.00,        0.00,        1.00,        4.25,        0.00,        0.00,        1.00,        1.00,        0.00
     7970.00,       64.52,       28.53,        0.00,        0.00,        0.00,        0.00,        1.00,        4.25,        0.00,        0.00,        1.00,        1.00,        0.00
     7971.00,       64.52,       27.65,        0.00,        0.00,        0.00,        0.00,        1.00,        4.25,        0.00,        0.00,        1.00,        1.00,        0.00
     7972.00,       64.52,       27.75,        0.00,        0.00,        0.00,        0.00,        1.00,        4.25,        0.00,        0.00,        1.00,        1.00,        0.00
     7973.00,       64.52,       28.69,        0.00,        0.00,        0.00,        0.00,        1.00,        4.25,        0.00,        0.00,        1.00,        1.00,        0.00
     7974.00,       64.52,       29.63,        0.00,        0.00,        0.00,        0.00,        1.00,        4.25,        0.00,        0.00,        1.00,        1.00,        0.00
     7975.00,       64.52,       31.30,        0.00,        0.00,        0.00,        0.00,        1.00,        4.25,        0.00,        0.00,        1.00,        1.00,        0.00
     7976.00,       64.52,       30.45,        0.00,        0.00,        0.00,        0.00,        1.00,        4.25,        0.00,        0.00,        1.00,        1.00,        0.00
     7977.00,       64.52,       29.62,        0.00,        0.00,        0.00,        0.00,        1.00,        4.25,        0.00,        0.00,        1.00,        1.00,        0.00
     7978.00,       64.52,       29.76,        0.00,        0.00,        0.00,        0.00,        1.00,        4.25,        0.00,        0.00,        1.00,        1.00,        0.00
     7979.00,       64.52,       28.43,        0.00,        0.00,        0.00,        0.00,        1.00,        4.25,        0.00,        0.00,        1.00,        1.00,        0.00
     7980.00,       64.52,       28.34,        0.00,        0.00,        0.00,        0.00,        1.00,        4.25,        0.00,        0.00,        1.00,        1.00,        0.00
     7981.00,       64.52,       24.37,        0.00,        0.00,        0.00,        0.00,        1.00,        4.25,        0.00,        0.00,        1.00,        1.00,        0.00
     7982.00,       64.52,       27.10,        0.00,        0.00,        0.00,        0.00,        1.00,        4.25,        0.00,        0.00,        1.00,        1.00,        0.00
     7983.00,       64.52,       25.32,        0.00,        0.00,        0.00,        0.00,        1.00,        4.25,        0.00,        0.00,        1.00,        1.00,        0.00
     7984.00,       64.52,       28.72,        0.00,        0.00,        0.00,        0.00,        1.00,        4.25,        0.00,        0.00,        1.00,        1.00,        0.00
     7985.00,       64.52,       34.39,        0.00,        0.00,        0.00,        0.00,        1.00,        4.25,        0.00,        0.00,        1.00,        1.00,        0.00
     7986.00,       64.52,       48.06,        0.00,        0.00,        0.00,        0.00,        1.00,        4.25,        0.00,        0.00,        1.00,        1.00,        0.00
     7987.00,       64.52,       46.73,        0.00,        0.00,        0.00,        0.00,        1.00,        4.25,        0.00,        0.00,        1.00,        1.00,        0.00
     7988.00,       64.52,       40.11,        0.00,        0.00,        0.00,        0.00,        1.00,        4.25,        0.00,        0.00,        1.00,        1.00,        0.00
     7989.00,       64.52,       38.37,        0.00,        0.00,        0.00,        0.00,        1.00,        4.25,        0.00,        0.00,        1.00,        1.00,        0.00
     7990.00,       64.52,       33.46,        0.00,        0.00,        0.00,        0.00,        1.00,        4.25,        0.00,        0.00,        1.00,        1.00,        0.00
     7991.00,       64.52,       31.68,        0.00,        0.00,        0.00,        0.00,        1.00,        4.25,        0.00,        0.00,        1.00,        1.00,        0.00
     7992.00,       64.52,       28.84,        0.00,        0.00,        0.00,        0.00,        1.00,        4.25,        0.00,        0.00,        1.00,        1.00,        0.00
     7993.00,       64.52,       28.77,        0.00,        0.00,        0.00,        0.00,        1.00,        4.25,        0.00,        0.00,        1.00,        1.00,        0.00
     7994.00,       64.52,       27.98,        0.00,        0.00,        0.00,        0.00,        1.00,        4.25,        0.00,        0.00,        1.00,        1.00,        0.00
     7995.00,       64.52,       26.60,        0.00,        0.00,        0.00,        0.00,        1.00,        4.25,        0.00,        0.00,        1.00,        1.00,        0.00
     7996.00,       64.52,       26.46,        0.00,        0.00,        0.00,        0.00,        1.00,        4.25,        0.00,        0.00,        1.00,        1.00,        0.00
     7997.00,       64.52,       28.24,        0.00,        0.00,        0.00,        0.00,        1.00,        4.25,        0.00,        0.00,        1.00,        1.00,        0.00
     7998.00,       64.52,       33.26,        0.00,        0.00,        0.00,        0.00,        1.00,        4.25,        0.00,        0.00,        1.00,        1.00,        0.00
     7999.00,       64.52,       44.51,        0.00,        0.00,        0.00,        0.00,        1.00,        4.25,        0.00,        0.00,        1.00,        1.00,        0.00
     8000.00,       64.52,       43.38,        0.00,        0.00,        0.00,        0.00,        1.00,        4.25,        0.00,        0.00,        1.00,        1.00,        0.00
     8001.00,       64.52,       32.73,        0.00,        0.00,        0.00,        0.00,        1.00,        4.25,        0.00,        0.00,        1.00,        1.00,        0.00
     8002.00,       64.52,       30.90,        0.00,        0.00,        0.00,        0.00,        1.00,        4.25,        0.00,        0.00,        1.00,        1.00,        0.00
     8003.00,       64.52,       27.49,        0.00,        0.00,        0.00,        0.00,        1.00,        4.25,        0.00,        0.00,        1.00,        1.00,        0.00
     8004.00,       64.52,       27.10,        0.00,        0.00,        0.00,        0.00,        1.00,        4.25,        0.00,        0.00,        1.00,        1.00,        0.00
     8005.00,       64.52,       25.54,        0.00,        0.00,        0.00,        0.00,        1.00,        4.25,        0.00,        0.00,        1.00,        1.00,        0.00
     8006.00,       64.52,       24.40,        0.00,        0.00,        0.00,        0.00,        1.00,        4.25,        0.00,        0.00,        1.00,        1.00,        0.00
     8007.00,       64.52,       25.50,        0.00,        0.00,        0.00,        0.00,        1.00,        4.25,        0.00,        0.00,        1.00,        1.00,        0.00
     8008.00,       64.52,       29.83,        0.00,        0.00,        0.00,        0.00,        1.00,        4.25,        0.00,        0.00,        1.00,        1.00,        0.00
     8009.00,       64.52,       35.83,        0.00,        0.00,        0.00,        0.00,        1.00,        4.25,        0.00,        0.00,        1.00,        1.00,        0.00
     8010.00,       64.52,       49.30,        0.00,        0.00,        0.00,        0.00,        1.00,        4.25,        0.00,        0.00,        1.00,        1.00,        0.00
     8011.00,       64.52,       47.31,        0.00,        0.00,        0.00,        0.00,        1.00,        4.25,        0.00,        0.00,        1.00,        1.00,        0.00
     8012.00,       64.52,       39.63,        0.00,        0.00,        0.00,        0.00,        1.00,        4.25,        0.00,        0.00,        1.00,        1.00,        0.00
     8013.00,       64.52,       38.18,        0.00,        0.00,        0.00,        0.00,        1.00,        4.25,        0.00,        0.00,        1.00,        1.00,        0.00
     8014.00,       64.52,       32.85,        0.00,        0.00,        0.00,        0.00,        1.00,        4.25,        0.00,        0.00,        1.00,        1.00,        0.00
     8015.00,       64.52,       31.64,        0.00,        0.00,        0.00,        0.00,        1.00,        4.25,        0.00,        0.00,        1.00,        1.00,        0.00
     8016.00,       64.52,       28.64,        0.00,        0.00,        0.00,        0.00,        1.00,        4.25,        0.00,        0.00,        1.00,        1.00,        0.00
     8017.00,       64.52,       26.02,        0.00,        0.00,        0.00,        0.00,        1.00,        4.25,        0.00,        0.00,        1.00,        1.00,        0.00
     8018.00,       64.52,       25.93,        0.00,        0.00,        0.00,        0.00,        1.00,        4.25,        0.00,        0.00,        1.00,        1.00,        0.00
     8019.00,       64.52,       26.03,        0.00,        0.00,        0.00,        0.00,        1.00,        4.25,        0.00,        0.00,        1.00,        1.00,        0.00
     8020.00,       64.52,       26.06,        0.00,        0.00,        0.00,        0.00,        1.00,        4.25,        0.00,        0.00,        1.00,        1.00,        0.00
     8021.00,       64.52,       28.75,        0.00,        0.00,        0.00,        0.00,        1.00,        4.25,        0.00,        0.00,        1.00,        1.00,        0.00
     8022.00,       64.52,       33.46,        0.00,        0.00,        0.00,        0.00,        1.00,        4.25,        0.00,        0.00,        1.00,        1.00,        0.00
     8023.00,       64.52,       41.45,        0.00,        0.00,        0.00,        0.00,        1.00,        4.25,        0.00,        0.00,        1.00,        1.00,        0.00
     8024.00,       64.52,       44.85,        0.00,        0.00,        0.00,        0.00,        1.00,        4.25,        0.00,        0.00,        1.00,        1.00,        0.00
     8025.00,       64.52,       35.79,        0.00,        0.00,        0.00,        0.00,        1.00,        4.25,        0.00,        0.00,        1.00,        1.00,        0.00
     8026.00,       64.52,       32.17,        0.00,        0.00,        0.00,        0.00,        1.00,        4.25,        0.00,        0.00,        1.00,        1.00,        0.00
     8027.00,       64.52,       30.52,        0.00,        0.00,        0.00,        0.00,        1.00,        4.25,        0.00,        0.00,        1.00,        1.00,        0.00
     8028.00,       64.52,       30.51,        0.00,        0.00,        0.00,        0.00,        1.00,        4.25,        0.00,        0.00,        1.00,        1.00,        0.00
     8029.00,       64.52,       26.92,        0.00,        0.00,        0.00,        0.00,        1.00,        4.25,        0.00,        0.00,        1.00,        1.00,        0.00
     8030.00,       64.52,       26.66,        0.00,        0.00,        0.00,        0.00,        1.00,        4.25,        0.00,        0.00,        1.00,        1.00,        0.00
     8031.00,       64.52,       28.17,        0.00,        0.00,        0.00,        0.00,        1.00,        4.25,        0.00,        0.00,        1.00,        1.00,        0.00
     8032.00,       64.52,       30.75,        0.00,        0.00,        0.00,        0.00,        1.00,        4.25,        0.00,        0.00,        1.00,        1.00,        0.00
     8033.00,       64.52,       37.96,        0.00,        0.00,        0.00,        0.00,        1.00,        4.25,        0.00,        0.00,        1.00,        1.00,        0.00
     8034.00,       64.52,       53.12,        0.00,        0.00,        0.00,        0.00,        1.00,        4.25,        0.00,        0.00,        1.00,        1.00,        0.00
     8035.00,       64.52,       50.76,        0.00,        0.00,        0.00,        0.00,        1.00,        4.25,        0.00,        0.00,        1.00,        1.00,        0.00
     8036.00,       64.52,       42.50,        0.00,        0.00,        0.00,        0.00,        1.00,        4.25,        0.00,        0.00,        1.00,        1.00,        0.00
     8037.00,       64.52,       39.75,        0.00,        0.00,        0.00,        0.00,        1.00,        4.25,        0.00,        0.00,        1.00,        1.00,        0.00
     8038.00,       64.52,       34.97,        0.00,        0.00,        0.00,        0.00,        1.00,        4.25,        0.00,        0.00,        1.00,        1.00,        0.00
     8039.00,       64.52,       32.77,        0.00,        0.00,        0.00,        0.00,        1.00,        4.25,        0.00,        0.00,        1.00,        1.00,        0.00
     8040.00,       64.52,       29.68,        0.00,        0.00,        0.00,        0.00,        1.00,        4.25,        0.00,        0.00,        1.00,        1.00,        0.00
     8041.00,       64.52,       26.24,        0.00,        0.00,        0.00,        0.00,        1.00,        4.25,        0.00,        0.00,        1.00,        1.00,        0.00
     8042.00,       64.52,       25.75,        0.00,        0.00,        0.00,        0.00,        1.00,        4.25,        0.00,        0.00,        1.00,        1.00,        0.00
     8043.00,       64.52,       25.14,        0.00,        0.00,        0.00,        0.00,        1.00,        4.25,        0.00,        0.00,        1.00,        1.00,        0.00
     8044.00,       64.52,       25.71,        0.00,        0.00,        0.00,        0.00,        1.00,        4.25,        0.00,        0.00,        1.00,        1.00,        0.00
     8045.00,       64.52,       27.89,        0.00,        0.00,        0.00,        0.00,        1.00,        4.25,        0.00,        0.00,        1.00,        1.00,        0.00
     8046.00,       64.52,       32.16,        0.00,        0.00,        0.00,        0.00,        1.00,        4.25,        0.00,        0.00,        1.00,        1.00,        0.00
     8047.00,       64.52,       38.09,        0.00,        0.00,        0.00,        0.00,        1.00,        4.25,        0.00,        0.00,        1.00,        1.00,        0.00
     8048.00,       64.52,       38.70,        0.00,        0.00,        0.00,        0.00,        1.00,        4.25,        0.00,        0.00,        1.00,        1.00,        0.00
     8049.00,       64.52,       31.24,        0.00,        0.00,        0.00,        0.00,        1.00,        4.25,        0.00,        0.00,        1.00,        1.00,        0.00
     8050.00,       64.52,       28.65,        0.00,        0.00,        0.00,        0.00,        1.00,        4.25,        0.00,        0.00,        1.00,        1.00,        0.00
     8051.00,       64.52,       26.08,        0.00,        0.00,        0.00,        0.00,        1.00,        4.25,        0.00,        0.00,        1.00,        1.00,        0.00
     8052.00,       64.52,       26.44,        0.00,        0.00,        0.00,        0.00,        1.00,        4.25,        0.00,        0.00,        1.00,        1.00,        0.00
     8053.00,       64.52,       25.14,        0.00,        0.00,        0.00,        0.00,        1.00,        4.25,        0.00,        0.00,        1.00,        1.00,        0.00
     8054.00,       64.52,       25.54,        0.00,        0.00,        0.00,        0.00,        1.00,        4.25,        0.00,        0.00,        1.00,        1.00,        0.00
     8055.00,       64.52,       25.94,        0.00,        0.00,        0.00,        0.00,        1.00,        4.25,        0.00,        0.00,        1.00,        1.00,        0.00
     8056.00,       64.52,       29.49,        0.00,        0.00,        0.00,        0.00,        1.00,        4.25,        0.00,        0.00,        1.00,        1.00,        0.00
     8057.00,       64.52,       42.34,        0.00,        0.00,        0.00,        0.00,        1.00,        4.25,        0.00,        0.00,        1.00,        1.00,        0.00
     8058.00,       64.52,       65.88,        0.00,        0.00,        0.00,        0.00,        1.00,        4.25,        0.00,        0.00,        1.00,        1.00,        0.00
     8059.00,       64.52,       57.14,        0.00,        0.00,        0.00,        0.00,        1.00,        4.25,        0.00,        0.00,        1.00,        1.00,        0.00
     8060.00,       64.52,       49.03,        0.00,        0.00,        0.00,        0.00,        1.00,        4.25,        0.00,        0.00,        1.00,        1.00,        0.00
     8061.00,       64.52,       42.00,        0.00,        0.00,        0.00,        0.00,        1.00,        4.25,        0.00,        0.00,        1.00,        1.00,        0.00
     8062.00,       64.52,       32.73,        0.00,        0.00,        0.00,        0.00,        1.00,        4.25,        0.00,        0.00,        1.00,        1.00,        0.00
     8063.00,       64.52,       31.17,        0.00,        0.00,        0.00,        0.00,        1.00,        4.25,        0.00,        0.00,        1.00,        1.00,        0.00
     8064.00,       64.52,       27.93,        0.00,        0.00,        0.00,        0.00,        1.00,        4.25,        0.00,        0.00,        1.00,        1.00,        0.00
     8065.00,       64.52,       26.58,        0.00,        0.00,        0.00,        0.00,        1.00,        4.25,        0.00,        0.00,        1.00,        1.00,        0.00
     8066.00,       64.52,       26.16,        0.00,        0.00,        0.00,        0.00,        1.00,        4.25,        0.00,        0.00,        1.00,        1.00,        0.00
     8067.00,       64.52,       25.64,        0.00,        0.00,        0.00,        0.00,        1.00,        4.25,        0.00,        0.00,        1.00,        1.00,        0.00
     8068.00,       64.52,       26.15,        0.00,        0.00,        0.00,        0.00,        1.00,        4.25,        0.00,        0.00,        1.00,        1.00,        0.00
     8069.00,       64.52,       27.72,        0.00,        0.00,        0.00,        0.00,        1.00,        4.25,        0.00,        0.00,        1.00,        1.00,        0.00
     8070.00,       64.52,       31.75,        0.00,        0.00,        0.00,        0.00,        1.00,        4.25,        0.00,        0.00,        1.00,        1.00,        0.00
     8071.00,       64.52,       37.71,        0.00,        0.00,        0.00,        0.00,        1.00,        4.25,        0.00,        0.00,        1.00,        1.00,        0.00
     8072.00,       64.52,       38.86,        0.00,        0.00,        0.00,        0.00,        1.00,        4.25,        0.00,        0.00,        1.00,        1.00,        0.00
     8073.00,       64.52,       30.82,        0.00,        0.00,        0.00,        0.00,        1.00,        4.25,        0.00,        0.00,        1.00,        1.00,        0.00
     8074.00,       64.52,       27.68,        0.00,        0.00,        0.00,        0.00,        1.00,        4.25,        0.00,        0.00,        1.00,        1.00,        0.00
     8075.00,       64.52,       25.99,        0.00,        0.00,        0.00,        0.00,        1.00,        4.25,        0.00,        0.00,        1.00,        1.00,        0.00
     8076.00,       64.52,       25.72,        0.00,        0.00,        0.00,        0.00,        1.00,        4.25,        0.00,        0.00,        1.00,        1.00,        0.00
     8077.00,       64.52,       24.46,        0.00,        0.00,        0.00,        0.00,        1.00,        4.25,        0.00,        0.00,        1.00,        1.00,        0.00
     8078.00,       64.52,       24.16,        0.00,        0.00,        0.00,        0.00,        1.00,        4.25,        0.00,        0.00,        1.00,        1.00,        0.00
     8079.00,       64.52,       25.32,        0.00,        0.00,        0.00,        0.00,        1.00,        4.25,        0.00,        0.00,        1.00,        1.00,        0.00
     8080.00,       64.52,       28.59,        0.00,        0.00,        0.00,        0.00,        1.00,        4.25,        0.00,        0.00,        1.00,        1.00,        0.00
     8081.00,       64.52,       35.05,        0.00,        0.00,        0.00,        0.00,        1.00,        4.25,        0.00,        0.00,        1.00,        1.00,        0.00
     8082.00,       64.52,       57.14,        0.00,        0.00,        0.00,        0.00,        1.00,        4.25,        0.00,        0.00,        1.00,        1.00,        0.00
     8083.00,       64.52,       45.97,        0.00,        0.00,        0.00,        0.00,        1.00,        4.25,        0.00,        0.00,        1.00,        1.00,        0.00
     8084.00,       64.52,       36.37,        0.00,        0.00,        0.00,        0.00,        1.00,        4.25,        0.00,        0.00,        1.00,        1.00,        0.00
     8085.00,       64.52,       33.71,        0.00,        0.00,        0.00,        0.00,        1.00,        4.25,        0.00,        0.00,        1.00,        1.00,        0.00
     8086.00,       64.52,       30.75,        0.00,        0.00,        0.00,        0.00,        1.00,        4.25,        0.00,        0.00,        1.00,        1.00,        0.00
     8087.00,       64.52,       28.50,        0.00,        0.00,        0.00,        0.00,        1.00,        4.25,        0.00,        0.00,        1.00,        1.00,        0.00
     8088.00,       64.52,       25.75,        0.00,        0.00,        0.00,        0.00,        1.00,        4.25,        0.00,        0.00,        1.00,        1.00,        0.00
     8089.00,       64.52,       24.96,        0.00,        0.00,        0.00,        0.00,        1.00,        4.25,        0.00,        0.00,        1.00,        1.00,        0.00
     8090.00,       64.52,       24.58,        0.00,        0.00,        0.00,        0.00,        1.00,        4.25,        0.00,        0.00,        1.00,        1.00,        0.00
     8091.00,       64.52,       23.16,        0.00,        0.00,        0.00,        0.00,        1.00,        4.25,        0.00,        0.00,        1.00,        1.00,        0.00
     8092.00,       64.52,       23.65,        0.00,        0.00,        0.00,        0.00,        1.00,        4.25,        0.00,        0.00,        1.00,        1.00,        0.00
     8093.00,       64.52,       25.70,        0.00,        0.00,        0.00,        0.00,        1.00,        4.25,        0.00,        0.00,        1.00,        1.00,        0.00
     8094.00,       64.52,       28.72,        0.00,        0.00,        0.00,        0.00,        1.00,        4.25,        0.00,        0.00,        1.00,        1.00,        0.00
     8095.00,       64.52,       33.45,        0.00,        0.00,        0.00,        0.00,        1.00,        4.25,        0.00,        0.00,        1.00,        1.00,        0.00
     8096.00,       64.52,       35.36,        0.00,        0.00,        0.00,        0.00,        1.00,        4.25,        0.00,        0.00,        1.00,        1.00,        0.00
     8097.00,       64.52,       29.34,        0.00,        0.00,        0.00,        0.00,        1.00,        4.25,        0.00,        0.00,        1.00,        1.00,        0.00
     8098.00,       64.52,       26.68,        0.00,        0.00,        0.00,        0.00,        1.00,        4.25,        0.00,        0.00,        1.00,        1.00,        0.00
     8099.00,       64.52,       28.10,        0.00,        0.00,        0.00,        0.00,        1.00,        4.25,        0.00,        0.00,        1.00,        1.00,        0.00
     8100.00,       64.52,       29.07,        0.00,        0.00,        0.00,        0.00,        1.00,        4.25,        0.00,        0.00,        1.00,        1.00,        0.00
     8101.00,       64.52,       27.11,        0.00,        0.00,        0.00,        0.00,        1.00,        4.25,        0.00,        0.00,        1.00,        1.00,        0.00
     8102.00,       64.52,       27.55,        0.00,        0.00,        0.00,        0.00,        1.00,        4.25,        0.00,        0.00,        1.00,        1.00,        0.00
     8103.00,       64.52,       25.61,        0.00,        0.00,        0.00,        0.00,        1.00,        4.25,        0.00,        0.00,        1.00,        1.00,        0.00
     8104.00,       64.52,       29.16,        0.00,        0.00,        0.00,        0.00,        1.00,        4.25,        0.00,        0.00,        1.00,        1.00,        0.00
     8105.00,       64.52,       33.61,        0.00,        0.00,        0.00,        0.00,        1.00,        4.25,        0.00,        0.00,        1.00,        1.00,        0.00
     8106.00,       64.52,       49.13,        0.00,        0.00,        0.00,        0.00,        1.00,        4.25,        0.00,        0.00,        1.00,        1.00,        0.00
     8107.00,       64.52,       44.05,        0.00,        0.00,        0.00,        0.00,        1.00,        4.25,        0.00,        0.00,        1.00,        1.00,        0.00
     8108.00,       64.52,       37.78,        0.00,        0.00,        0.00,        0.00,        1.00,        4.25,        0.00,        0.00,        1.00,        1.00,        0.00
     8109.00,       64.52,       34.61,        0.00,        0.00,        0.00,        0.00,        1.00,        4.25,        0.00,        0.00,        1.00,        1.00,        0.00
     8110.00,       64.52,       33.35,        0.00,        0.00,        0.00,        0.00,        1.00,        4.25,        0.00,        0.00,        1.00,        1.00,        0.00
     8111.00,       64.52,       32.22,        0.00,        0.00,        0.00,        0.00,        1.00,        4.25,        0.00,        0.00,        1.00,        1.00,        0.00
     8112.00,       64.52,       28.81,        0.00,        0.00,        0.00,        0.00,        1.00,        4.25,        0.00,        0.00,        1.00,        1.00,        0.00
     8113.00,       64.52,       28.08,        0.00,        0.00,        0.00,        0.00,        1.00,        4.25,        0.00,        0.00,        1.00,        1.00,        0.00
     8114.00,       64.52,       26.29,        0.00,        0.00,        0.00,        0.00,        1.00,        4.25,        0.00,        0.00,        1.00,        1.00,        0.00
     8115.00,       64.52,       25.70,        0.00,        0.00,        0.00,        0.00,        1.00,        4.25,        0.00,        0.00,        1.00,        1.00,        0.00
     8116.00,       64.52,       25.91,        0.00,        0.00,        0.00,        0.00,        1.00,        4.25,        0.00,        0.00,        1.00,        1.00,        0.00
     8117.00,       64.52,       26.99,        0.00,        0.00,        0.00,        0.00,        1.00,        4.25,        0.00,        0.00,        1.00,        1.00,        0.00
     8118.00,       64.52,       29.51,        0.00,        0.00,        0.00,        0.00,        1.00,        4.25,        0.00,        0.00,        1.00,        1.00,        0.00
     8119.00,       64.52,       29.54,        0.00,        0.00,        0.00,        0.00,        1.00,        4.25,        0.00,        0.00,        1.00,        1.00,        0.00
     8120.00,       64.52,       29.35,        0.00,        0.00,        0.00,        0.00,        1.00,        4.25,        0.00,        0.00,        1.00,        1.00,        0.00
     8121.00,       64.52,       28.38,        0.00,        0.00,        0.00,        0.00,        1.00,        4.25,        0.00,        0.00,        1.00,        1.00,        0.00
     8122.00,       64.52,       26.56,        0.00,        0.00,        0.00,        0.00,        1.00,        4.25,        0.00,        0.00,        1.00,        1.00,        0.00
     8123.00,       64.52,       29.08,        0.00,        0.00,        0.00,        0.00,        1.00,        4.25,        0.00,        0.00,        1.00,        1.00,        0.00
     8124.00,       64.52,       27.47,        0.00,        0.00,        0.00,        0.00,        1.00,        4.25,        0.00,        0.00,        1.00,        1.00,        0.00
     8125.00,       64.52,       27.52,        0.00,        0.00,        0.00,        0.00,        1.00,        4.25,        0.00,        0.00,        1.00,        1.00,        0.00
     8126.00,       64.52,       26.71,        0.00,        0.00,        0.00,        0.00,        1.00,        4.25,        0.00,        0.00,        1.00,        1.00,        0.00
     8127.00,       64.52,       26.24,        0.00,        0.00,        0.00,        0.00,        1.00,        4.25,        0.00,        0.00,        1.00,        1.00,        0.00
     8128.00,       64.52,       27.37,        0.00,        0.00,        0.00,        0.00,        1.00,        4.25,        0.00,        0.00,        1.00,        1.00,        0.00
     8129.00,       64.52,       33.28,        0.00,        0.00,        0.00,        0.00,        1.00,        4.25,        0.00,        0.00,        1.00,        1.00,        0.00
     8130.00,       64.52,       53.39,        0.00,        0.00,        0.00,        0.00,        1.00,        4.25,        0.00,        0.00,        1.00,        1.00,        0.00
     8131.00,       64.52,       50.82,        0.00,        0.00,        0.00,        0.00,        1.00,        4.25,        0.00,        0.00,        1.00,        1.00,        0.00
     8132.00,       64.52,       44.45,        0.00,        0.00,        0.00,        0.00,        1.00,        4.25,        0.00,        0.00,        1.00,        1.00,        0.00
     8133.00,       64.52,       36.57,        0.00,        0.00,        0.00,        0.00,        1.00,        4.25,        0.00,        0.00,        1.00,        1.00,        0.00
     8134.00,       64.52,       33.47,        0.00,        0.00,        0.00,        0.00,        1.00,        4.25,        0.00,        0.00,        1.00,        1.00,        0.00
     8135.00,       64.52,       31.44,        0.00,        0.00,        0.00,        0.00,        1.00,        4.25,        0.00,        0.00,        1.00,        1.00,        0.00
     8136.00,       64.52,       28.60,        0.00,        0.00,        0.00,        0.00,        1.00,        4.25,        0.00,        0.00,        1.00,        1.00,        0.00
     8137.00,       64.52,       27.79,        0.00,        0.00,        0.00,        0.00,        1.00,        4.25,        0.00,        0.00,        1.00,        1.00,        0.00
     8138.00,       64.52,       26.46,        0.00,        0.00,        0.00,        0.00,        1.00,        4.25,        0.00,        0.00,        1.00,        1.00,        0.00
     8139.00,       64.52,       25.80,        0.00,        0.00,        0.00,        0.00,        1.00,        4.25,        0.00,        0.00,        1.00,        1.00,        0.00
     8140.00,       64.52,       25.85,        0.00,        0.00,        0.00,        0.00,        1.00,        4.25,        0.00,        0.00,        1.00,        1.00,        0.00
     8141.00,       64.52,       26.49,        0.00,        0.00,        0.00,        0.00,        1.00,        4.25,        0.00,        0.00,        1.00,        1.00,        0.00
     8142.00,       64.52,       30.00,        0.00,        0.00,        0.00,        0.00,        1.00,        4.25,        0.00,        0.00,        1.00,        1.00,        0.00
     8143.00,       64.52,       28.84,        0.00,        0.00,        0.00,        0.00,        1.00,        4.25,        0.00,        0.00,        1.00,        1.00,        0.00
     8144.00,       64.52,       28.71,        0.00,        0.00,        0.00,        0.00,        1.00,        4.25,        0.00,        0.00,        1.00,        1.00,        0.00
     8145.00,       64.52,       26.99,        0.00,        0.00,        0.00,        0.00,        1.00,        4.25,        0.00,        0.00,        1.00,        1.00,        0.00
     8146.00,       64.52,       23.50,        0.00,        0.00,        0.00,        0.00,        1.00,        4.25,        0.00,        0.00,        1.00,        1.00,        0.00
     8147.00,       64.52,       23.30,        0.00,        0.00,        0.00,        0.00,        1.00,        4.25,        0.00,        0.00,        1.00,        1.00,        0.00
     8148.00,       64.52,       23.79,        0.00,        0.00,        0.00,        0.00,        1.00,        4.25,        0.00,        0.00,        1.00,        1.00,        0.00
     8149.00,       64.52,       22.81,        0.00,        0.00,        0.00,        0.00,        1.00,        4.25,        0.00,        0.00,        1.00,        1.00,        0.00
     8150.00,       64.52,       22.87,        0.00,        0.00,        0.00,        0.00,        1.00,        4.25,        0.00,        0.00,        1.00,        1.00,        0.00
     8151.00,       64.52,       23.63,        0.00,        0.00,        0.00,        0.00,        1.00,        4.25,        0.00,        0.00,        1.00,        1.00,        0.00
     8152.00,       64.52,       26.47,        0.00,        0.00,        0.00,        0.00,        1.00,        4.25,        0.00,        0.00,        1.00,        1.00,        0.00
     8153.00,       64.52,       36.27,        0.00,        0.00,        0.00,        0.00,        1.00,        4.25,        0.00,        0.00,        1.00,        1.00,        0.00
     8154.00,       64.52,       59.09,        0.00,        0.00,        0.00,        0.00,        1.00,        4.25,        0.00,        0.00,        1.00,        1.00,        0.00
     8155.00,       64.52,       58.43,        0.00,        0.00,        0.00,        0.00,        1.00,        4.25,        0.00,        0.00,        1.00,        1.00,        0.00
     8156.00,       64.52,       44.89,        0.00,        0.00,        0.00,        0.00,        1.00,        4.25,        0.00,        0.00,        1.00,        1.00,        0.00
     8157.00,       64.52,       35.67,        0.00,        0.00,        0.00,        0.00,        1.00,        4.25,        0.00,        0.00,        1.00,        1.00,        0.00
     8158.00,       64.52,       32.12,        0.00,        0.00,        0.00,        0.00,        1.00,        4.25,        0.00,        0.00,        1.00,        1.00,        0.00
     8159.00,       64.52,       29.45,        0.00,        0.00,        0.00,        0.00,        1.00,        4.25,        0.00,        0.00,        1.00,        1.00,        0.00
     8160.00,       64.52,       26.43,        0.00,        0.00,        0.00,        0.00,        1.00,        4.25,        0.00,        0.00,        1.00,        1.00,        0.00
     8161.00,       64.52,       25.64,        0.00,        0.00,        0.00,        0.00,        1.00,        4.25,        0.00,        0.00,        1.00,        1.00,        0.00
     8162.00,       64.52,       22.71,        0.00,        0.00,        0.00,        0.00,        1.00,        4.25,        0.00,        0.00,        1.00,        1.00,        0.00
     8163.00,       64.52,       22.42,        0.00,        0.00,        0.00,        0.00,        1.00,        4.25,        0.00,        0.00,        1.00,        1.00,        0.00
     8164.00,       64.52,       24.38,        0.00,        0.00,        0.00,        0.00,        1.00,        4.25,        0.00,        0.00,        1.00,        1.00,        0.00
     8165.00,       64.52,       26.62,        0.00,        0.00,        0.00,        0.00,        1.00,        4.25,        0.00,        0.00,        1.00,        1.00,        0.00
     8166.00,       64.52,       30.99,        0.00,        0.00,        0.00,        0.00,        1.00,        4.25,        0.00,        0.00,        1.00,        1.00,        0.00
     8167.00,       64.52,       36.93,        0.00,        0.00,        0.00,        0.00,        1.00,        4.25,        0.00,        0.00,        1.00,        1.00,        0.00
     8168.00,       64.52,       37.72,        0.00,        0.00,        0.00,        0.00,        1.00,        4.25,        0.00,        0.00,        1.00,        1.00,        0.00
     8169.00,       64.52,       31.50,        0.00,        0.00,        0.00,        0.00,        1.00,        4.25,        0.00,        0.00,        1.00,        1.00,        0.00
     8170.00,       64.52,       29.58,        0.00,        0.00,        0.00,        0.00,        1.00,        4.25,        0.00,        0.00,        1.00,        1.00,        0.00
     8171.00,       64.52,       29.33,        0.00,        0.00,        0.00,        0.00,        1.00,        4.25,        0.00,        0.00,        1.00,        1.00,        0.00
     8172.00,       64.52,       30.13,        0.00,        0.00,        0.00,        0.00,        1.00,        4.25,        0.00,        0.00,        1.00,        1.00,        0.00
     8173.00,       64.52,       27.64,        0.00,        0.00,        0.00,        0.00,        1.00,        4.25,        0.00,        0.00,        1.00,        1.00,        0.00
     8174.00,       64.52,       27.57,        0.00,        0.00,        0.00,        0.00,        1.00,        4.25,        0.00,        0.00,        1.00,        1.00,        0.00
     8175.00,       64.52,       27.15,        0.00,        0.00,        0.00,        0.00,        1.00,        4.25,        0.00,        0.00,        1.00,        1.00,        0.00
     8176.00,       64.52,       32.32,        0.00,        0.00,        0.00,        0.00,        1.00,        4.25,        0.00,        0.00,        1.00,        1.00,        0.00
     8177.00,       64.52,       43.52,        0.00,        0.00,        0.00,        0.00,        1.00,        4.25,        0.00,        0.00,        1.00,        1.00,        0.00
     8178.00,       64.52,       96.22,        0.00,        0.00,        0.00,        0.00,        1.00,        4.25,        0.00,        0.00,        1.00,        1.00,        0.00
     8179.00,       64.52,      146.16,        0.00,        0.00,        0.00,        0.00,        1.00,        4.25,        0.00,        0.00,        1.00,        1.00,        0.00
     8180.00,       64.52,       71.94,        0.00,        0.00,        0.00,        0.00,        1.00,        4.25,        0.00,        0.00,        1.00,        1.00,        0.00
     8181.00,       64.52,       43.11,        0.00,        0.00,        0.00,        0.00,        1.00,        4.25,        0.00,        0.00,        1.00,        1.00,        0.00
     8182.00,       64.52,       33.75,        0.00,        0.00,        0.00,        0.00,        1.00,        4.25,        0.00,        0.00,        1.00,        1.00,        0.00
     8183.00,       64.52,       31.74,        0.00,        0.00,        0.00,        0.00,        1.00,        4.25,        0.00,        0.00,        1.00,        1.00,        0.00
     8184.00,       64.52,       27.68,        0.00,        0.00,        0.00,        0.00,        1.00,        4.25,        0.00,        0.00,        1.00,        1.00,        0.00
     8185.00,       64.52,       24.48,        0.00,        0.00,        0.00,        0.00,        1.00,        4.25,        0.00,        0.00,        1.00,        1.00,        0.00
     8186.00,       64.52,       22.86,        0.00,        0.00,        0.00,        0.00,        1.00,        4.25,        0.00,        0.00,        1.00,        1.00,        0.00
     8187.00,       64.52,       22.56,        0.00,        0.00,        0.00,        0.00,        1.00,        4.25,        0.00,        0.00,        1.00,        1.00,        0.00
     8188.00,       64.52,       23.55,        0.00,        0.00,        0.00,        0.00,        1.00,        4.25,        0.00,        0.00,        1.00,        1.00,        0.00
     8189.00,       64.52,       25.28,        0.00,        0.00,        0.00,        0.00,        1.00,        4.25,        0.00,        0.00,        1.00,        1.00,        0.00
     8190.00,       64.52,       30.86,        0.00,        0.00,        0.00,        0.00,        1.00,        4.25,        0.00,        0.00,        1.00,        1.00,        0.00
     8191.00,       64.52,       39.18,        0.00,        0.00,        0.00,        0.00,        1.00,        4.25,        0.00,        0.00,        1.00,        1.00,        0.00
     8192.00,       64.52,       40.76,        0.00,        0.00,        0.00,        0.00,        1.00,        4.25,        0.00,        0.00,        1.00,        1.00,        0.00
     8193.00,       64.52,       32.34,        0.00,        0.00,        0.00,        0.00,        1.00,        4.25,        0.00,        0.00,        1.00,        1.00,        0.00
     8194.00,       64.52,       28.07,        0.00,        0.00,        0.00,        0.00,        1.00,        4.25,        0.00,        0.00,        1.00,        1.00,        0.00
     8195.00,       64.52,       25.27,        0.00,        0.00,        0.00,        0.00,        1.00,        4.25,        0.00,        0.00,        1.00,        1.00,        0.00
     8196.00,       64.52,       25.94,        0.00,        0.00,        0.00,        0.00,        1.00,        4.25,        0.00,        0.00,        1.00,        1.00,        0.00
     8197.00,       64.52,       24.26,        0.00,        0.00,        0.00,        0.00,        1.00,        4.25,        0.00,        0.00,        1.00,        1.00,        0.00
     8198.00,       64.52,       23.96,        0.00,        0.00,        0.00,        0.00,        1.00,        4.25,        0.00,        0.00,        1.00,        1.00,        0.00
     8199.00,       64.52,       25.82,        0.00,        0.00,        0.00,        0.00,        1.00,        4.25,        0.00,        0.00,        1.00,        1.00,        0.00
     8200.00,       64.52,       29.81,        0.00,        0.00,        0.00,        0.00,        1.00,        4.25,        0.00,        0.00,        1.00,        1.00,        0.00
     8201.00,       64.52,       38.46,        0.00,        0.00,        0.00,        0.00,        1.00,        4.25,        0.00,        0.00,        1.00,        1.00,        0.00
     8202.00,       64.52,       64.83,        0.00,        0.00,        0.00,        0.00,        1.00,        4.25,        0.00,        0.00,        1.00,        1.00,        0.00
     8203.00,       64.52,       67.62,        0.00,        0.00,        0.00,        0.00,        1.00,        4.25,        0.00,        0.00,        1.00,        1.00,        0.00
     8204.00,       64.52,       52.88,        0.00,        0.00,        0.00,        0.00,        1.00,        4.25,        0.00,        0.00,        1.00,        1.00,        0.00
     8205.00,       64.52,       37.91,        0.00,        0.00,        0.00,        0.00,        1.00,        4.25,        0.00,        0.00,        1.00,        1.00,        0.00
     8206.00,       64.52,       33.14,        0.00,        0.00,        0.00,        0.00,        1.00,        4.25,        0.00,        0.00,        1.00,        1.00,        0.00
     8207.00,       64.52,       30.30,        0.00,        0.00,        0.00,        0.00,        1.00,        4.25,        0.00,        0.00,        1.00,        1.00,        0.00
     8208.00,       64.52,       26.47,        0.00,        0.00,        0.00,        0.00,        1.00,        4.25,        0.00,        0.00,        1.00,        1.00,        0.00
     8209.00,       64.52,       23.82,        0.00,        0.00,        0.00,        0.00,        1.00,        4.25,        0.00,        0.00,        1.00,        1.00,        0.00
     8210.00,       64.52,       22.67,        0.00,        0.00,        0.00,        0.00,        1.00,        4.25,        0.00,        0.00,        1.00,        1.00,        0.00
     8211.00,       64.52,       20.92,        0.00,        0.00,        0.00,        0.00,        1.00,        4.25,        0.00,        0.00,        1.00,        1.00,        0.00
     8212.00,       64.52,       22.99,        0.00,        0.00,        0.00,        0.00,        1.00,        4.25,        0.00,        0.00,        1.00,        1.00,        0.00
     8213.00,       64.52,       23.78,        0.00,        0.00,        0.00,        0.00,        1.00,        4.25,        0.00,        0.00,        1.00,        1.00,        0.00
     8214.00,       64.52,       29.20,        0.00,        0.00,        0.00,        0.00,        1.00,        4.25,        0.00,        0.00,        1.00,        1.00,        0.00
     8215.00,       64.52,       37.73,        0.00,        0.00,        0.00,        0.00,        1.00,        4.25,        0.00,        0.00,        1.00,        1.00,        0.00
     8216.00,       64.52,       38.79,        0.00,        0.00,        0.00,        0.00,        1.00,        4.25,        0.00,        0.00,        1.00,        1.00,        0.00
     8217.00,       64.52,       27.91,        0.00,        0.00,        0.00,        0.00,        1.00,        4.25,        0.00,        0.00,        1.00,        1.00,        0.00
     8218.00,       64.52,       26.33,        0.00,        0.00,        0.00,        0.00,        1.00,        4.25,        0.00,        0.00,        1.00,        1.00,        0.00
     8219.00,       64.52,       27.89,        0.00,        0.00,        0.00,        0.00,        1.00,        4.25,        0.00,        0.00,        1.00,        1.00,        0.00
     8220.00,       64.52,       29.70,        0.00,        0.00,        0.00,        0.00,        1.00,        4.25,        0.00,        0.00,        1.00,        1.00,        0.00
     8221.00,       64.52,       28.90,        0.00,        0.00,        0.00,        0.00,        1.00,        4.25,        0.00,        0.00,        1.00,        1.00,        0.00
     8222.00,       64.52,       27.35,        0.00,        0.00,        0.00,        0.00,        1.00,        4.25,        0.00,        0.00,        1.00,        1.00,        0.00
     8223.00,       64.52,       27.79,        0.00,        0.00,        0.00,        0.00,        1.00,        4.25,        0.00,        0.00,        1.00,        1.00,        0.00
     8224.00,       64.52,       29.51,        0.00,        0.00,        0.00,        0.00,        1.00,        4.25,        0.00,        0.00,        1.00,        1.00,        0.00
     8225.00,       64.52,       39.79,        0.00,        0.00,        0.00,        0.00,        1.00,        4.25,        0.00,        0.00,        1.00,        1.00,        0.00
     8226.00,       64.52,       56.30,        0.00,        0.00,        0.00,        0.00,        1.00,        4.25,        0.00,        0.00,        1.00,        1.00,        0.00
     8227.00,       64.52,       71.70,        0.00,        0.00,        0.00,        0.00,        1.00,        4.25,        0.00,        0.00,        1.00,        1.00,        0.00
     8228.00,       64.52,       53.11,        0.00,        0.00,        0.00,        0.00,        1.00,        4.25,        0.00,        0.00,        1.00,        1.00,        0.00
     8229.00,       64.52,       36.90,        0.00,        0.00,        0.00,        0.00,        1.00,        4.25,        0.00,        0.00,        1.00,        1.00,        0.00
     8230.00,       64.52,       31.03,        0.00,        0.00,        0.00,        0.00,        1.00,        4.25,        0.00,        0.00,        1.00,        1.00,        0.00
     8231.00,       64.52,       28.01,        0.00,        0.00,        0.00,        0.00,        1.00,        4.25,        0.00,        0.00,        1.00,        1.00,        0.00
     8232.00,       64.52,       24.99,        0.00,        0.00,        0.00,        0.00,        1.00,        4.25,        0.00,        0.00,        1.00,        1.00,        0.00
     8233.00,       64.52,       23.61,        0.00,        0.00,        0.00,        0.00,        1.00,        4.25,        0.00,        0.00,        1.00,        1.00,        0.00
     8234.00,       64.52,       22.69,        0.00,        0.00,        0.00,        0.00,        1.00,        4.25,        0.00,        0.00,        1.00,        1.00,        0.00
     8235.00,       64.52,       22.55,        0.00,        0.00,        0.00,        0.00,        1.00,        4.25,        0.00,        0.00,        1.00,        1.00,        0.00
     8236.00,       64.52,       22.87,        0.00,        0.00,        0.00,        0.00,        1.00,        4.25,        0.00,        0.00,        1.00,        1.00,        0.00
     8237.00,       64.52,       22.74,        0.00,        0.00,        0.00,        0.00,        1.00,        4.25,        0.00,        0.00,        1.00,        1.00,        0.00
     8238.00,       64.52,       26.26,        0.00,        0.00,        0.00,        0.00,        1.00,        4.25,        0.00,        0.00,        1.00,        1.00,        0.00
     8239.00,       64.52,       36.15,        0.00,        0.00,        0.00,        0.00,        1.00,        4.25,        0.00,        0.00,        1.00,        1.00,        0.00
     8240.00,       64.52,       39.02,        0.00,        0.00,        0.00,        0.00,        1.00,        4.25,        0.00,        0.00,        1.00,        1.00,        0.00
     8241.00,       64.52,       28.39,        0.00,        0.00,        0.00,        0.00,        1.00,        4.25,        0.00,        0.00,        1.00,        1.00,        0.00
     8242.00,       64.52,       24.41,        0.00,        0.00,        0.00,        0.00,        1.00,        4.25,        0.00,        0.00,        1.00,        1.00,        0.00
     8243.00,       64.52,       24.83,        0.00,        0.00,        0.00,        0.00,        1.00,        4.25,        0.00,        0.00,        1.00,        1.00,        0.00
     8244.00,       64.52,       27.92,        0.00,        0.00,        0.00,        0.00,        1.00,        4.25,        0.00,        0.00,        1.00,        1.00,        0.00
     8245.00,       64.52,       26.00,        0.00,        0.00,        0.00,        0.00,        1.00,        4.25,        0.00,        0.00,        1.00,        1.00,        0.00
     8246.00,       64.52,       23.88,        0.00,        0.00,        0.00,        0.00,        1.00,        4.25,        0.00,        0.00,        1.00,        1.00,        0.00
     8247.00,       64.52,       24.85,        0.00,        0.00,        0.00,        0.00,        1.00,        4.25,        0.00,        0.00,        1.00,        1.00,        0.00
     8248.00,       64.52,       29.47,        0.00,        0.00,        0.00,        0.00,        1.00,        4.25,        0.00,        0.00,        1.00,        1.00,        0.00
     8249.00,       64.52,       35.62,        0.00,        0.00,        0.00,        0.00,        1.00,        4.25,        0.00,        0.00,        1.00,        1.00,        0.00
     8250.00,       64.52,       58.05,        0.00,        0.00,        0.00,        0.00,        1.00,        4.25,        0.00,        0.00,        1.00,        1.00,        0.00
     8251.00,       64.52,       53.63,        0.00,        0.00,        0.00,        0.00,        1.00,        4.25,        0.00,        0.00,        1.00,        1.00,        0.00
     8252.00,       64.52,       45.42,        0.00,        0.00,        0.00,        0.00,        1.00,        4.25,        0.00,        0.00,        1.00,        1.00,        0.00
     8253.00,       64.52,       33.52,        0.00,        0.00,        0.00,        0.00,        1.00,        4.25,        0.00,        0.00,        1.00,        1.00,        0.00
     8254.00,       64.52,       30.30,        0.00,        0.00,        0.00,        0.00,        1.00,        4.25,        0.00,        0.00,        1.00,        1.00,        0.00
     8255.00,       64.52,       27.47,        0.00,        0.00,        0.00,        0.00,        1.00,        4.25,        0.00,        0.00,        1.00,        1.00,        0.00
     8256.00,       64.52,       24.58,        0.00,        0.00,        0.00,        0.00,        1.00,        4.25,        0.00,        0.00,        1.00,        1.00,        0.00
     8257.00,       64.52,       24.87,        0.00,        0.00,        0.00,        0.00,        1.00,        4.25,        0.00,        0.00,        1.00,        1.00,        0.00
     8258.00,       64.52,       24.14,        0.00,        0.00,        0.00,        0.00,        1.00,        4.25,        0.00,        0.00,        1.00,        1.00,        0.00
     8259.00,       64.52,       23.64,        0.00,        0.00,        0.00,        0.00,        1.00,        4.25,        0.00,        0.00,        1.00,        1.00,        0.00
     8260.00,       64.52,       23.73,        0.00,        0.00,        0.00,        0.00,        1.00,        4.25,        0.00,        0.00,        1.00,        1.00,        0.00
     8261.00,       64.52,       24.74,        0.00,        0.00,        0.00,        0.00,        1.00,        4.25,        0.00,        0.00,        1.00,        1.00,        0.00
     8262.00,       64.52,       26.77,        0.00,        0.00,        0.00,        0.00,        1.00,        4.25,        0.00,        0.00,        1.00,        1.00,        0.00
     8263.00,       64.52,       33.20,        0.00,        0.00,        0.00,        0.00,        1.00,        4.25,        0.00,        0.00,        1.00,        1.00,        0.00
     8264.00,       64.52,       34.57,        0.00,        0.00,        0.00,        0.00,        1.00,        4.25,        0.00,        0.00,        1.00,        1.00,        0.00
     8265.00,       64.52,       29.86,        0.00,        0.00,        0.00,        0.00,        1.00,        4.25,        0.00,        0.00,        1.00,        1.00,        0.00
     8266.00,       64.52,       27.56,        0.00,        0.00,        0.00,        0.00,        1.00,        4.25,        0.00,        0.00,        1.00,        1.00,        0.00
     8267.00,       64.52,       25.32,        0.00,        0.00,        0.00,        0.00,        1.00,        4.25,        0.00,        0.00,        1.00,        1.00,        0.00
     8268.00,       64.52,       25.74,        0.00,        0.00,        0.00,        0.00,        1.00,        4.25,        0.00,        0.00,        1.00,        1.00,        0.00
     8269.00,       64.52,       24.80,        0.00,        0.00,        0.00,        0.00,        1.00,        4.25,        0.00,        0.00,        1.00,        1.00,        0.00
     8270.00,       64.52,       25.28,        0.00,        0.00,        0.00,        0.00,        1.00,        4.25,        0.00,        0.00,        1.00,        1.00,        0.00
     8271.00,       64.52,       25.97,        0.00,        0.00,        0.00,        0.00,        1.00,        4.25,        0.00,        0.00,        1.00,        1.00,        0.00
     8272.00,       64.52,       28.91,        0.00,        0.00,        0.00,        0.00,        1.00,        4.25,        0.00,        0.00,        1.00,        1.00,        0.00
     8273.00,       64.52,       34.67,        0.00,        0.00,        0.00,        0.00,        1.00,        4.25,        0.00,        0.00,        1.00,        1.00,        0.00
     8274.00,       64.52,       48.88,        0.00,        0.00,        0.00,        0.00,        1.00,        4.25,        0.00,        0.00,        1.00,        1.00,        0.00
     8275.00,       64.52,       44.77,        0.00,        0.00,        0.00,        0.00,        1.00,        4.25,        0.00,        0.00,        1.00,        1.00,        0.00
     8276.00,       64.52,       36.58,        0.00,        0.00,        0.00,        0.00,        1.00,        4.25,        0.00,        0.00,        1.00,        1.00,        0.00
     8277.00,       64.52,       34.24,        0.00,        0.00,        0.00,        0.00,        1.00,        4.25,        0.00,        0.00,        1.00,        1.00,        0.00
     8278.00,       64.52,       30.41,        0.00,        0.00,        0.00,        0.00,        1.00,        4.25,        0.00,        0.00,        1.00,        1.00,        0.00
     8279.00,       64.52,       28.21,        0.00,        0.00,        0.00,        0.00,        1.00,        4.25,        0.00,        0.00,        1.00,        1.00,        0.00
     8280.00,       64.52,       26.24,        0.00,        0.00,        0.00,        0.00,        1.00,        4.25,        0.00,        0.00,        1.00,        1.00,        0.00
     8281.00,       64.52,       25.22,        0.00,        0.00,        0.00,        0.00,        1.00,        4.25,        0.00,        0.00,        1.00,        1.00,        0.00
     8282.00,       64.52,       23.74,        0.00,        0.00,        0.00,        0.00,        1.00,        4.25,        0.00,        0.00,        1.00,        1.00,        0.00
     8283.00,       64.52,       24.75,        0.00,        0.00,        0.00,        0.00,        1.00,        4.25,        0.00,        0.00,        1.00,        1.00,        0.00
     8284.00,       64.52,       24.86,        0.00,        0.00,        0.00,        0.00,        1.00,        4.25,        0.00,        0.00,        1.00,        1.00,        0.00
     8285.00,       64.52,       25.23,        0.00,        0.00,        0.00,        0.00,        1.00,        4.25,        0.00,        0.00,        1.00,        1.00,        0.00
     8286.00,       64.52,       25.95,        0.00,        0.00,        0.00,        0.00,        1.00,        4.25,        0.00,        0.00,        1.00,        1.00,        0.00
     8287.00,       64.52,       27.08,        0.00,        0.00,        0.00,        0.00,        1.00,        4.25,        0.00,        0.00,        1.00,        1.00,        0.00
     8288.00,       64.52,       28.93,        0.00,        0.00,        0.00,        0.00,        1.00,        4.25,        0.00,        0.00,        1.00,        1.00,        0.00
     8289.00,       64.52,       26.22,        0.00,        0.00,        0.00,        0.00,        1.00,        4.25,        0.00,        0.00,        1.00,        1.00,        0.00
     8290.00,       64.52,       25.13,        0.00,        0.00,        0.00,        0.00,        1.00,        4.25,        0.00,        0.00,        1.00,        1.00,        0.00
     8291.00,       64.52,       25.58,        0.00,        0.00,        0.00,        0.00,        1.00,        4.25,        0.00,        0.00,        1.00,        1.00,        0.00
     8292.00,       64.52,       25.36,        0.00,        0.00,        0.00,        0.00,        1.00,        4.25,        0.00,        0.00,        1.00,        1.00,        0.00
     8293.00,       64.52,       21.25,        0.00,        0.00,        0.00,        0.00,        1.00,        4.25,        0.00,        0.00,        1.00,        1.00,        0.00
     8294.00,       64.52,       20.93,        0.00,        0.00,        0.00,        0.00,        1.00,        4.25,        0.00,        0.00,        1.00,        1.00,        0.00
     8295.00,       64.52,       21.33,        0.00,        0.00,        0.00,        0.00,        1.00,        4.25,        0.00,        0.00,        1.00,        1.00,        0.00
     8296.00,       64.52,       24.83,        0.00,        0.00,        0.00,        0.00,        1.00,        4.25,        0.00,        0.00,        1.00,        1.00,        0.00
     8297.00,       64.52,       31.46,        0.00,        0.00,        0.00,        0.00,        1.00,        4.25,        0.00,        0.00,        1.00,        1.00,        0.00
     8298.00,       64.52,       40.56,        0.00,        0.00,        0.00,        0.00,        1.00,        4.25,        0.00,        0.00,        1.00,        1.00,        0.00
     8299.00,       64.52,       37.92,        0.00,        0.00,        0.00,        0.00,        1.00,        4.25,        0.00,        0.00,        1.00,        1.00,        0.00
     8300.00,       64.52,       36.74,        0.00,        0.00,        0.00,        0.00,        1.00,        4.25,        0.00,        0.00,        1.00,        1.00,        0.00
     8301.00,       64.52,       34.14,        0.00,        0.00,        0.00,        0.00,        1.00,        4.25,        0.00,        0.00,        1.00,        1.00,        0.00
     8302.00,       64.52,       30.71,        0.00,        0.00,        0.00,        0.00,        1.00,        4.25,        0.00,        0.00,        1.00,        1.00,        0.00
     8303.00,       64.52,       27.24,        0.00,        0.00,        0.00,        0.00,        1.00,        4.25,        0.00,        0.00,        1.00,        1.00,        0.00
     8304.00,       64.52,       24.65,        0.00,        0.00,        0.00,        0.00,        1.00,        4.25,        0.00,        0.00,        1.00,        1.00,        0.00
     8305.00,       64.52,       26.12,        0.00,        0.00,        0.00,        0.00,        1.00,        4.25,        0.00,        0.00,        1.00,        1.00,        0.00
     8306.00,       64.52,       24.28,        0.00,        0.00,        0.00,        0.00,        1.00,        4.25,        0.00,        0.00,        1.00,        1.00,        0.00
     8307.00,       64.52,       24.40,        0.00,        0.00,        0.00,        0.00,        1.00,        4.25,        0.00,        0.00,        1.00,        1.00,        0.00
     8308.00,       64.52,       24.43,        0.00,        0.00,        0.00,        0.00,        1.00,        4.25,        0.00,        0.00,        1.00,        1.00,        0.00
     8309.00,       64.52,       24.42,        0.00,        0.00,        0.00,        0.00,        1.00,        4.25,        0.00,        0.00,        1.00,        1.00,        0.00
     8310.00,       64.52,       27.00,        0.00,        0.00,        0.00,        0.00,        1.00,        4.25,        0.00,        0.00,        1.00,        1.00,        0.00
     8311.00,       64.52,       27.77,        0.00,        0.00,        0.00,        0.00,        1.00,        4.25,        0.00,        0.00,        1.00,        1.00,        0.00
     8312.00,       64.52,       28.81,        0.00,        0.00,        0.00,        0.00,        1.00,        4.25,        0.00,        0.00,        1.00,        1.00,        0.00
     8313.00,       64.52,       26.38,        0.00,        0.00,        0.00,        0.00,        1.00,        4.25,        0.00,        0.00,        1.00,        1.00,        0.00
     8314.00,       64.52,       25.29,        0.00,        0.00,        0.00,        0.00,        1.00,        4.25,        0.00,        0.00,        1.00,        1.00,        0.00
     8315.00,       64.52,       23.79,        0.00,        0.00,        0.00,        0.00,        1.00,        4.25,        0.00,        0.00,        1.00,        1.00,        0.00
     8316.00,       64.52,       23.92,        0.00,        0.00,        0.00,        0.00,        1.00,        4.25,        0.00,        0.00,        1.00,        1.00,        0.00
     8317.00,       64.52,       20.64,        0.00,        0.00,        0.00,        0.00,        1.00,        4.25,        0.00,        0.00,        1.00,        1.00,        0.00
     8318.00,       64.52,       20.01,        0.00,        0.00,        0.00,        0.00,        1.00,        4.25,        0.00,        0.00,        1.00,        1.00,        0.00
     8319.00,       64.52,       21.12,        0.00,        0.00,        0.00,        0.00,        1.00,        4.25,        0.00,        0.00,        1.00,        1.00,        0.00
     8320.00,       64.52,       25.98,        0.00,        0.00,        0.00,        0.00,        1.00,        4.25,        0.00,        0.00,        1.00,        1.00,        0.00
     8321.00,       64.52,       31.76,        0.00,        0.00,        0.00,        0.00,        1.00,        4.25,        0.00,        0.00,        1.00,        1.00,        0.00
     8322.00,       64.52,       40.80,        0.00,        0.00,        0.00,        0.00,        1.00,        4.25,        0.00,        0.00,        1.00,        1.00,        0.00
     8323.00,       64.52,       42.41,        0.00,        0.00,        0.00,        0.00,        1.00,        4.25,        0.00,        0.00,        1.00,        1.00,        0.00
     8324.00,       64.52,       38.74,        0.00,        0.00,        0.00,        0.00,        1.00,        4.25,        0.00,        0.00,        1.00,        1.00,        0.00
     8325.00,       64.52,       34.81,        0.00,        0.00,        0.00,        0.00,        1.00,        4.25,        0.00,        0.00,        1.00,        1.00,        0.00
     8326.00,       64.52,       29.30,        0.00,        0.00,        0.00,        0.00,        1.00,        4.25,        0.00,        0.00,        1.00,        1.00,        0.00
     8327.00,       64.52,       27.65,        0.00,        0.00,        0.00,        0.00,        1.00,        4.25,        0.00,        0.00,        1.00,        1.00,        0.00
     8328.00,       64.52,       24.65,        0.00,        0.00,        0.00,        0.00,        1.00,        4.25,        0.00,        0.00,        1.00,        1.00,        0.00
     8329.00,       64.52,       23.29,        0.00,        0.00,        0.00,        0.00,        1.00,        4.25,        0.00,        0.00,        1.00,        1.00,        0.00
     8330.00,       64.52,       22.31,        0.00,        0.00,        0.00,        0.00,        1.00,        4.25,        0.00,        0.00,        1.00,        1.00,        0.00
     8331.00,       64.52,       21.70,        0.00,        0.00,        0.00,        0.00,        1.00,        4.25,        0.00,        0.00,        1.00,        1.00,        0.00
     8332.00,       64.52,       22.10,        0.00,        0.00,        0.00,        0.00,        1.00,        4.25,        0.00,        0.00,        1.00,        1.00,        0.00
     8333.00,       64.52,       24.29,        0.00,        0.00,        0.00,        0.00,        1.00,        4.25,        0.00,        0.00,        1.00,        1.00,        0.00
     8334.00,       64.52,       28.74,        0.00,        0.00,        0.00,        0.00,        1.00,        4.25,        0.00,        0.00,        1.00,        1.00,        0.00
     8335.00,       64.52,       36.50,        0.00,        0.00,        0.00,        0.00,        1.00,        4.25,        0.00,        0.00,        1.00,        1.00,        0.00
     8336.00,       64.52,       36.00,        0.00,        0.00,        0.00,        0.00,        1.00,        4.25,        0.00,        0.00,        1.00,        1.00,        0.00
     8337.00,       64.52,       27.62,        0.00,        0.00,        0.00,        0.00,        1.00,        4.25,        0.00,        0.00,        1.00,        1.00,        0.00
     8338.00,       64.52,       26.29,        0.00,        0.00,        0.00,        0.00,        1.00,        4.25,        0.00,        0.00,        1.00,        1.00,        0.00
     8339.00,       64.52,       23.63,        0.00,        0.00,        0.00,        0.00,        1.00,        4.25,        0.00,        0.00,        1.00,        1.00,        0.00
     8340.00,       64.52,       26.04,        0.00,        0.00,        0.00,        0.00,        1.00,        4.25,        0.00,        0.00,        1.00,        1.00,        0.00
     8341.00,       64.52,       24.37,        0.00,        0.00,        0.00,        0.00,        1.00,        4.25,        0.00,        0.00,        1.00,        1.00,        0.00
     8342.00,       64.52,       23.78,        0.00,        0.00,        0.00,        0.00,        1.00,        4.25,        0.00,        0.00,        1.00,        1.00,        0.00
     8343.00,       64.52,       24.10,        0.00,        0.00,        0.00,        0.00,        1.00,        4.25,        0.00,        0.00,        1.00,        1.00,        0.00
     8344.00,       64.52,       27.34,        0.00,        0.00,        0.00,        0.00,        1.00,        4.25,        0.00,        0.00,        1.00,        1.00,        0.00
     8345.00,       64.52,       34.16,        0.00,        0.00,        0.00,        0.00,        1.00,        4.25,        0.00,        0.00,        1.00,        1.00,        0.00
     8346.00,       64.52,       46.51,        0.00,        0.00,        0.00,        0.00,        1.00,        4.25,        0.00,        0.00,        1.00,        1.00,        0.00
     8347.00,       64.52,       48.46,        0.00,        0.00,        0.00,        0.00,        1.00,        4.25,        0.00,        0.00,        1.00,        1.00,        0.00
     8348.00,       64.52,       41.83,        0.00,        0.00,        0.00,        0.00,        1.00,        4.25,        0.00,        0.00,        1.00,        1.00,        0.00
     8349.00,       64.52,       36.70,        0.00,        0.00,        0.00,        0.00,        1.00,        4.25,        0.00,        0.00,        1.00,        1.00,        0.00
     8350.00,       64.52,       32.26,        0.00,        0.00,        0.00,        0.00,        1.00,        4.25,        0.00,        0.00,        1.00,        1.00,        0.00
     8351.00,       64.52,       29.89,        0.00,        0.00,        0.00,        0.00,        1.00,        4.25,        0.00,        0.00,        1.00,        1.00,        0.00
     8352.00,       64.52,       25.37,        0.00,        0.00,        0.00,        0.00,        1.00,        4.25,        0.00,        0.00,        1.00,        1.00,        0.00
     8353.00,       64.52,       24.62,        0.00,        0.00,        0.00,        0.00,        1.00,        4.25,        0.00,        0.00,        1.00,        1.00,        0.00
     8354.00,       64.52,       22.91,        0.00,        0.00,        0.00,        0.00,        1.00,        4.25,        0.00,        0.00,        1.00,        1.00,        0.00
     8355.00,       64.52,       22.33,        0.00,        0.00,        0.00,        0.00,        1.00,        4.25,        0.00,        0.00,        1.00,        1.00,        0.00
     8356.00,       64.52,       23.00,        0.00,        0.00,        0.00,        0.00,        1.00,        4.25,        0.00,        0.00,        1.00,        1.00,        0.00
     8357.00,       64.52,       24.70,        0.00,        0.00,        0.00,        0.00,        1.00,        4.25,        0.00,        0.00,        1.00,        1.00,        0.00
     8358.00,       64.52,       30.03,        0.00,        0.00,        0.00,        0.00,        1.00,        4.25,        0.00,        0.00,        1.00,        1.00,        0.00
     8359.00,       64.52,       39.72,        0.00,        0.00,        0.00,        0.00,        1.00,        4.25,        0.00,        0.00,        1.00,        1.00,        0.00
     8360.00,       64.52,       40.59,        0.00,        0.00,        0.00,        0.00,        1.00,        4.25,        0.00,        0.00,        1.00,        1.00,        0.00
     8361.00,       64.52,       31.26,        0.00,        0.00,        0.00,        0.00,        1.00,        4.25,        0.00,        0.00,        1.00,        1.00,        0.00
     8362.00,       64.52,       26.53,        0.00,        0.00,        0.00,        0.00,        1.00,        4.25,        0.00,        0.00,        1.00,        1.00,        0.00
     8363.00,       64.52,       24.42,        0.00,        0.00,        0.00,        0.00,        1.00,        4.25,        0.00,        0.00,        1.00,        1.00,        0.00
     8364.00,       64.52,       26.89,        0.00,        0.00,        0.00,        0.00,        1.00,        4.25,        0.00,        0.00,        1.00,        1.00,        0.00
     8365.00,       64.52,       22.01,        0.00,        0.00,        0.00,        0.00,        1.00,        4.25,        0.00,        0.00,        1.00,        1.00,        0.00
     8366.00,       64.52,       22.88,        0.00,        0.00,        0.00,        0.00,        1.00,        4.25,        0.00,        0.00,        1.00,        1.00,        0.00
     8367.00,       64.52,       24.55,        0.00,        0.00,        0.00,        0.00,        1.00,        4.25,        0.00,        0.00,        1.00,        1.00,        0.00
     8368.00,       64.52,       26.92,        0.00,        0.00,        0.00,        0.00,        1.00,        4.25,        0.00,        0.00,        1.00,        1.00,        0.00
     8369.00,       64.52,       37.85,        0.00,        0.00,        0.00,        0.00,        1.00,        4.25,        0.00,        0.00,        1.00,        1.00,        0.00
     8370.00,       64.52,       57.17,        0.00,        0.00,        0.00,        0.00,        1.00,        4.25,        0.00,        0.00,        1.00,        1.00,        0.00
     8371.00,       64.52,       57.15,        0.00,        0.00,        0.00,        0.00,        1.00,        4.25,        0.00,        0.00,        1.00,        1.00,        0.00
     8372.00,       64.52,       44.29,        0.00,        0.00,        0.00,        0.00,        1.00,        4.25,        0.00,        0.00,        1.00,        1.00,        0.00
     8373.00,       64.52,       38.79,        0.00,        0.00,        0.00,        0.00,        1.00,        4.25,        0.00,        0.00,        1.00,        1.00,        0.00
     8374.00,       64.52,       34.02,        0.00,        0.00,        0.00,        0.00,        1.00,        4.25,        0.00,        0.00,        1.00,        1.00,        0.00
     8375.00,       64.52,       30.64,        0.00,        0.00,        0.00,        0.00,        1.00,        4.25,        0.00,        0.00,        1.00,        1.00,        0.00
     8376.00,       64.52,       27.45,        0.00,        0.00,        0.00,        0.00,        1.00,        4.25,        0.00,        0.00,        1.00,        1.00,        0.00
     8377.00,       64.52,       28.93,        0.00,        0.00,        0.00,        0.00,        1.00,        4.25,        0.00,        0.00,        1.00,        1.00,        0.00
     8378.00,       64.52,       27.39,        0.00,        0.00,        0.00,        0.00,        1.00,        4.25,        0.00,        0.00,        1.00,        1.00,        0.00
     8379.00,       64.52,       25.98,        0.00,        0.00,        0.00,        0.00,        1.00,        4.25,        0.00,        0.00,        1.00,        1.00,        0.00
     8380.00,       64.52,       26.75,        0.00,        0.00,        0.00,        0.00,        1.00,        4.25,        0.00,        0.00,        1.00,        1.00,        0.00
     8381.00,       64.52,       29.61,        0.00,        0.00,        0.00,        0.00,        1.00,        4.25,        0.00,        0.00,        1.00,        1.00,        0.00
     8382.00,       64.52,       37.03,        0.00,        0.00,        0.00,        0.00,        1.00,        4.25,        0.00,        0.00,        1.00,        1.00,        0.00
     8383.00,       64.52,       46.35,        0.00,        0.00,        0.00,        0.00,        1.00,        4.25,        0.00,        0.00,        1.00,        1.00,        0.00
     8384.00,       64.52,       47.39,        0.00,        0.00,        0.00,        0.00,        1.00,        4.25,        0.00,        0.00,        1.00,        1.00,        0.00
     8385.00,       64.52,       32.72,        0.00,        0.00,        0.00,        0.00,        1.00,        4.25,        0.00,        0.00,        1.00,        1.00,        0.00
     8386.00,       64.52,       28.99,        0.00,        0.00,        0.00,        0.00,        1.00,        4.25,        0.00,        0.00,        1.00,        1.00,        0.00
     8387.00,       64.52,       25.44,        0.00,        0.00,        0.00,        0.00,        1.00,        4.25,        0.00,        0.00,        1.00,        1.00,        0.00
     8388.00,       64.52,       24.52,        0.00,        0.00,        0.00,        0.00,        1.00,        4.25,        0.00,        0.00,        1.00,        1.00,        0.00
     8389.00,       64.52,       23.64,        0.00,        0.00,        0.00,        0.00,        1.00,        4.25,        0.00,        0.00,        1.00,        1.00,        0.00
     8390.00,       64.52,       23.58,        0.00,        0.00,        0.00,        0.00,        1.00,        4.25,        0.00,        0.00,        1.00,        1.00,        0.00
     8391.00,       64.52,       24.34,        0.00,        0.00,        0.00,        0.00,        1.00,        4.25,        0.00,        0.00,        1.00,        1.00,        0.00
     8392.00,       64.52,       28.01,        0.00,        0.00,        0.00,        0.00,        1.00,        4.25,        0.00,        0.00,        1.00,        1.00,        0.00
     8393.00,       64.52,       38.98,        0.00,        0.00,        0.00,        0.00,        1.00,        4.25,        0.00,        0.00,        1.00,        1.00,        0.00
     8394.00,       64.52,       54.19,        0.00,        0.00,        0.00,        0.00,        1.00,        4.25,        0.00,        0.00,        1.00,        1.00,        0.00
     8395.00,       64.52,       57.85,        0.00,        0.00,        0.00,        0.00,        1.00,        4.25,        0.00,        0.00,        1.00,        1.00,        0.00
     8396.00,       64.52,       43.65,        0.00,        0.00,        0.00,        0.00,        1.00,        4.25,        0.00,        0.00,        1.00,        1.00,        0.00
     8397.00,       64.52,       41.91,        0.00,        0.00,        0.00,        0.00,        1.00,        4.25,        0.00,        0.00,        1.00,        1.00,        0.00
     8398.00,       64.52,       37.29,        0.00,        0.00,        0.00,        0.00,        1.00,        4.25,        0.00,        0.00,        1.00,        1.00,        0.00
     8399.00,       64.52,       34.11,        0.00,        0.00,        0.00,        0.00,        1.00,        4.25,        0.00,        0.00,        1.00,        1.00,        0.00
     8400.00,       64.52,       29.80,        0.00,        0.00,        0.00,        0.00,        1.00,        4.25,        0.00,        0.00,        1.00,        1.00,        0.00
     8401.00,       64.52,       26.94,        0.00,        0.00,        0.00,        0.00,        1.00,        4.25,        0.00,        0.00,        1.00,        1.00,        0.00
     8402.00,       64.52,       26.39,        0.00,        0.00,        0.00,        0.00,        1.00,        4.25,        0.00,        0.00,        1.00,        1.00,        0.00
     8403.00,       64.52,       26.03,        0.00,        0.00,        0.00,        0.00,        1.00,        4.25,        0.00,        0.00,        1.00,        1.00,        0.00
     8404.00,       64.52,       26.20,        0.00,        0.00,        0.00,        0.00,        1.00,        4.25,        0.00,        0.00,        1.00,        1.00,        0.00
     8405.00,       64.52,       27.82,        0.00,        0.00,        0.00,        0.00,        1.00,        4.25,        0.00,        0.00,        1.00,        1.00,        0.00
     8406.00,       64.52,       34.92,        0.00,        0.00,        0.00,        0.00,        1.00,        4.25,        0.00,        0.00,        1.00,        1.00,        0.00
     8407.00,       64.52,       44.86,        0.00,        0.00,        0.00,        0.00,        1.00,        4.25,        0.00,        0.00,        1.00,        1.00,        0.00
     8408.00,       64.52,       47.53,        0.00,        0.00,        0.00,        0.00,        1.00,        4.25,        0.00,        0.00,        1.00,        1.00,        0.00
     8409.00,       64.52,       32.49,        0.00,        0.00,        0.00,        0.00,        1.00,        4.25,        0.00,        0.00,        1.00,        1.00,        0.00
     8410.00,       64.52,       28.69,        0.00,        0.00,        0.00,        0.00,        1.00,        4.25,        0.00,        0.00,        1.00,        1.00,        0.00
     8411.00,       64.52,       24.39,        0.00,        0.00,        0.00,        0.00,        1.00,        4.25,        0.00,        0.00,        1.00,        1.00,        0.00
     8412.00,       64.52,       23.74,        0.00,        0.00,        0.00,        0.00,        1.00,        4.25,        0.00,        0.00,        1.00,        1.00,        0.00
     8413.00,       64.52,       22.32,        0.00,        0.00,        0.00,        0.00,        1.00,        4.25,        0.00,        0.00,        1.00,        1.00,        0.00
     8414.00,       64.52,       22.08,        0.00,        0.00,        0.00,        0.00,        1.00,        4.25,        0.00,        0.00,        1.00,        1.00,        0.00
     8415.00,       64.52,       23.81,        0.00,        0.00,        0.00,        0.00,        1.00,        4.25,        0.00,        0.00,        1.00,        1.00,        0.00
     8416.00,       64.52,       27.21,        0.00,        0.00,        0.00,        0.00,        1.00,        4.25,        0.00,        0.00,        1.00,        1.00,        0.00
     8417.00,       64.52,       37.95,        0.00,        0.00,        0.00,        0.00,        1.00,        4.25,        0.00,        0.00,        1.00,        1.00,        0.00
     8418.00,       64.52,       49.05,        0.00,        0.00,        0.00,        0.00,        1.00,        4.25,        0.00,        0.00,        1.00,        1.00,        0.00
     8419.00,       64.52,       59.67,        0.00,        0.00,        0.00,        0.00,        1.00,        4.25,        0.00,        0.00,        1.00,        1.00,        0.00
     8420.00,       64.52,       43.20,        0.00,        0.00,        0.00,        0.00,        1.00,        4.25,        0.00,        0.00,        1.00,        1.00,        0.00
     8421.00,       64.52,       39.06,        0.00,        0.00,        0.00,        0.00,        1.00,        4.25,        0.00,        0.00,        1.00,        1.00,        0.00
     8422.00,       64.52,       37.00,        0.00,        0.00,        0.00,        0.00,        1.00,        4.25,        0.00,        0.00,        1.00,        1.00,        0.00
     8423.00,       64.52,       33.44,        0.00,        0.00,        0.00,        0.00,        1.00,        4.25,        0.00,        0.00,        1.00,        1.00,        0.00
     8424.00,       64.52,       27.94,        0.00,        0.00,        0.00,        0.00,        1.00,        4.25,        0.00,        0.00,        1.00,        1.00,        0.00
     8425.00,       64.52,       24.85,        0.00,        0.00,        0.00,        0.00,        1.00,        4.25,        0.00,        0.00,        1.00,        1.00,        0.00
     8426.00,       64.52,       24.39,        0.00,        0.00,        0.00,        0.00,        1.00,        4.25,        0.00,        0.00,        1.00,        1.00,        0.00
     8427.00,       64.52,       23.54,        0.00,        0.00,        0.00,        0.00,        1.00,        4.25,        0.00,        0.00,        1.00,        1.00,        0.00
     8428.00,       64.52,       23.95,        0.00,        0.00,        0.00,        0.00,        1.00,        4.25,        0.00,        0.00,        1.00,        1.00,        0.00
     8429.00,       64.52,       25.45,        0.00,        0.00,        0.00,        0.00,        1.00,        4.25,        0.00,        0.00,        1.00,        1.00,        0.00
     8430.00,       64.52,       31.55,        0.00,        0.00,        0.00,        0.00,        1.00,        4.25,        0.00,        0.00,        1.00,        1.00,        0.00
     8431.00,       64.52,       38.16,        0.00,        0.00,        0.00,        0.00,        1.00,        4.25,        0.00,        0.00,        1.00,        1.00,        0.00
     8432.00,       64.52,       44.42,        0.00,        0.00,        0.00,        0.00,        1.00,        4.25,        0.00,        0.00,        1.00,        1.00,        0.00
     8433.00,       64.52,       29.90,        0.00,        0.00,        0.00,        0.00,        1.00,        4.25,        0.00,        0.00,        1.00,        1.00,        0.00
     8434.00,       64.52,       25.17,        0.00,        0.00,        0.00,        0.00,        1.00,        4.25,        0.00,        0.00,        1.00,        1.00,        0.00
     8435.00,       64.52,       22.04,        0.00,        0.00,        0.00,        0.00,        1.00,        4.25,        0.00,        0.00,        1.00,        1.00,        0.00
     8436.00,       64.52,       22.71,        0.00,        0.00,        0.00,        0.00,        1.00,        4.25,        0.00,        0.00,        1.00,        1.00,        0.00
     8437.00,       64.52,       21.88,        0.00,        0.00,        0.00,        0.00,        1.00,        4.25,        0.00,        0.00,        1.00,        1.00,        0.00
     8438.00,       64.52,       21.79,        0.00,        0.00,        0.00,        0.00,        1.00,        4.25,        0.00,        0.00,        1.00,        1.00,        0.00
     8439.00,       64.52,       22.00,        0.00,        0.00,        0.00,        0.00,        1.00,        4.25,        0.00,        0.00,        1.00,        1.00,        0.00
     8440.00,       64.52,       25.36,        0.00,        0.00,        0.00,        0.00,        1.00,        4.25,        0.00,        0.00,        1.00,        1.00,        0.00
     8441.00,       64.52,       35.95,        0.00,        0.00,        0.00,        0.00,        1.00,        4.25,        0.00,        0.00,        1.00,        1.00,        0.00
     8442.00,       64.52,       45.93,        0.00,        0.00,        0.00,        0.00,        1.00,        4.25,        0.00,        0.00,        1.00,        1.00,        0.00
     8443.00,       64.52,       46.60,        0.00,        0.00,        0.00,        0.00,        1.00,        4.25,        0.00,        0.00,        1.00,        1.00,        0.00
     8444.00,       64.52,       38.71,        0.00,        0.00,        0.00,        0.00,        1.00,        4.25,        0.00,        0.00,        1.00,        1.00,        0.00
     8445.00,       64.52,       36.20,        0.00,        0.00,        0.00,        0.00,        1.00,        4.25,        0.00,        0.00,        1.00,        1.00,        0.00
     8446.00,       64.52,       34.13,        0.00,        0.00,        0.00,        0.00,        1.00,        4.25,        0.00,        0.00,        1.00,        1.00,        0.00
     8447.00,       64.52,       31.39,        0.00,        0.00,        0.00,        0.00,        1.00,        4.25,        0.00,        0.00,        1.00,        1.00,        0.00
     8448.00,       64.52,       25.50,        0.00,        0.00,        0.00,        0.00,        1.00,        4.25,        0.00,        0.00,        1.00,        1.00,        0.00
     8449.00,       64.52,       26.40,        0.00,        0.00,        0.00,        0.00,        1.00,        4.25,        0.00,        0.00,        1.00,        1.00,        0.00
     8450.00,       64.52,       25.64,        0.00,        0.00,        0.00,        0.00,        1.00,        4.25,        0.00,        0.00,        1.00,        1.00,        0.00
     8451.00,       64.52,       25.14,        0.00,        0.00,        0.00,        0.00,        1.00,        4.25,        0.00,        0.00,        1.00,        1.00,        0.00
     8452.00,       64.52,       24.76,        0.00,        0.00,        0.00,        0.00,        1.00,        4.25,        0.00,        0.00,        1.00,        1.00,        0.00
     8453.00,       64.52,       25.55,        0.00,        0.00,        0.00,        0.00,        1.00,        4.25,        0.00,        0.00,        1.00,        1.00,        0.00
     8454.00,       64.52,       27.09,        0.00,        0.00,        0.00,        0.00,        1.00,        4.25,        0.00,        0.00,        1.00,        1.00,        0.00
     8455.00,       64.52,       26.07,        0.00,        0.00,        0.00,        0.00,        1.00,        4.25,        0.00,        0.00,        1.00,        1.00,        0.00
     8456.00,       64.52,       28.31,        0.00,        0.00,        0.00,        0.00,        1.00,        4.25,        0.00,        0.00,        1.00,        1.00,        0.00
     8457.00,       64.52,       26.18,        0.00,        0.00,        0.00,        0.00,        1.00,        4.25,        0.00,        0.00,        1.00,        1.00,        0.00
     8458.00,       64.52,       24.23,        0.00,        0.00,        0.00,        0.00,        1.00,        4.25,        0.00,        0.00,        1.00,        1.00,        0.00
     8459.00,       64.52,       22.88,        0.00,        0.00,        0.00,        0.00,        1.00,        4.25,        0.00,        0.00,        1.00,        1.00,        0.00
     8460.00,       64.52,       21.66,        0.00,        0.00,        0.00,        0.00,        1.00,        4.25,        0.00,        0.00,        1.00,        1.00,        0.00
     8461.00,       64.52,       20.57,        0.00,        0.00,        0.00,        0.00,        1.00,        4.25,        0.00,        0.00,        1.00,        1.00,        0.00
     8462.00,       64.52,       20.25,        0.00,        0.00,        0.00,        0.00,        1.00,        4.25,        0.00,        0.00,        1.00,        1.00,        0.00
     8463.00,       64.52,       20.59,        0.00,        0.00,        0.00,        0.00,        1.00,        4.25,        0.00,        0.00,        1.00,        1.00,        0.00
     8464.00,       64.52,       23.12,        0.00,        0.00,        0.00,        0.00,        1.00,        4.25,        0.00,        0.00,        1.00,        1.00,        0.00
     8465.00,       64.52,       31.12,        0.00,        0.00,        0.00,        0.00,        1.00,        4.25,        0.00,        0.00,        1.00,        1.00,        0.00
     8466.00,       64.52,       41.48,        0.00,        0.00,        0.00,        0.00,        1.00,        4.25,        0.00,        0.00,        1.00,        1.00,        0.00
     8467.00,       64.52,       39.26,        0.00,        0.00,        0.00,        0.00,        1.00,        4.25,        0.00,        0.00,        1.00,        1.00,        0.00
     8468.00,       64.52,       36.46,        0.00,        0.00,        0.00,        0.00,        1.00,        4.25,        0.00,        0.00,        1.00,        1.00,        0.00
     8469.00,       64.52,       34.26,        0.00,        0.00,        0.00,        0.00,        1.00,        4.25,        0.00,        0.00,        1.00,        1.00,        0.00
     8470.00,       64.52,       30.61,        0.00,        0.00,        0.00,        0.00,        1.00,        4.25,        0.00,        0.00,        1.00,        1.00,        0.00
     8471.00,       64.52,       28.40,        0.00,        0.00,        0.00,        0.00,        1.00,        4.25,        0.00,        0.00,        1.00,        1.00,        0.00
     8472.00,       64.52,       24.92,        0.00,        0.00,        0.00,        0.00,        1.00,        4.25,        0.00,        0.00,        1.00,        1.00,        0.00
     8473.00,       64.52,       23.57,        0.00,        0.00,        0.00,        0.00,        1.00,        4.25,        0.00,        0.00,        1.00,        1.00,        0.00
     8474.00,       64.52,       22.19,        0.00,        0.00,        0.00,        0.00,        1.00,        4.25,        0.00,        0.00,        1.00,        1.00,        0.00
     8475.00,       64.52,       22.45,        0.00,        0.00,        0.00,        0.00,        1.00,        4.25,        0.00,        0.00,        1.00,        1.00,        0.00
     8476.00,       64.52,       23.04,        0.00,        0.00,        0.00,        0.00,        1.00,        4.25,        0.00,        0.00,        1.00,        1.00,        0.00
     8477.00,       64.52,       24.13,        0.00,        0.00,        0.00,        0.00,        1.00,        4.25,        0.00,        0.00,        1.00,        1.00,        0.00
     8478.00,       64.52,       26.69,        0.00,        0.00,        0.00,        0.00,        1.00,        4.25,        0.00,        0.00,        1.00,        1.00,        0.00
     8479.00,       64.52,       26.70,        0.00,        0.00,        0.00,        0.00,        1.00,        4.25,        0.00,        0.00,        1.00,        1.00,        0.00
     8480.00,       64.52,       28.74,        0.00,        0.00,        0.00,        0.00,        1.00,        4.25,        0.00,        0.00,        1.00,        1.00,        0.00
     8481.00,       64.52,       25.67,        0.00,        0.00,        0.00,        0.00,        1.00,        4.25,        0.00,        0.00,        1.00,        1.00,        0.00
     8482.00,       64.52,       24.63,        0.00,        0.00,        0.00,        0.00,        1.00,        4.25,        0.00,        0.00,        1.00,        1.00,        0.00
     8483.00,       64.52,       22.79,        0.00,        0.00,        0.00,        0.00,        1.00,        4.25,        0.00,        0.00,        1.00,        1.00,        0.00
     8484.00,       64.52,       22.16,        0.00,        0.00,        0.00,        0.00,        1.00,        4.25,        0.00,        0.00,        1.00,        1.00,        0.00
     8485.00,       64.52,       20.31,        0.00,        0.00,        0.00,        0.00,        1.00,        4.25,        0.00,        0.00,        1.00,        1.00,        0.00
     8486.00,       64.52,       20.84,        0.00,        0.00,        0.00,        0.00,        1.00,        4.25,        0.00,        0.00,        1.00,        1.00,        0.00
     8487.00,       64.52,       20.95,        0.00,        0.00,        0.00,        0.00,        1.00,        4.25,        0.00,        0.00,        1.00,        1.00,        0.00
     8488.00,       64.52,       25.10,        0.00,        0.00,        0.00,        0.00,        1.00,        4.25,        0.00,        0.00,        1.00,        1.00,        0.00
     8489.00,       64.52,       30.00,        0.00,        0.00,        0.00,        0.00,        1.00,        4.25,        0.00,        0.00,        1.00,        1.00,        0.00
     8490.00,       64.52,       41.18,        0.00,        0.00,        0.00,        0.00,        1.00,        4.25,        0.00,        0.00,        1.00,        1.00,        0.00
     8491.00,       64.52,       41.57,        0.00,        0.00,        0.00,        0.00,        1.00,        4.25,        0.00,        0.00,        1.00,        1.00,        0.00
     8492.00,       64.52,       39.04,        0.00,        0.00,        0.00,        0.00,        1.00,        4.25,        0.00,        0.00,        1.00,        1.00,        0.00
     8493.00,       64.52,       36.49,        0.00,        0.00,        0.00,        0.00,        1.00,        4.25,        0.00,        0.00,        1.00,        1.00,        0.00
     8494.00,       64.52,       31.43,        0.00,        0.00,        0.00,        0.00,        1.00,        4.25,        0.00,        0.00,        1.00,        1.00,        0.00
     8495.00,       64.52,       26.61,        0.00,        0.00,        0.00,        0.00,        1.00,        4.25,        0.00,        0.00,        1.00,        1.00,        0.00
     8496.00,       64.52,       23.93,        0.00,        0.00,        0.00,        0.00,        1.00,        4.25,        0.00,        0.00,        1.00,        1.00,        0.00
     8497.00,       64.52,       20.86,        0.00,        0.00,        0.00,        0.00,        1.00,        4.25,        0.00,        0.00,        1.00,        1.00,        0.00
     8498.00,       64.52,       20.34,        0.00,        0.00,        0.00,        0.00,        1.00,        4.25,        0.00,        0.00,        1.00,        1.00,        0.00
     8499.00,       64.52,       20.52,        0.00,        0.00,        0.00,        0.00,        1.00,        4.25,        0.00,        0.00,        1.00,        1.00,        0.00
     8500.00,       64.52,       20.97,        0.00,        0.00,        0.00,        0.00,        1.00,        4.25,        0.00,        0.00,        1.00,        1.00,        0.00
     8501.00,       64.52,       21.25,        0.00,        0.00,        0.00,        0.00,        1.00,        4.25,        0.00,        0.00,        1.00,        1.00,        0.00
     8502.00,       64.52,       26.71,        0.00,        0.00,        0.00,        0.00,        1.00,        4.25,        0.00,        0.00,        1.00,        1.00,        0.00
     8503.00,       64.52,       31.41,        0.00,        0.00,        0.00,        0.00,        1.00,        4.25,        0.00,        0.00,        1.00,        1.00,        0.00
     8504.00,       64.52,       38.02,        0.00,        0.00,        0.00,        0.00,        1.00,        4.25,        0.00,        0.00,        1.00,        1.00,        0.00
     8505.00,       64.52,       30.87,        0.00,        0.00,        0.00,        0.00,        1.00,        4.25,        0.00,        0.00,        1.00,        1.00,        0.00
     8506.00,       64.52,       27.64,        0.00,        0.00,        0.00,        0.00,        1.00,        4.25,        0.00,        0.00,        1.00,        1.00,        0.00
     8507.00,       64.52,       24.68,        0.00,        0.00,        0.00,        0.00,        1.00,        4.25,        0.00,        0.00,        1.00,        1.00,        0.00
     8508.00,       64.52,       23.71,        0.00,        0.00,        0.00,        0.00,        1.00,        4.25,        0.00,        0.00,        1.00,        1.00,        0.00
     8509.00,       64.52,       22.84,        0.00,        0.00,        0.00,        0.00,        1.00,        4.25,        0.00,        0.00,        1.00,        1.00,        0.00
     8510.00,       64.52,       22.77,        0.00,        0.00,        0.00,        0.00,        1.00,        4.25,        0.00,        0.00,        1.00,        1.00,        0.00
     8511.00,       64.52,       23.05,        0.00,        0.00,        0.00,        0.00,        1.00,        4.25,        0.00,        0.00,        1.00,        1.00,        0.00
     8512.00,       64.52,       25.41,        0.00,        0.00,        0.00,        0.00,        1.00,        4.25,        0.00,        0.00,        1.00,        1.00,        0.00
     8513.00,       64.52,       34.25,        0.00,        0.00,        0.00,        0.00,        1.00,        4.25,        0.00,        0.00,        1.00,        1.00,        0.00
     8514.00,       64.52,       38.61,        0.00,        0.00,        0.00,        0.00,        1.00,        4.25,        0.00,        0.00,        1.00,        1.00,        0.00
     8515.00,       64.52,       43.88,        0.00,        0.00,        0.00,        0.00,        1.00,        4.25,        0.00,        0.00,        1.00,        1.00,        0.00
     8516.00,       64.52,       39.50,        0.00,        0.00,        0.00,        0.00,        1.00,        4.25,        0.00,        0.00,        1.00,        1.00,        0.00
     8517.00,       64.52,       35.49,        0.00,        0.00,        0.00,        0.00,        1.00,        4.25,        0.00,        0.00,        1.00,        1.00,        0.00
     8518.00,       64.52,       30.25,        0.00,        0.00,        0.00,        0.00,        1.00,        4.25,        0.00,        0.00,        1.00,        1.00,        0.00
     8519.00,       64.52,       26.05,        0.00,        0.00,        0.00,        0.00,        1.00,        4.25,        0.00,        0.00,        1.00,        1.00,        0.00
     8520.00,       64.52,       23.78,        0.00,        0.00,        0.00,        0.00,        1.00,        4.25,        0.00,        0.00,        1.00,        1.00,        0.00
     8521.00,       64.52,       22.97,        0.00,        0.00,        0.00,        0.00,        1.00,        4.25,        0.00,        0.00,        1.00,        1.00,        0.00
     8522.00,       64.52,       21.16,        0.00,        0.00,        0.00,        0.00,        1.00,        4.25,        0.00,        0.00,        1.00,        1.00,        0.00
     8523.00,       64.52,       20.64,        0.00,        0.00,        0.00,        0.00,        1.00,        4.25,        0.00,        0.00,        1.00,        1.00,        0.00
     8524.00,       64.52,       22.68,        0.00,        0.00,        0.00,        0.00,        1.00,        4.25,        0.00,        0.00,        1.00,        1.00,        0.00
     8525.00,       64.52,       24.00,        0.00,        0.00,        0.00,        0.00,        1.00,        4.25,        0.00,        0.00,        1.00,        1.00,        0.00
     8526.00,       64.52,       27.33,        0.00,        0.00,        0.00,        0.00,        1.00,        4.25,        0.00,        0.00,        1.00,        1.00,        0.00
     8527.00,       64.52,       32.47,        0.00,        0.00,        0.00,        0.00,        1.00,        4.25,        0.00,        0.00,        1.00,        1.00,        0.00
     8528.00,       64.52,       35.01,        0.00,        0.00,        0.00,        0.00,        1.00,        4.25,        0.00,        0.00,        1.00,        1.00,        0.00
     8529.00,       64.52,       32.47,        0.00,        0.00,        0.00,        0.00,        1.00,        4.25,        0.00,        0.00,        1.00,        1.00,        0.00
     8530.00,       64.52,       30.62,        0.00,        0.00,        0.00,        0.00,        1.00,        4.25,        0.00,        0.00,        1.00,        1.00,        0.00
     8531.00,       64.52,       24.62,        0.00,        0.00,        0.00,        0.00,        1.00,        4.25,        0.00,        0.00,        1.00,        1.00,        0.00
     8532.00,       64.52,       23.57,        0.00,        0.00,        0.00,        0.00,        1.00,        4.25,        0.00,        0.00,        1.00,        1.00,        0.00
     8533.00,       64.52,       23.40,        0.00,        0.00,        0.00,        0.00,        1.00,        4.25,        0.00,        0.00,        1.00,        1.00,        0.00
     8534.00,       64.52,       22.63,        0.00,        0.00,        0.00,        0.00,        1.00,        4.25,        0.00,        0.00,        1.00,        1.00,        0.00
     8535.00,       64.52,       23.41,        0.00,        0.00,        0.00,        0.00,        1.00,        4.25,        0.00,        0.00,        1.00,        1.00,        0.00
     8536.00,       64.52,       25.62,        0.00,        0.00,        0.00,        0.00,        1.00,        4.25,        0.00,        0.00,        1.00,        1.00,        0.00
     8537.00,       64.52,       33.13,        0.00,        0.00,        0.00,        0.00,        1.00,        4.25,        0.00,        0.00,        1.00,        1.00,        0.00
     8538.00,       64.52,       41.43,        0.00,        0.00,        0.00,        0.00,        1.00,        4.25,        0.00,        0.00,        1.00,        1.00,        0.00
     8539.00,       64.52,       41.24,        0.00,        0.00,        0.00,        0.00,        1.00,        4.25,        0.00,        0.00,        1.00,        1.00,        0.00
     8540.00,       64.52,       37.13,        0.00,        0.00,        0.00,        0.00,        1.00,        4.25,        0.00,        0.00,        1.00,        1.00,        0.00
     8541.00,       64.52,       34.35,        0.00,        0.00,        0.00,        0.00,        1.00,        4.25,        0.00,        0.00,        1.00,        1.00,        0.00
     8542.00,       64.52,       30.66,        0.00,        0.00,        0.00,        0.00,        1.00,        4.25,        0.00,        0.00,        1.00,        1.00,        0.00
     8543.00,       64.52,       28.01,        0.00,        0.00,        0.00,        0.00,        1.00,        4.25,        0.00,        0.00,        1.00,        1.00,        0.00
     8544.00,       64.52,       25.33,        0.00,        0.00,        0.00,        0.00,        1.00,        4.25,        0.00,        0.00,        1.00,        1.00,        0.00
     8545.00,       64.52,       23.81,        0.00,        0.00,        0.00,        0.00,        1.00,        4.25,        0.00,        0.00,        1.00,        1.00,        0.00
     8546.00,       64.52,       21.25,        0.00,        0.00,        0.00,        0.00,        1.00,        4.25,        0.00,        0.00,        1.00,        1.00,        0.00
     8547.00,       64.52,       20.01,        0.00,        0.00,        0.00,        0.00,        1.00,        4.25,        0.00,        0.00,        1.00,        1.00,        0.00
     8548.00,       64.52,       20.81,        0.00,        0.00,        0.00,        0.00,        1.00,        4.25,        0.00,        0.00,        1.00,        1.00,        0.00
     8549.00,       64.52,       22.46,        0.00,        0.00,        0.00,        0.00,        1.00,        4.25,        0.00,        0.00,        1.00,        1.00,        0.00
     8550.00,       64.52,       26.23,        0.00,        0.00,        0.00,        0.00,        1.00,        4.25,        0.00,        0.00,        1.00,        1.00,        0.00
     8551.00,       64.52,       29.71,        0.00,        0.00,        0.00,        0.00,        1.00,        4.25,        0.00,        0.00,        1.00,        1.00,        0.00
     8552.00,       64.52,       34.50,        0.00,        0.00,        0.00,        0.00,        1.00,        4.25,        0.00,        0.00,        1.00,        1.00,        0.00
     8553.00,       64.52,       27.64,        0.00,        0.00,        0.00,        0.00,        1.00,        4.25,        0.00,        0.00,        1.00,        1.00,        0.00
     8554.00,       64.52,       24.97,        0.00,        0.00,        0.00,        0.00,        1.00,        4.25,        0.00,        0.00,        1.00,        1.00,        0.00
     8555.00,       64.52,       23.33,        0.00,        0.00,        0.00,        0.00,        1.00,        4.25,        0.00,        0.00,        1.00,        1.00,        0.00
     8556.00,       64.52,       22.95,        0.00,        0.00,        0.00,        0.00,        1.00,        4.25,        0.00,        0.00,        1.00,        1.00,        0.00
     8557.00,       64.52,       21.91,        0.00,        0.00,        0.00,        0.00,        1.00,        4.25,        0.00,        0.00,        1.00,        1.00,        0.00
     8558.00,       64.52,       21.45,        0.00,        0.00,        0.00,        0.00,        1.00,        4.25,        0.00,        0.00,        1.00,        1.00,        0.00
     8559.00,       64.52,       23.04,        0.00,        0.00,        0.00,        0.00,        1.00,        4.25,        0.00,        0.00,        1.00,        1.00,        0.00
     8560.00,       64.52,       26.00,        0.00,        0.00,        0.00,        0.00,        1.00,        4.25,        0.00,        0.00,        1.00,        1.00,        0.00
     8561.00,       64.52,       32.96,        0.00,        0.00,        0.00,        0.00,        1.00,        4.25,        0.00,        0.00,        1.00,        1.00,        0.00
     8562.00,       64.52,       38.85,        0.00,        0.00,        0.00,        0.00,        1.00,        4.25,        0.00,        0.00,        1.00,        1.00,        0.00
     8563.00,       64.52,       70.14,        0.00,        0.00,        0.00,        0.00,        1.00,        4.25,        0.00,        0.00,        1.00,        1.00,        0.00
     8564.00,       64.52,       43.64,        0.00,        0.00,        0.00,        0.00,        1.00,        4.25,        0.00,        0.00,        1.00,        1.00,        0.00
     8565.00,       64.52,       34.00,        0.00,        0.00,        0.00,        0.00,        1.00,        4.25,        0.00,        0.00,        1.00,        1.00,        0.00
     8566.00,       64.52,       30.94,        0.00,        0.00,        0.00,        0.00,        1.00,        4.25,        0.00,        0.00,        1.00,        1.00,        0.00
     8567.00,       64.52,       28.02,        0.00,        0.00,        0.00,        0.00,        1.00,        4.25,        0.00,        0.00,        1.00,        1.00,        0.00
     8568.00,       64.52,       25.38,        0.00,        0.00,        0.00,        0.00,        1.00,        4.25,        0.00,        0.00,        1.00,        1.00,        0.00
     8569.00,       64.52,       22.32,        0.00,        0.00,        0.00,        0.00,        1.00,        4.25,        0.00,        0.00,        1.00,        1.00,        0.00
     8570.00,       64.52,       21.22,        0.00,        0.00,        0.00,        0.00,        1.00,        4.25,        0.00,        0.00,        1.00,        1.00,        0.00
     8571.00,       64.52,       20.21,        0.00,        0.00,        0.00,        0.00,        1.00,        4.25,        0.00,        0.00,        1.00,        1.00,        0.00
     8572.00,       64.52,       20.25,        0.00,        0.00,        0.00,        0.00,        1.00,        4.25,        0.00,        0.00,        1.00,        1.00,        0.00
     8573.00,       64.52,       22.30,        0.00,        0.00,        0.00,        0.00,        1.00,        4.25,        0.00,        0.00,        1.00,        1.00,        0.00
     8574.00,       64.52,       27.13,        0.00,        0.00,        0.00,        0.00,        1.00,        4.25,        0.00,        0.00,        1.00,        1.00,        0.00
     8575.00,       64.52,       28.12,        0.00,        0.00,        0.00,        0.00,        1.00,        4.25,        0.00,        0.00,        1.00,        1.00,        0.00
     8576.00,       64.52,       30.57,        0.00,        0.00,        0.00,        0.00,        1.00,        4.25,        0.00,        0.00,        1.00,        1.00,        0.00
     8577.00,       64.52,       26.96,        0.00,        0.00,        0.00,        0.00,        1.00,        4.25,        0.00,        0.00,        1.00,        1.00,        0.00
     8578.00,       64.52,       26.35,        0.00,        0.00,        0.00,        0.00,        1.00,        4.25,        0.00,        0.00,        1.00,        1.00,        0.00
     8579.00,       64.52,       24.97,        0.00,        0.00,        0.00,        0.00,        1.00,        4.25,        0.00,        0.00,        1.00,        1.00,        0.00
     8580.00,       64.52,       24.98,        0.00,        0.00,        0.00,        0.00,        1.00,        4.25,        0.00,        0.00,        1.00,        1.00,        0.00
     8581.00,       64.52,       20.89,        0.00,        0.00,        0.00,        0.00,        1.00,        4.25,        0.00,        0.00,        1.00,        1.00,        0.00
     8582.00,       64.52,       19.90,        0.00,        0.00,        0.00,        0.00,        1.00,        4.25,        0.00,        0.00,        1.00,        1.00,        0.00
     8583.00,       64.52,       20.61,        0.00,        0.00,        0.00,        0.00,        1.00,        4.25,        0.00,        0.00,        1.00,        1.00,        0.00
     8584.00,       64.52,       24.84,        0.00,        0.00,        0.00,        0.00,        1.00,        4.25,        0.00,        0.00,        1.00,        1.00,        0.00
     8585.00,       64.52,       29.20,        0.00,        0.00,        0.00,        0.00,        1.00,        4.25,        0.00,        0.00,        1.00,        1.00,        0.00
     8586.00,       64.52,       38.30,        0.00,        0.00,        0.00,        0.00,        1.00,        4.25,        0.00,        0.00,        1.00,        1.00,        0.00
     8587.00,       64.52,       36.10,        0.00,        0.00,        0.00,        0.00,        1.00,        4.25,        0.00,        0.00,        1.00,        1.00,        0.00
     8588.00,       64.52,       33.18,        0.00,        0.00,        0.00,        0.00,        1.00,        4.25,        0.00,        0.00,        1.00,        1.00,        0.00
     8589.00,       64.52,       30.80,        0.00,        0.00,        0.00,        0.00,        1.00,        4.25,        0.00,        0.00,        1.00,        1.00,        0.00
     8590.00,       64.52,       28.64,        0.00,        0.00,        0.00,        0.00,        1.00,        4.25,        0.00,        0.00,        1.00,        1.00,        0.00
     8591.00,       64.52,       28.43,        0.00,        0.00,        0.00,        0.00,        1.00,        4.25,        0.00,        0.00,        1.00,        1.00,        0.00
     8592.00,       64.52,       26.54,        0.00,        0.00,        0.00,        0.00,        1.00,        4.25,        0.00,        0.00,        1.00,        1.00,        0.00
     8593.00,       64.52,       24.67,        0.00,        0.00,        0.00,        0.00,        1.00,        4.25,        0.00,        0.00,        1.00,        1.00,        0.00
     8594.00,       64.52,       24.15,        0.00,        0.00,        0.00,        0.00,        1.00,        4.25,        0.00,        0.00,        1.00,        1.00,        0.00
     8595.00,       64.52,       24.77,        0.00,        0.00,        0.00,        0.00,        1.00,        4.25,        0.00,        0.00,        1.00,        1.00,        0.00
     8596.00,       64.52,       24.69,        0.00,        0.00,        0.00,        0.00,        1.00,        4.25,        0.00,        0.00,        1.00,        1.00,        0.00
     8597.00,       64.52,       24.94,        0.00,        0.00,        0.00,        0.00,        1.00,        4.25,        0.00,        0.00,        1.00,        1.00,        0.00
     8598.00,       64.52,       26.72,        0.00,        0.00,        0.00,        0.00,        1.00,        4.25,        0.00,        0.00,        1.00,        1.00,        0.00
     8599.00,       64.52,       28.91,        0.00,        0.00,        0.00,        0.00,        1.00,        4.25,        0.00,        0.00,        1.00,        1.00,        0.00
     8600.00,       64.52,       30.31,        0.00,        0.00,        0.00,        0.00,        1.00,        4.25,        0.00,        0.00,        1.00,        1.00,        0.00
     8601.00,       64.52,       26.54,        0.00,        0.00,        0.00,        0.00,        1.00,        4.25,        0.00,        0.00,        1.00,        1.00,        0.00
     8602.00,       64.52,       27.38,        0.00,        0.00,        0.00,        0.00,        1.00,        4.25,        0.00,        0.00,        1.00,        1.00,        0.00
     8603.00,       64.52,       28.68,        0.00,        0.00,        0.00,        0.00,        1.00,        4.25,        0.00,        0.00,        1.00,        1.00,        0.00
     8604.00,       64.52,       27.63,        0.00,        0.00,        0.00,        0.00,        1.00,        4.25,        0.00,        0.00,        1.00,        1.00,        0.00
     8605.00,       64.52,       25.75,        0.00,        0.00,        0.00,        0.00,        1.00,        4.25,        0.00,        0.00,        1.00,        1.00,        0.00
     8606.00,       64.52,       22.69,        0.00,        0.00,        0.00,        0.00,        1.00,        4.25,        0.00,        0.00,        1.00,        1.00,        0.00
     8607.00,       64.52,       18.78,        0.00,        0.00,        0.00,        0.00,        1.00,        4.25,        0.00,        0.00,        1.00,        1.00,        0.00
     8608.00,       64.52,       23.47,        0.00,        0.00,        0.00,        0.00,        1.00,        4.25,        0.00,        0.00,        1.00,        1.00,        0.00
     8609.00,       64.52,       27.21,        0.00,        0.00,        0.00,        0.00,        1.00,        4.25,        0.00,        0.00,        1.00,        1.00,        0.00
     8610.00,       64.52,       37.37,        0.00,        0.00,        0.00,        0.00,        1.00,        4.25,        0.00,        0.00,        1.00,        1.00,        0.00
     8611.00,       64.52,       38.92,        0.00,        0.00,        0.00,        0.00,        1.00,        4.25,        0.00,        0.00,        1.00,        1.00,        0.00
     8612.00,       64.52,       34.77,        0.00,        0.00,        0.00,        0.00,        1.00,        4.25,        0.00,        0.00,        1.00,        1.00,        0.00
     8613.00,       64.52,       32.86,        0.00,        0.00,        0.00,        0.00,        1.00,        4.25,        0.00,        0.00,        1.00,        1.00,        0.00
     8614.00,       64.52,       30.87,        0.00,        0.00,        0.00,        0.00,        1.00,        4.25,        0.00,        0.00,        1.00,        1.00,        0.00
     8615.00,       64.52,       28.72,        0.00,        0.00,        0.00,        0.00,        1.00,        4.25,        0.00,        0.00,        1.00,        1.00,        0.00
     8616.00,       64.52,       25.39,        0.00,        0.00,        0.00,        0.00,        1.00,        4.25,        0.00,        0.00,        1.00,        1.00,        0.00
     8617.00,       64.52,       26.17,        0.00,        0.00,        0.00,        0.00,        1.00,        4.25,        0.00,        0.00,        1.00,        1.00,        0.00
     8618.00,       64.52,       26.07,        0.00,        0.00,        0.00,        0.00,        1.00,        4.25,        0.00,        0.00,        1.00,        1.00,        0.00
     8619.00,       64.52,       25.34,        0.00,        0.00,        0.00,        0.00,        1.00,        4.25,        0.00,        0.00,        1.00,        1.00,        0.00
     8620.00,       64.52,       25.13,        0.00,        0.00,        0.00,        0.00,        1.00,        4.25,        0.00,        0.00,        1.00,        1.00,        0.00
     8621.00,       64.52,       26.03,        0.00,        0.00,        0.00,        0.00,        1.00,        4.25,        0.00,        0.00,        1.00,        1.00,        0.00
     8622.00,       64.52,       28.71,        0.00,        0.00,        0.00,        0.00,        1.00,        4.25,        0.00,        0.00,        1.00,        1.00,        0.00
     8623.00,       64.52,       28.76,        0.00,        0.00,        0.00,        0.00,        1.00,        4.25,        0.00,        0.00,        1.00,        1.00,        0.00
     8624.00,       64.52,       29.29,        0.00,        0.00,        0.00,        0.00,        1.00,        4.25,        0.00,        0.00,        1.00,        1.00,        0.00
     8625.00,       64.52,       26.82,        0.00,        0.00,        0.00,        0.00,        1.00,        4.25,        0.00,        0.00,        1.00,        1.00,        0.00
     8626.00,       64.52,       26.32,        0.00,        0.00,        0.00,        0.00,        1.00,        4.25,        0.00,        0.00,        1.00,        1.00,        0.00
     8627.00,       64.52,       23.23,        0.00,        0.00,        0.00,        0.00,        1.00,        4.25,        0.00,        0.00,        1.00,        1.00,        0.00
     8628.00,       64.52,       22.27,        0.00,        0.00,        0.00,        0.00,        1.00,        4.25,        0.00,        0.00,        1.00,        1.00,        0.00
     8629.00,       64.52,       20.08,        0.00,        0.00,        0.00,        0.00,        1.00,        4.25,        0.00,        0.00,        1.00,        1.00,        0.00
     8630.00,       64.52,       20.64,        0.00,        0.00,        0.00,        0.00,        1.00,        4.25,        0.00,        0.00,        1.00,        1.00,        0.00
     8631.00,       64.52,       21.91,        0.00,        0.00,        0.00,        0.00,        1.00,        4.25,        0.00,        0.00,        1.00,        1.00,        0.00
     8632.00,       64.52,       26.91,        0.00,        0.00,        0.00,        0.00,        1.00,        4.25,        0.00,        0.00,        1.00,        1.00,        0.00
     8633.00,       64.52,       31.13,        0.00,        0.00,        0.00,        0.00,        1.00,        4.25,        0.00,        0.00,        1.00,        1.00,        0.00
     8634.00,       64.52,       42.65,        0.00,        0.00,        0.00,        0.00,        1.00,        4.25,        0.00,        0.00,        1.00,        1.00,        0.00
     8635.00,       64.52,       42.85,        0.00,        0.00,        0.00,        0.00,        1.00,        4.25,        0.00,        0.00,        1.00,        1.00,        0.00
     8636.00,       64.52,       38.77,        0.00,        0.00,        0.00,        0.00,        1.00,        4.25,        0.00,        0.00,        1.00,        1.00,        0.00
     8637.00,       64.52,       37.64,        0.00,        0.00,        0.00,        0.00,        1.00,        4.25,        0.00,        0.00,        1.00,        1.00,        0.00
     8638.00,       64.52,       33.37,        0.00,        0.00,        0.00,        0.00,        1.00,        4.25,        0.00,        0.00,        1.00,        1.00,        0.00
     8639.00,       64.52,       31.80,        0.00,        0.00,        0.00,        0.00,        1.00,        4.25,        0.00,        0.00,        1.00,        1.00,        0.00
     8640.00,       64.52,       28.44,        0.00,        0.00,        0.00,        0.00,        1.00,        4.25,        0.00,        0.00,        1.00,        1.00,        0.00
     8641.00,       64.52,       28.65,        0.00,        0.00,        0.00,        0.00,        1.00,        4.25,        0.00,        0.00,        1.00,        1.00,        0.00
     8642.00,       64.52,       27.26,        0.00,        0.00,        0.00,        0.00,        1.00,        4.25,        0.00,        0.00,        1.00,        1.00,        0.00
     8643.00,       64.52,       26.49,        0.00,        0.00,        0.00,        0.00,        1.00,        4.25,        0.00,        0.00,        1.00,        1.00,        0.00
     8644.00,       64.52,       26.16,        0.00,        0.00,        0.00,        0.00,        1.00,        4.25,        0.00,        0.00,        1.00,        1.00,        0.00
     8645.00,       64.52,       27.53,        0.00,        0.00,        0.00,        0.00,        1.00,        4.25,        0.00,        0.00,        1.00,        1.00,        0.00
     8646.00,       64.52,       30.09,        0.00,        0.00,        0.00,        0.00,        1.00,        4.25,        0.00,        0.00,        1.00,        1.00,        0.00
     8647.00,       64.52,       30.59,        0.00,        0.00,        0.00,        0.00,        1.00,        4.25,        0.00,        0.00,        1.00,        1.00,        0.00
     8648.00,       64.52,       30.81,        0.00,        0.00,        0.00,        0.00,        1.00,        4.25,        0.00,        0.00,        1.00,        1.00,        0.00
     8649.00,       64.52,       26.81,        0.00,        0.00,        0.00,        0.00,        1.00,        4.25,        0.00,        0.00,        1.00,        1.00,        0.00
     8650.00,       64.52,       25.03,        0.00,        0.00,        0.00,        0.00,        1.00,        4.25,        0.00,        0.00,        1.00,        1.00,        0.00
     8651.00,       64.52,       23.36,        0.00,        0.00,        0.00,        0.00,        1.00,        4.25,        0.00,        0.00,        1.00,        1.00,        0.00
     8652.00,       64.52,       22.33,        0.00,        0.00,        0.00,        0.00,        1.00,        4.25,        0.00,        0.00,        1.00,        1.00,        0.00
     8653.00,       64.52,       19.77,        0.00,        0.00,        0.00,        0.00,        1.00,        4.25,        0.00,        0.00,        1.00,        1.00,        0.00
     8654.00,       64.52,       20.16,        0.00,        0.00,        0.00,        0.00,        1.00,        4.25,        0.00,        0.00,        1.00,        1.00,        0.00
     8655.00,       64.52,       23.08,        0.00,        0.00,        0.00,        0.00,        1.00,        4.25,        0.00,        0.00,        1.00,        1.00,        0.00
     8656.00,       64.52,       26.44,        0.00,        0.00,        0.00,        0.00,        1.00,        4.25,        0.00,        0.00,        1.00,        1.00,        0.00
     8657.00,       64.52,       33.91,        0.00,        0.00,        0.00,        0.00,        1.00,        4.25,        0.00,        0.00,        1.00,        1.00,        0.00
     8658.00,       64.52,       45.91,        0.00,        0.00,        0.00,        0.00,        1.00,        4.25,        0.00,        0.00,        1.00,        1.00,        0.00
     8659.00,       64.52,       46.49,        0.00,        0.00,        0.00,        0.00,        1.00,        4.25,        0.00,        0.00,        1.00,        1.00,        0.00
     8660.00,       64.52,       40.91,        0.00,        0.00,        0.00,        0.00,        1.00,        4.25,        0.00,        0.00,        1.00,        1.00,        0.00
     8661.00,       64.52,       38.80,        0.00,        0.00,        0.00,        0.00,        1.00,        4.25,        0.00,        0.00,        1.00,        1.00,        0.00
     8662.00,       64.52,       34.96,        0.00,        0.00,        0.00,        0.00,        1.00,        4.25,        0.00,        0.00,        1.00,        1.00,        0.00
     8663.00,       64.52,       31.36,        0.00,        0.00,        0.00,        0.00,        1.00,        4.25,        0.00,        0.00,        1.00,        1.00,        0.00
     8664.00,       64.52,       28.09,        0.00,        0.00,        0.00,        0.00,        1.00,        4.25,        0.00,        0.00,        1.00,        1.00,        0.00
     8665.00,       64.52,       25.26,        0.00,        0.00,        0.00,        0.00,        1.00,        4.25,        0.00,        0.00,        1.00,        1.00,        0.00
     8666.00,       64.52,       24.70,        0.00,        0.00,        0.00,        0.00,        1.00,        4.25,        0.00,        0.00,        1.00,        1.00,        0.00
     8667.00,       64.52,       23.65,        0.00,        0.00,        0.00,        0.00,        1.00,        4.25,        0.00,        0.00,        1.00,        1.00,        0.00
     8668.00,       64.52,       24.23,        0.00,        0.00,        0.00,        0.00,        1.00,        4.25,        0.00,        0.00,        1.00,        1.00,        0.00
     8669.00,       64.52,       25.39,        0.00,        0.00,        0.00,        0.00,        1.00,        4.25,        0.00,        0.00,        1.00,        1.00,        0.00
     8670.00,       64.52,       32.39,        0.00,        0.00,        0.00,        0.00,        1.00,        4.25,        0.00,        0.00,        1.00,        1.00,        0.00
     8671.00,       64.52,       36.18,        0.00,        0.00,        0.00,        0.00,        1.00,        4.25,        0.00,        0.00,        1.00,        1.00,        0.00
     8672.00,       64.52,       41.73,        0.00,        0.00,        0.00,        0.00,        1.00,        4.25,        0.00,        0.00,        1.00,        1.00,        0.00
     8673.00,       64.52,       33.31,        0.00,        0.00,        0.00,        0.00,        1.00,        4.25,        0.00,        0.00,        1.00,        1.00,        0.00
     8674.00,       64.52,       29.26,        0.00,        0.00,        0.00,        0.00,        1.00,        4.25,        0.00,        0.00,        1.00,        1.00,        0.00
     8675.00,       64.52,       25.58,        0.00,        0.00,        0.00,        0.00,        1.00,        4.25,        0.00,        0.00,        1.00,        1.00,        0.00
     8676.00,       64.52,       24.05,        0.00,        0.00,        0.00,        0.00,        1.00,        4.25,        0.00,        0.00,        1.00,        1.00,        0.00
     8677.00,       64.52,       21.00,        0.00,        0.00,        0.00,        0.00,        1.00,        4.25,        0.00,        0.00,        1.00,        1.00,        0.00
     8678.00,       64.52,       20.24,        0.00,        0.00,        0.00,        0.00,        1.00,        4.25,        0.00,        0.00,        1.00,        1.00,        0.00
     8679.00,       64.52,       22.11,        0.00,        0.00,        0.00,        0.00,        1.00,        4.25,        0.00,        0.00,        1.00,        1.00,        0.00
     8680.00,       64.52,       25.93,        0.00,        0.00,        0.00,        0.00,        1.00,        4.25,        0.00,        0.00,        1.00,        1.00,        0.00
     8681.00,       64.52,       34.61,        0.00,        0.00,        0.00,        0.00,        1.00,        4.25,        0.00,        0.00,        1.00,        1.00,        0.00
     8682.00,       64.52,       48.41,        0.00,        0.00,        0.00,        0.00,        1.00,        4.25,        0.00,        0.00,        1.00,        1.00,        0.00
     8683.00,       64.52,       44.37,        0.00,        0.00,        0.00,        0.00,        1.00,        4.25,        0.00,        0.00,        1.00,        1.00,        0.00
     8684.00,       64.52,       40.69,        0.00,        0.00,        0.00,        0.00,        1.00,        4.25,        0.00,        0.00,        1.00,        1.00,        0.00
     8685.00,       64.52,       37.98,        0.00,        0.00,        0.00,        0.00,        1.00,        4.25,        0.00,        0.00,        1.00,        1.00,        0.00
     8686.00,       64.52,       33.69,        0.00,        0.00,        0.00,        0.00,        1.00,        4.25,        0.00,        0.00,        1.00,        1.00,        0.00
     8687.00,       64.52,       32.00,        0.00,        0.00,        0.00,        0.00,        1.00,        4.25,        0.00,        0.00,        1.00,        1.00,        0.00
     8688.00,       64.52,       28.09,        0.00,        0.00,        0.00,        0.00,        1.00,        4.25,        0.00,        0.00,        1.00,        1.00,        0.00
     8689.00,       64.52,       25.90,        0.00,        0.00,        0.00,        0.00,        1.00,        4.25,        0.00,        0.00,        1.00,        1.00,        0.00
     8690.00,       64.52,       24.78,        0.00,        0.00,        0.00,        0.00,        1.00,        4.25,        0.00,        0.00,        1.00,        1.00,        0.00
     8691.00,       64.52,       24.58,        0.00,        0.00,        0.00,        0.00,        1.00,        4.25,        0.00,        0.00,        1.00,        1.00,        0.00
     8692.00,       64.52,       24.85,        0.00,        0.00,        0.00,        0.00,        1.00,        4.25,        0.00,        0.00,        1.00,        1.00,        0.00
     8693.00,       64.52,       26.32,        0.00,        0.00,        0.00,        0.00,        1.00,        4.25,        0.00,        0.00,        1.00,        1.00,        0.00
     8694.00,       64.52,       32.51,        0.00,        0.00,        0.00,        0.00,        1.00,        4.25,        0.00,        0.00,        1.00,        1.00,        0.00
     8695.00,       64.52,       35.97,        0.00,        0.00,        0.00,        0.00,        1.00,        4.25,        0.00,        0.00,        1.00,        1.00,        0.00
     8696.00,       64.52,       41.64,        0.00,        0.00,        0.00,        0.00,        1.00,        4.25,        0.00,        0.00,        1.00,        1.00,        0.00
     8697.00,       64.52,       33.37,        0.00,        0.00,        0.00,        0.00,        1.00,        4.25,        0.00,        0.00,        1.00,        1.00,        0.00
     8698.00,       64.52,       29.52,        0.00,        0.00,        0.00,        0.00,        1.00,        4.25,        0.00,        0.00,        1.00,        1.00,        0.00
     8699.00,       64.52,       26.39,        0.00,        0.00,        0.00,        0.00,        1.00,        4.25,        0.00,        0.00,        1.00,        1.00,        0.00
     8700.00,       64.52,       25.79,        0.00,        0.00,        0.00,        0.00,        1.00,        4.25,        0.00,        0.00,        1.00,        1.00,        0.00
     8701.00,       64.52,       22.04,        0.00,        0.00,        0.00,        0.00,        1.00,        4.25,        0.00,        0.00,        1.00,        1.00,        0.00
     8702.00,       64.52,       22.08,        0.00,        0.00,        0.00,        0.00,        1.00,        4.25,        0.00,        0.00,        1.00,        1.00,        0.00
     8703.00,       64.52,       23.63,        0.00,        0.00,        0.00,        0.00,        1.00,        4.25,        0.00,        0.00,        1.00,        1.00,        0.00
     8704.00,       64.52,       25.17,        0.00,        0.00,        0.00,        0.00,        1.00,        4.25,        0.00,        0.00,        1.00,        1.00,        0.00
     8705.00,       64.52,       33.22,        0.00,        0.00,        0.00,        0.00,        1.00,        4.25,        0.00,        0.00,        1.00,        1.00,        0.00
     8706.00,       64.52,       40.59,        0.00,        0.00,        0.00,        0.00,        1.00,        4.25,        0.00,        0.00,        1.00,        1.00,        0.00
     8707.00,       64.52,       41.70,        0.00,        0.00,        0.00,        0.00,        1.00,        4.25,        0.00,        0.00,        1.00,        1.00,        0.00
     8708.00,       64.52,       36.89,        0.00,        0.00,        0.00,        0.00,        1.00,        4.25,        0.00,        0.00,        1.00,        1.00,        0.00
     8709.00,       64.52,       36.46,        0.00,        0.00,        0.00,        0.00,        1.00,        4.25,        0.00,        0.00,        1.00,        1.00,        0.00
     8710.00,       64.52,       34.52,        0.00,        0.00,        0.00,        0.00,        1.00,        4.25,        0.00,        0.00,        1.00,        1.00,        0.00
     8711.00,       64.52,       32.83,        0.00,        0.00,        0.00,        0.00,        1.00,        4.25,        0.00,        0.00,        1.00,        1.00,        0.00
     8712.00,       64.52,       29.31,        0.00,        0.00,        0.00,        0.00,        1.00,        4.25,        0.00,        0.00,        1.00,        1.00,        0.00
     8713.00,       64.52,       31.51,        0.00,        0.00,        0.00,        0.00,        1.00,        4.25,        0.00,        0.00,        1.00,        1.00,        0.00
     8714.00,       64.52,       29.57,        0.00,        0.00,        0.00,        0.00,        1.00,        4.25,        0.00,        0.00,        1.00,        1.00,        0.00
     8715.00,       64.52,       27.65,        0.00,        0.00,        0.00,        0.00,        1.00,        4.25,        0.00,        0.00,        1.00,        1.00,        0.00
     8716.00,       64.52,       28.85,        0.00,        0.00,        0.00,        0.00,        1.00,        4.25,        0.00,        0.00,        1.00,        1.00,        0.00
     8717.00,       64.52,       30.60,        0.00,        0.00,        0.00,        0.00,        1.00,        4.25,        0.00,        0.00,        1.00,        1.00,        0.00
     8718.00,       64.52,       34.82,        0.00,        0.00,        0.00,        0.00,        1.00,        4.25,        0.00,        0.00,        1.00,        1.00,        0.00
     8719.00,       64.52,       39.26,        0.00,        0.00,        0.00,        0.00,        1.00,        4.25,        0.00,        0.00,        1.00,        1.00,        0.00
     8720.00,       64.52,       45.31,        0.00,        0.00,        0.00,        0.00,        1.00,        4.25,        0.00,        0.00,        1.00,        1.00,        0.00
     8721.00,       64.52,       35.55,        0.00,        0.00,        0.00,        0.00,        1.00,        4.25,        0.00,        0.00,        1.00,        1.00,        0.00
     8722.00,       64.52,       31.86,        0.00,        0.00,        0.00,        0.00,        1.00,        4.25,        0.00,        0.00,        1.00,        1.00,        0.00
     8723.00,       64.52,       29.40,        0.00,        0.00,        0.00,        0.00,        1.00,        4.25,        0.00,        0.00,        1.00,        1.00,        0.00
     8724.00,       64.52,       29.29,        0.00,        0.00,        0.00,        0.00,        1.00,        4.25,        0.00,        0.00,        1.00,        1.00,        0.00
     8725.00,       64.52,       26.95,        0.00,        0.00,        0.00,        0.00,        1.00,        4.25,        0.00,        0.00,        1.00,        1.00,        0.00
     8726.00,       64.52,       26.25,        0.00,        0.00,        0.00,        0.00,        1.00,        4.25,        0.00,        0.00,        1.00,        1.00,        0.00
     8727.00,       64.52,       27.56,        0.00,        0.00,        0.00,        0.00,        1.00,        4.25,        0.00,        0.00,        1.00,        1.00,        0.00
     8728.00,       64.52,       32.12,        0.00,        0.00,        0.00,        0.00,        1.00,        4.25,        0.00,        0.00,        1.00,        1.00,        0.00
     8729.00,       64.52,       35.87,        0.00,        0.00,        0.00,        0.00,        1.00,        4.25,        0.00,        0.00,        1.00,        1.00,        0.00
     8730.00,       64.52,       45.66,        0.00,        0.00,        0.00,        0.00,        1.00,        4.25,        0.00,        0.00,        1.00,        1.00,        0.00
     8731.00,       64.52,       44.46,        0.00,        0.00,        0.00,        0.00,        1.00,        4.25,        0.00,        0.00,        1.00,        1.00,        0.00
     8732.00,       64.52,       41.86,        0.00,        0.00,        0.00,        0.00,        1.00,        4.25,        0.00,        0.00,        1.00,        1.00,        0.00
     8733.00,       64.52,       38.93,        0.00,        0.00,        0.00,        0.00,        1.00,        4.25,        0.00,        0.00,        1.00,        1.00,        0.00
     8734.00,       64.52,       34.87,        0.00,        0.00,        0.00,        0.00,        1.00,        4.25,        0.00,        0.00,        1.00,        1.00,        0.00
     8735.00,       64.52,       35.59,        0.00,        0.00,        0.00,        0.00,        1.00,        4.25,        0.00,        0.00,        1.00,        1.00,        0.00
     8736.00,       64.52,       31.75,        0.00,        0.00,        0.00,        0.00,        1.00,        4.25,        0.00,        0.00,        1.00,        1.00,        0.00
     8737.00,       64.52,       30.58,        0.00,        0.00,        0.00,        0.00,        1.00,        4.25,        0.00,        0.00,        1.00,        1.00,        0.00
     8738.00,       64.52,       28.79,        0.00,        0.00,        0.00,        0.00,        1.00,        4.25,        0.00,        0.00,        1.00,        1.00,        0.00
     8739.00,       64.52,       28.03,        0.00,        0.00,        0.00,        0.00,        1.00,        4.25,        0.00,        0.00,        1.00,        1.00,        0.00
     8740.00,       64.52,       27.94,        0.00,        0.00,        0.00,        0.00,        1.00,        4.25,        0.00,        0.00,        1.00,        1.00,        0.00
     8741.00,       64.52,       29.23,        0.00,        0.00,        0.00,        0.00,        1.00,        4.25,        0.00,        0.00,        1.00,        1.00,        0.00
     8742.00,       64.52,       32.77,        0.00,        0.00,        0.00,        0.00,        1.00,        4.25,        0.00,        0.00,        1.00,        1.00,        0.00
     8743.00,       64.52,       36.29,        0.00,        0.00,        0.00,        0.00,        1.00,        4.25,        0.00,        0.00,        1.00,        1.00,        0.00
     8744.00,       64.52,       38.49,        0.00,        0.00,        0.00,        0.00,        1.00,        4.25,        0.00,        0.00,        1.00,        1.00,        0.00
     8745.00,       64.52,       32.35,        0.00,        0.00,        0.00,        0.00,        1.00,        4.25,        0.00,        0.00,        1.00,        1.00,        0.00
     8746.00,       64.52,       28.38,        0.00,        0.00,        0.00,        0.00,        1.00,        4.25,        0.00,        0.00,        1.00,        1.00,        0.00
     8747.00,       64.52,       26.20,        0.00,        0.00,        0.00,        0.00,        1.00,        4.25,        0.00,        0.00,        1.00,        1.00,        0.00
     8748.00,       64.52,       25.99,        0.00,        0.00,        0.00,        0.00,        1.00,        4.25,        0.00,        0.00,        1.00,        1.00,        0.00
     8749.00,       64.52,       22.85,        0.00,        0.00,        0.00,        0.00,        1.00,        4.25,        0.00,        0.00,        1.00,        1.00,        0.00
     8750.00,       64.52,       22.28,        0.00,        0.00,        0.00,        0.00,        1.00,        4.25,        0.00,        0.00,        1.00,        1.00,        0.00
     8751.00,       64.52,       23.24,        0.00,        0.00,        0.00,        0.00,        1.00,        4.25,        0.00,        0.00,        1.00,        1.00,        0.00
     8752.00,       64.52,       27.99,        0.00,        0.00,        0.00,        0.00,        1.00,        4.25,        0.00,        0.00,        1.00,        1.00,        0.00
     8753.00,       64.52,       33.56,        0.00,        0.00,        0.00,        0.00,        1.00,        4.25,        0.00,        0.00,        1.00,        1.00,        0.00
     8754.00,       64.52,       39.79,        0.00,        0.00,        0.00,        0.00,        1.00,        4.25,        0.00,        0.00,        1.00,        1.00,        0.00
     8755.00,       64.52,       38.80,        0.00,        0.00,        0.00,        0.00,        1.00,        4.25,        0.00,        0.00,        1.00,        1.00,        0.00
     8756.00,       64.52,       36.26,        0.00,        0.00,        0.00,        0.00,        1.00,        4.25,        0.00,        0.00,        1.00,        1.00,        0.00
     8757.00,       64.52,       37.79,        0.00,        0.00,        0.00,        0.00,        1.00,        4.25,        0.00,        0.00,        1.00,        1.00,        0.00
     8758.00,       64.52,       31.46,        0.00,        0.00,        0.00,        0.00,        1.00,        4.25,        0.00,        0.00,        1.00,        1.00,        0.00
     8759.00,       64.52,       32.19,        0.00,        0.00,        0.00,        0.00,        1.00,        4.25,        0.00,        0.00,        1.00,        1.00,        0.00
     8760.00,       64.52,       29.17,        0.00,        0.00,        0.00,        0.00,        1.00,        4.25,        0.00,        0.00,        1.00,        1.00,        0.00
