DRI_iron_ore_mining_EI_per_MT_ore: 125.60298098051585
DRI_iron_ore_mining_EI_per_MT_steel: 229.01198723003554
DRI_iron_ore_pelletizing_EI_per_MT_ore: 126.7244434860691
DRI_iron_ore_pelletizing_EI_per_MT_steel: 231.0567504593459
NG_combust_EI: 56.531234265084805
NG_supply_EI: 12.683622297844511
NH3_H2_consume: 0.197284
NH3_NG_consume: 8189.694509395353
NH3_electricity_consume: 0.06092188715811846
alk_ely_H2O_consume: 9.924313930280546
alk_ely_stack_and_BoP_capex_EI: 0.06810328194709983
alk_ely_stack_capex_EI: 0.03787833627233622
atr_NG_consume: 169.42507278750912
atr_ccs_NG_consume: 169.42507278750912
atr_ccs_electricity_consume: 3.561733081975984
atr_ccs_perc_capture: 0.944962452916032
atr_electricity_consume: 3.561733081975984
battery_LFP_EI: 20
bio_capex_EI: 0.8023917580032691
coal_capex_EI: 0.7870905519183622
coke_supply_EI: 0.39783475314651884
desal_H2O_supply_EI: 0.010889
gas_capex_EI: 0.41713301095483096
geothermal_binary_capex_EI: 20.43919040434449
geothermal_egs_capex_EI: 20.517311574687323
geothermal_flash_capex_EI: 4.609571375843701
ground_H2O_supply_EI: 0.000642
hydro_capex_EI: 7.124095888797743
lime_supply_EI: 1.2823666714104616
nuclear_BWR_capex_EI: 0.21529461887199952
nuclear_PWR_capex_EI: 0.21975278673288715
pem_ely_H2O_consume: 9.924313930280546
pem_ely_stack_and_BoP_capex_EI: 0.03743276548708832
pem_ely_stack_capex_EI: 0.013571689361050155
smr_HEX_eff: 0.9
smr_NG_consume: 166.97705450470187
smr_ccs_NG_consume: 177.57618394103557
smr_ccs_electricity_consume: 1.5103573379746804
smr_ccs_perc_capture: 0.96172541881592
smr_ccs_steam_prod: -0.0
smr_electricity_consume: 0.1318565929977883
smr_steam_prod: 25.661219297714517
soec_ely_H2O_consume: 21.801078889951306
soec_ely_stack_and_BoP_capex_EI: 0.04801288545804755
soec_ely_stack_capex_EI: 0.01765144489493827
solar_pv_capex_EI: 35.87339320937849
steel_H2O_consume: 3.2324064678060993
steel_H2_consume: 0.08182562572143831
steel_NG_consume: 2.09284424965031
steel_electricity_consume: 0.9946534232656696
steel_iron_ore_consume: 1.8233005733005732
steel_lime_consume: 0.012694512694512694
surface_H2O_supply_EI: 0.000895
wind_capex_EI: 9.777608449845129
