Source,Location ID,City,State,Country,Latitude,Longitude,Time Zone,Elevation,Local Time Zone,Clearsky DHI Units,Clearsky DNI Units,Clearsky GHI Units,Dew Point Units,DHI Units,DNI Units,GHI Units,Solar Zenith Angle Units,Temperature Units,Pressure Units,Relative Humidity Units,Precipitable Water Units,Wind Direction Units,Wind Speed,Cloud Type -15,Cloud Type 0,Cloud Type 1,Cloud Type 2,Cloud Type 3,Cloud Type 4,Cloud Type 5,Cloud Type 6,Cloud Type 7,Cloud Type 8,Cloud Type 9,Cloud Type 10,Cloud Type 11,Cloud Type 12,Fill Flag 0,Fill Flag 1,Fill Flag 2,Fill Flag 3,Fill Flag 4,Fill Flag 5,Surface Albedo Units,Version
NSRDB,112592,-,-,-,36.85,-108.94,-7,1512,-7,w/m2,w/m2,w/m2,c,w/m2,w/m2,w/m2,Degree,c,mbar,%,cm,Degrees,m/s,N/A,Clear,Probably Clear,Fog,Water,Super-Cooled Water,Mixed,Opaque Ice,Cirrus,Overlapping,Overshooting,Unknown,Dust,Smoke,N/A,Missing Image,Low Irradiance,Exceeds Clearsky,Missing CLoud Properties,Rayleigh Violation,N/A,3.0.6
Year,Month,Day,Hour,Minute,GHI,DHI,DNI,Wind Speed,Temperature,Solar Zenith Angle
2012,1,1,0,30,0,0,0,0.9,0,165.98
2012,1,1,1,30,0,0,0,0.5,0,159.39000000000001
2012,1,1,2,30,0,0,0,0.30000000000000004,0,148.65
2012,1,1,3,30,0,0,0,0.5,0,136.87
2012,1,1,4,30,0,0,0,0.6000000000000001,0,124.88000000000001
2012,1,1,5,30,0,0,0,0.5,0,113.02
2012,1,1,6,30,0,0,0,0.4,0,101.51
2012,1,1,7,30,0,0,0,0.4,0,90.58
2012,1,1,8,30,144,36,663,0.6000000000000001,2,80.58
2012,1,1,9,30,314,50,848,0.8,4,71.91
2012,1,1,10,30,448,58,928,1.4000000000000001,6,65.15
2012,1,1,11,30,525,71,936,2,8,60.96
2012,1,1,12,30,546,71,946,2.3000000000000003,9,59.9
2012,1,1,13,30,503,68,930,2.3000000000000003,9,62.120000000000005
2012,1,1,14,30,403,58,894,1.8,8,67.31
2012,1,1,15,30,254,48,787,1.3,5,74.82000000000001
2012,1,1,16,30,82,28,521,1.3,3,84.03
2012,1,1,17,30,0,0,0,1.3,2,94.4
2012,1,1,18,30,0,0,0,1.2000000000000002,2,105.56
2012,1,1,19,30,0,0,0,1.1,2,117.23
2012,1,1,20,30,0,0,0,1,2,129.16
2012,1,1,21,30,0,0,0,0.8,2,141.12
2012,1,1,22,30,0,0,0,0.5,2,152.67000000000002
2012,1,1,23,30,0,0,0,0.5,1,162.49
2012,1,2,0,30,0,0,0,0.8,0,165.92000000000002
2012,1,2,1,30,0,0,0,1,0,159.41
2012,1,2,2,30,0,0,0,1.1,0,148.69
2012,1,2,3,30,0,0,0,1.1,0,136.92000000000002
2012,1,2,4,30,0,0,0,1.1,0,124.94
2012,1,2,5,30,0,0,0,1.2000000000000002,0,113.07000000000001
2012,1,2,6,30,0,0,0,1.2000000000000002,0,101.54
2012,1,2,7,30,0,0,0,1.5,0,90.61
2012,1,2,8,30,145,36,670,2.3000000000000003,2,80.59
2012,1,2,9,30,315,50,852,2.9000000000000004,5,71.9
2012,1,2,10,30,450,58,930,2.8000000000000003,7,65.12
2012,1,2,11,30,531,64,961,2.7,8,60.9
2012,1,2,12,30,552,64,969,2.4000000000000004,9,59.81
2012,1,2,13,30,509,62,952,2,10,62.01
2012,1,2,14,30,408,58,902,1.4000000000000001,9,67.18
2012,1,2,15,30,258,48,797,1.1,6,74.69
2012,1,2,16,30,85,28,538,1.3,3,83.89
2012,1,2,17,30,0,0,0,1.5,1,94.26
2012,1,2,18,30,0,0,0,1.6,0,105.42
2012,1,2,19,30,0,0,0,1.6,0,117.09
2012,1,2,20,30,0,0,0,1.6,0,129.02
2012,1,2,21,30,0,0,0,1.5,0,140.98
2012,1,2,22,30,0,0,0,1.4000000000000001,0,152.53
2012,1,2,23,30,0,0,0,1.4000000000000001,0,162.35
2012,1,3,0,30,0,0,0,1.4000000000000001,0,165.84
2012,1,3,1,30,0,0,0,1.4000000000000001,0,159.41
2012,1,3,2,30,0,0,0,1.4000000000000001,0,148.73
2012,1,3,3,30,0,0,0,1.3,0,136.97
2012,1,3,4,30,0,0,0,1.2000000000000002,0,124.98
2012,1,3,5,30,0,0,0,1.1,0,113.11
2012,1,3,6,30,0,0,0,0.9,1,101.58
2012,1,3,7,30,0,0,0,0.7000000000000001,1,90.63
2012,1,3,8,30,87,61,158,0.7000000000000001,3,80.60000000000001
2012,1,3,9,30,191,129,198,0.7000000000000001,5,71.89
2012,1,3,10,30,373,117,608,0.7000000000000001,6,65.07000000000001
2012,1,3,11,30,319,228,186,1.4000000000000001,7,60.83
2012,1,3,12,30,450,158,578,2.3000000000000003,8,59.71
2012,1,3,13,30,333,213,255,2.6,8,61.89
2012,1,3,14,30,278,166,287,2.3000000000000003,7,67.04
2012,1,3,15,30,257,53,763,1.8,4,74.55
2012,1,3,16,30,85,30,500,1.7000000000000002,2,83.74
2012,1,3,17,30,0,0,0,1.7000000000000002,0,94.12
2012,1,3,18,30,0,0,0,1.7000000000000002,0,105.28
2012,1,3,19,30,0,0,0,1.6,0,116.95
2012,1,3,20,30,0,0,0,1.5,0,128.88
2012,1,3,21,30,0,0,0,1.4000000000000001,0,140.84
2012,1,3,22,30,0,0,0,1.4000000000000001,0,152.38
2012,1,3,23,30,0,0,0,1.4000000000000001,0,162.21
2012,1,4,0,30,0,0,0,1.4000000000000001,0,165.76
2012,1,4,1,30,0,0,0,1.3,0,159.41
2012,1,4,2,30,0,0,0,1.3,0,148.77
2012,1,4,3,30,0,0,0,1.2000000000000002,0,137.01
2012,1,4,4,30,0,0,0,1.1,0,125.03
2012,1,4,5,30,0,0,0,0.9,0,113.15
2012,1,4,6,30,0,0,0,0.7000000000000001,0,101.61
2012,1,4,7,30,0,0,0,0.8,0,90.65
2012,1,4,8,30,90,60,179,1.6,2,80.60000000000001
2012,1,4,9,30,324,49,882,2.4000000000000004,4,71.86
2012,1,4,10,30,461,57,957,2.3000000000000003,6,65.03
2012,1,4,11,30,543,66,976,1.9000000000000001,7,60.75
2012,1,4,12,30,564,68,981,1.3,8,59.6
2012,1,4,13,30,521,65,963,0.9,9,61.76
2012,1,4,14,30,305,147,403,0.6000000000000001,8,66.91
2012,1,4,15,30,169,106,236,0.7000000000000001,5,74.4
2012,1,4,16,30,58,41,150,1,3,83.60000000000001
2012,1,4,17,30,0,0,0,1.1,2,93.97
2012,1,4,18,30,0,0,0,1,2,105.14
2012,1,4,19,30,0,0,0,0.9,1,116.8
2012,1,4,20,30,0,0,0,0.9,1,128.74
2012,1,4,21,30,0,0,0,0.9,1,140.70000000000002
2012,1,4,22,30,0,0,0,0.8,1,152.24
2012,1,4,23,30,0,0,0,0.7000000000000001,1,162.07
2012,1,5,0,30,0,0,0,0.6000000000000001,1,165.67000000000002
2012,1,5,1,30,0,0,0,0.5,1,159.41
2012,1,5,2,30,0,0,0,0.30000000000000004,1,148.79
2012,1,5,3,30,0,0,0,0.1,0,137.05
2012,1,5,4,30,0,0,0,0.1,0,125.06
2012,1,5,5,30,0,0,0,0.2,0,113.18
2012,1,5,6,30,0,0,0,0.30000000000000004,0,101.63
2012,1,5,7,30,0,0,0,0.30000000000000004,0,90.66
2012,1,5,8,30,84,62,135,0.6000000000000001,2,80.59
2012,1,5,9,30,316,51,850,1.2000000000000002,4,71.83
2012,1,5,10,30,452,59,929,1.7000000000000002,6,64.97
2012,1,5,11,30,535,66,955,2,7,60.67
2012,1,5,12,30,557,67,965,2.4000000000000004,8,59.49
2012,1,5,13,30,516,65,949,2.5,8,61.63
2012,1,5,14,30,416,57,909,2.3000000000000003,7,66.76
2012,1,5,15,30,267,47,809,1.7000000000000002,4,74.25
2012,1,5,16,30,93,29,562,1.3,2,83.45
2012,1,5,17,30,0,0,0,1.2000000000000002,1,93.82000000000001
2012,1,5,18,30,0,0,0,1.1,1,104.99000000000001
2012,1,5,19,30,0,0,0,0.9,1,116.66
2012,1,5,20,30,0,0,0,0.8,1,128.6
2012,1,5,21,30,0,0,0,0.9,1,140.55
2012,1,5,22,30,0,0,0,1,1,152.09
2012,1,5,23,30,0,0,0,1.1,0,161.92000000000002
2012,1,6,0,30,0,0,0,1.1,0,165.57
2012,1,6,1,30,0,0,0,1.1,0,159.39000000000001
2012,1,6,2,30,0,0,0,1.1,0,148.81
2012,1,6,3,30,0,0,0,1.1,0,137.08
2012,1,6,4,30,0,0,0,1.1,0,125.09
2012,1,6,5,30,0,0,0,1.1,0,113.2
2012,1,6,6,30,0,0,0,1.1,0,101.65
2012,1,6,7,30,0,0,0,1.2000000000000002,0,90.66
2012,1,6,8,30,141,37,637,1.9000000000000001,2,80.58
2012,1,6,9,30,312,52,831,2.8000000000000003,5,71.8
2012,1,6,10,30,449,60,917,3.4000000000000004,7,64.91
2012,1,6,11,30,534,67,949,3.9000000000000004,8,60.57
2012,1,6,12,30,558,67,963,4.1000000000000005,9,59.370000000000005
2012,1,6,13,30,519,64,952,3.9000000000000004,10,61.49
2012,1,6,14,30,420,57,916,2.8000000000000003,9,66.61
2012,1,6,15,30,272,47,819,1.6,6,74.10000000000001
2012,1,6,16,30,97,29,578,1.3,3,83.29
2012,1,6,17,30,0,0,0,1.3,2,93.67
2012,1,6,18,30,0,0,0,1.1,2,104.84
2012,1,6,19,30,0,0,0,0.8,2,116.51
2012,1,6,20,30,0,0,0,0.4,1,128.45
2012,1,6,21,30,0,0,0,0.4,1,140.4
2012,1,6,22,30,0,0,0,0.6000000000000001,1,151.93
2012,1,6,23,30,0,0,0,0.9,1,161.76
2012,1,7,0,30,0,0,0,1,0,165.47
2012,1,7,1,30,0,0,0,1.1,0,159.37
2012,1,7,2,30,0,0,0,1.2000000000000002,0,148.83
2012,1,7,3,30,0,0,0,1.3,0,137.11
2012,1,7,4,30,0,0,0,1.2000000000000002,0,125.12
2012,1,7,5,30,0,0,0,1.1,0,113.23
2012,1,7,6,30,0,0,0,0.9,0,101.66
2012,1,7,7,30,0,0,0,0.9,1,90.66
2012,1,7,8,30,102,56,277,1.6,3,80.56
2012,1,7,9,30,309,57,806,2.8000000000000003,6,71.75
2012,1,7,10,30,446,67,891,4,8,64.84
2012,1,7,11,30,530,71,931,4.7,9,60.47
2012,1,7,12,30,553,72,940,5.1000000000000005,10,59.24
2012,1,7,13,30,514,69,928,5.1000000000000005,9,61.35
2012,1,7,14,30,416,60,891,4.4,8,66.45
2012,1,7,15,30,268,51,785,2.9000000000000004,5,73.94
2012,1,7,16,30,95,32,525,2,1,83.13
2012,1,7,17,30,0,0,0,2.1,0,93.52
2012,1,7,18,30,0,0,0,2.3000000000000003,0,104.69
2012,1,7,19,30,0,0,0,2.4000000000000004,0,116.36
2012,1,7,20,30,0,0,0,2.3000000000000003,0,128.3
2012,1,7,21,30,0,0,0,2,0,140.25
2012,1,7,22,30,0,0,0,1.8,-1,151.78
2012,1,7,23,30,0,0,0,1.7000000000000002,-1,161.6
2012,1,8,0,30,0,0,0,1.7000000000000002,-1,165.35
2012,1,8,1,30,0,0,0,1.8,-1,159.34
2012,1,8,2,30,0,0,0,1.9000000000000001,-1,148.83
2012,1,8,3,30,0,0,0,2,-2,137.13
2012,1,8,4,30,0,0,0,2,-2,125.14
2012,1,8,5,30,0,0,0,2,-2,113.24000000000001
2012,1,8,6,30,0,0,0,2,-2,101.67
2012,1,8,7,30,0,0,0,2.5,-2,90.65
2012,1,8,8,30,145,40,640,2.9000000000000004,0,80.53
2012,1,8,9,30,319,57,834,2.7,2,71.71000000000001
2012,1,8,10,30,458,67,918,2.4000000000000004,5,64.76
2012,1,8,11,30,543,73,950,1.8,6,60.370000000000005
2012,1,8,12,30,568,74,962,1.1,7,59.11
2012,1,8,13,30,528,71,948,1,7,61.19
2012,1,8,14,30,429,64,908,1.2000000000000002,6,66.29
2012,1,8,15,30,279,53,809,1.2000000000000002,4,73.77
2012,1,8,16,30,102,32,570,1.3,1,82.97
2012,1,8,17,30,0,0,0,1.5,0,93.36
2012,1,8,18,30,0,0,0,1.4000000000000001,-1,104.53
2012,1,8,19,30,0,0,0,1.3,0,116.21000000000001
2012,1,8,20,30,0,0,0,1.2000000000000002,0,128.15
2012,1,8,21,30,0,0,0,1.1,0,140.1
2012,1,8,22,30,0,0,0,0.9,-1,151.62
2012,1,8,23,30,0,0,0,0.8,-1,161.43
2012,1,9,0,30,0,0,0,0.6000000000000001,-1,165.23
2012,1,9,1,30,0,0,0,0.4,-1,159.31
2012,1,9,2,30,0,0,0,0.2,-1,148.84
2012,1,9,3,30,0,0,0,0.30000000000000004,-1,137.14000000000001
2012,1,9,4,30,0,0,0,0.7000000000000001,-2,125.16
2012,1,9,5,30,0,0,0,1,-2,113.25
2012,1,9,6,30,0,0,0,1.2000000000000002,-3,101.67
2012,1,9,7,30,0,0,0,1.8,-2,90.64
2012,1,9,8,30,69,61,42,2.5,0,80.5
2012,1,9,9,30,212,125,276,2.7,1,71.65
2012,1,9,10,30,451,57,920,2.4000000000000004,4,64.67
2012,1,9,11,30,435,166,542,2.1,6,60.25
2012,1,9,12,30,559,62,965,2,7,58.97
2012,1,9,13,30,521,61,950,2.2,8,61.03
2012,1,9,14,30,422,58,899,2.2,7,66.12
2012,1,9,15,30,275,48,807,1.7000000000000002,5,73.60000000000001
2012,1,9,16,30,102,30,581,1.6,1,82.8
2012,1,9,17,30,0,0,0,1.7000000000000002,0,93.19
2012,1,9,18,30,0,0,0,1.5,0,104.37
2012,1,9,19,30,0,0,0,1.3,0,116.05
2012,1,9,20,30,0,0,0,1.2000000000000002,-1,128
2012,1,9,21,30,0,0,0,1,-1,139.94
2012,1,9,22,30,0,0,0,0.9,-1,151.46
2012,1,9,23,30,0,0,0,0.8,-1,161.26
2012,1,10,0,30,0,0,0,0.7000000000000001,-1,165.1
2012,1,10,1,30,0,0,0,0.6000000000000001,-1,159.26
2012,1,10,2,30,0,0,0,0.5,-2,148.83
2012,1,10,3,30,0,0,0,0.5,-2,137.15
2012,1,10,4,30,0,0,0,0.5,-2,125.17
2012,1,10,5,30,0,0,0,0.6000000000000001,-2,113.26
2012,1,10,6,30,0,0,0,0.8,-2,101.66
2012,1,10,7,30,0,0,0,1.5,-1,90.62
2012,1,10,8,30,88,62,157,2.4000000000000004,0,80.46000000000001
2012,1,10,9,30,217,123,297,2.9000000000000004,2,71.59
2012,1,10,10,30,463,61,935,3.2,4,64.58
2012,1,10,11,30,546,73,948,3.5,5,60.13
2012,1,10,12,30,571,75,958,3.6,6,58.82
2012,1,10,13,30,412,182,473,3.6,6,60.870000000000005
2012,1,10,14,30,316,159,384,3.2,5,65.95
2012,1,10,15,30,213,96,412,2,4,73.43
2012,1,10,16,30,68,48,150,1.2000000000000002,2,82.63
2012,1,10,17,30,0,0,0,1,0,93.03
2012,1,10,18,30,0,0,0,0.9,0,104.21000000000001
2012,1,10,19,30,0,0,0,0.8,0,115.89
2012,1,10,20,30,0,0,0,0.9,0,127.84
2012,1,10,21,30,0,0,0,1,0,139.79
2012,1,10,22,30,0,0,0,1.1,0,151.29
2012,1,10,23,30,0,0,0,1.2000000000000002,0,161.09
2012,1,11,0,30,0,0,0,1.3,0,164.96
2012,1,11,1,30,0,0,0,1.4000000000000001,0,159.21
2012,1,11,2,30,0,0,0,1.4000000000000001,0,148.82
2012,1,11,3,30,0,0,0,1.5,0,137.15
2012,1,11,4,30,0,0,0,1.8,0,125.17
2012,1,11,5,30,0,0,0,2.1,-1,113.26
2012,1,11,6,30,0,0,0,2.4000000000000004,-1,101.65
2012,1,11,7,30,0,0,0,3.1,-1,90.59
2012,1,11,8,30,96,61,211,4.7,1,80.41
2012,1,11,9,30,331,51,883,6.1000000000000005,2,71.52
2012,1,11,10,30,473,59,961,6.7,4,64.48
2012,1,11,11,30,560,65,989,6.9,5,60
2012,1,11,12,30,585,67,996,7,5,58.67
2012,1,11,13,30,545,67,976,7.1000000000000005,5,60.7
2012,1,11,14,30,445,60,939,6.800000000000001,4,65.77
2012,1,11,15,30,295,49,854,5.800000000000001,3,73.25
2012,1,11,16,30,116,31,647,4.5,1,82.46000000000001
2012,1,11,17,30,0,0,0,3.9000000000000004,0,92.86
2012,1,11,18,30,0,0,0,3.4000000000000004,-1,104.05
2012,1,11,19,30,0,0,0,3.1,-2,115.74000000000001
2012,1,11,20,30,0,0,0,3,-2,127.68
2012,1,11,21,30,0,0,0,3.1,-2,139.63
2012,1,11,22,30,0,0,0,3.2,-2,151.12
2012,1,11,23,30,0,0,0,3,-2,160.91
2012,1,12,0,30,0,0,0,2.8000000000000003,-3,164.81
2012,1,12,1,30,0,0,0,2.6,-3,159.15
2012,1,12,2,30,0,0,0,2.4000000000000004,-4,148.8
2012,1,12,3,30,0,0,0,2.2,-4,137.15
2012,1,12,4,30,0,0,0,2,-4,125.17
2012,1,12,5,30,0,0,0,1.8,-5,113.25
2012,1,12,6,30,0,0,0,1.6,-5,101.63
2012,1,12,7,30,0,0,0,1.8,-4,90.56
2012,1,12,8,30,65,61,22,2.2,-2,80.36
2012,1,12,9,30,339,49,910,2,0,71.44
2012,1,12,10,30,400,99,695,1.8,2,64.38
2012,1,12,11,30,454,150,604,2,3,59.86
2012,1,12,12,30,458,173,546,2.5,4,58.5
2012,1,12,13,30,406,194,430,2.9000000000000004,5,60.52
2012,1,12,14,30,217,181,86,2.8000000000000003,4,65.59
2012,1,12,15,30,181,119,213,2.4000000000000004,2,73.07000000000001
2012,1,12,16,30,120,31,659,2.4000000000000004,0,82.28
2012,1,12,17,30,0,0,0,3,0,92.69
2012,1,12,18,30,0,0,0,3.4000000000000004,-1,103.88
2012,1,12,19,30,0,0,0,3.1,-2,115.57000000000001
2012,1,12,20,30,0,0,0,2.8000000000000003,-2,127.52
2012,1,12,21,30,0,0,0,2.5,-3,139.47
2012,1,12,22,30,0,0,0,2,-3,150.95000000000002
2012,1,12,23,30,0,0,0,1.7000000000000002,-4,160.72
2012,1,13,0,30,0,0,0,1.5,-4,164.65
2012,1,13,1,30,0,0,0,1.3,-5,159.08
2012,1,13,2,30,0,0,0,1.3,-5,148.78
2012,1,13,3,30,0,0,0,1.2000000000000002,-5,137.14000000000001
2012,1,13,4,30,0,0,0,1.1,-5,125.16
2012,1,13,5,30,0,0,0,1.1,-5,113.24000000000001
2012,1,13,6,30,0,0,0,1.1,-5,101.61
2012,1,13,7,30,0,0,0,1.1,-4,90.52
2012,1,13,8,30,96,61,205,1.6,-2,80.3
2012,1,13,9,30,337,47,906,2.6,0,71.36
2012,1,13,10,30,480,54,980,3.6,2,64.26
2012,1,13,11,30,567,63,999,4.4,4,59.72
2012,1,13,12,30,593,65,1004,5,5,58.34
2012,1,13,13,30,552,65,984,5.2,6,60.33
2012,1,13,14,30,452,58,944,4.7,5,65.4
2012,1,13,15,30,300,50,852,3.2,3,72.88
2012,1,13,16,30,120,33,638,2.1,0,82.10000000000001
2012,1,13,17,30,0,0,0,1.9000000000000001,0,92.51
2012,1,13,18,30,0,0,0,1.8,0,103.72
2012,1,13,19,30,0,0,0,1.6,0,115.41
2012,1,13,20,30,0,0,0,1.4000000000000001,0,127.36
2012,1,13,21,30,0,0,0,1.3,-1,139.3
2012,1,13,22,30,0,0,0,1.3,-1,150.78
2012,1,13,23,30,0,0,0,1.3,-1,160.53
2012,1,14,0,30,0,0,0,1.3,-2,164.49
2012,1,14,1,30,0,0,0,1.2000000000000002,-2,159
2012,1,14,2,30,0,0,0,1.1,-2,148.75
2012,1,14,3,30,0,0,0,1,-2,137.12
2012,1,14,4,30,0,0,0,0.7000000000000001,-2,125.15
2012,1,14,5,30,0,0,0,0.4,-2,113.22
2012,1,14,6,30,0,0,0,0.2,-2,101.58
2012,1,14,7,30,0,0,0,0.30000000000000004,-1,90.48
2012,1,14,8,30,95,62,192,0.9,0,80.24
2012,1,14,9,30,336,49,892,1.1,2,71.27
2012,1,14,10,30,479,57,969,0.8,5,64.14
2012,1,14,11,30,567,67,987,1,6,59.57
2012,1,14,12,30,595,68,999,1.1,7,58.160000000000004
2012,1,14,13,30,557,65,988,1,8,60.14
2012,1,14,14,30,458,59,953,0.7000000000000001,7,65.2
2012,1,14,15,30,307,50,865,0.5,5,72.69
2012,1,14,16,30,125,33,654,0.5,3,81.92
2012,1,14,17,30,0,0,0,0.7000000000000001,2,92.34
2012,1,14,18,30,0,0,0,1,1,103.55
2012,1,14,19,30,0,0,0,1.2000000000000002,0,115.25
2012,1,14,20,30,0,0,0,1.3,0,127.2
2012,1,14,21,30,0,0,0,1.3,0,139.14000000000001
2012,1,14,22,30,0,0,0,1.4000000000000001,0,150.6
2012,1,14,23,30,0,0,0,1.4000000000000001,0,160.34
2012,1,15,0,30,0,0,0,1.4000000000000001,0,164.32
2012,1,15,1,30,0,0,0,1.4000000000000001,0,158.91
2012,1,15,2,30,0,0,0,1.5,0,148.71
2012,1,15,3,30,0,0,0,1.5,0,137.1
2012,1,15,4,30,0,0,0,1.5,-1,125.13000000000001
2012,1,15,5,30,0,0,0,1.6,-1,113.19
2012,1,15,6,30,0,0,0,1.6,-1,101.55
2012,1,15,7,30,0,0,0,2,-1,90.43
2012,1,15,8,30,66,62,21,2.7,1,80.17
2012,1,15,9,30,204,135,213,2.7,4,71.17
2012,1,15,10,30,290,198,210,2.5,7,64.02
2012,1,15,11,30,435,193,476,3.2,8,59.410000000000004
2012,1,15,12,30,431,224,389,3.5,9,57.980000000000004
2012,1,15,13,30,540,79,921,3.4000000000000004,9,59.95
2012,1,15,14,30,446,65,903,2.5,8,65.01
2012,1,15,15,30,171,127,146,1.6,6,72.5
2012,1,15,16,30,81,51,205,1.5,3,81.73
2012,1,15,17,30,0,0,0,1.5,1,92.16
2012,1,15,18,30,0,0,0,1.5,1,103.37
2012,1,15,19,30,0,0,0,1.5,1,115.08
2012,1,15,20,30,0,0,0,1.5,1,127.03
2012,1,15,21,30,0,0,0,1.2000000000000002,1,138.97
2012,1,15,22,30,0,0,0,1.2000000000000002,0,150.43
2012,1,15,23,30,0,0,0,1.3,0,160.14000000000001
2012,1,16,0,30,0,0,0,1.4000000000000001,0,164.14000000000001
2012,1,16,1,30,0,0,0,1.4000000000000001,0,158.82
2012,1,16,2,30,0,0,0,1.4000000000000001,0,148.66
2012,1,16,3,30,0,0,0,1.4000000000000001,0,137.07
2012,1,16,4,30,0,0,0,1.6,0,125.10000000000001
2012,1,16,5,30,0,0,0,1.7000000000000002,0,113.16
2012,1,16,6,30,0,0,0,1.8,0,101.51
2012,1,16,7,30,0,0,0,2.4000000000000004,1,90.37
2012,1,16,8,30,34,34,0,3.3000000000000003,2,80.09
2012,1,16,9,30,85,85,0,4.4,4,71.06
2012,1,16,10,30,392,125,606,5.800000000000001,5,63.88
2012,1,16,11,30,373,236,268,7,6,59.25
2012,1,16,12,30,581,71,956,7.5,7,57.79
2012,1,16,13,30,547,66,954,7.6000000000000005,7,59.75
2012,1,16,14,30,342,161,424,7.2,6,64.8
2012,1,16,15,30,221,110,366,6.2,5,72.3
2012,1,16,16,30,125,35,610,5.2,3,81.54
2012,1,16,17,30,0,0,0,4.9,1,91.98
2012,1,16,18,30,0,0,0,5,0,103.2
2012,1,16,19,30,0,0,0,5,0,114.91
2012,1,16,20,30,0,0,0,4.800000000000001,0,126.87
2012,1,16,21,30,0,0,0,4.3,-1,138.8
2012,1,16,22,30,0,0,0,3.6,-2,150.25
2012,1,16,23,30,0,0,0,2.9000000000000004,-3,159.94
2012,1,17,0,30,0,0,0,2.3000000000000003,-4,163.95000000000002
2012,1,17,1,30,0,0,0,1.9000000000000001,-4,158.72
2012,1,17,2,30,0,0,0,1.7000000000000002,-4,148.61
2012,1,17,3,30,0,0,0,1.5,-4,137.04
2012,1,17,4,30,0,0,0,1.3,-4,125.07000000000001
2012,1,17,5,30,0,0,0,1.3,-4,113.13
2012,1,17,6,30,0,0,0,1.2000000000000002,-4,101.46000000000001
2012,1,17,7,30,0,0,0,1.6,-3,90.31
2012,1,17,8,30,54,54,0,2.3000000000000003,-1,80.01
2012,1,17,9,30,63,63,0,2.8000000000000003,1,70.95
2012,1,17,10,30,298,199,222,3.3000000000000003,2,63.74
2012,1,17,11,30,570,84,945,3.6,3,59.08
2012,1,17,12,30,600,83,965,3.8000000000000003,4,57.59
2012,1,17,13,30,565,78,961,3.6,4,59.54
2012,1,17,14,30,470,65,943,3.1,4,64.59
2012,1,17,15,30,318,55,856,1.9000000000000001,2,72.10000000000001
2012,1,17,16,30,134,37,642,0.9,0,81.35000000000001
2012,1,17,17,30,0,0,0,0.6000000000000001,0,91.8
2012,1,17,18,30,0,0,0,0.5,0,103.02
2012,1,17,19,30,0,0,0,0.7000000000000001,-1,114.74000000000001
2012,1,17,20,30,0,0,0,0.8,-1,126.7
2012,1,17,21,30,0,0,0,0.8,-2,138.63
2012,1,17,22,30,0,0,0,0.7000000000000001,-2,150.06
2012,1,17,23,30,0,0,0,0.6000000000000001,-2,159.73
2012,1,18,0,30,0,0,0,0.6000000000000001,-2,163.76
2012,1,18,1,30,0,0,0,0.7000000000000001,-2,158.61
2012,1,18,2,30,0,0,0,0.7000000000000001,-3,148.55
2012,1,18,3,30,0,0,0,0.7000000000000001,-3,137
2012,1,18,4,30,0,0,0,0.8,-3,125.04
2012,1,18,5,30,0,0,0,0.9,-3,113.09
2012,1,18,6,30,0,0,0,0.9,-3,101.41
2012,1,18,7,30,0,0,0,0.9,-1,90.24
2012,1,18,8,30,77,67,62,0.6000000000000001,1,79.92
2012,1,18,9,30,227,129,299,1.7000000000000002,3,70.84
2012,1,18,10,30,349,177,388,3.3000000000000003,5,63.6
2012,1,18,11,30,429,207,430,3.8000000000000003,6,58.9
2012,1,18,12,30,475,188,532,4.1000000000000005,7,57.39
2012,1,18,13,30,415,210,403,4.2,8,59.32
2012,1,18,14,30,453,58,912,3.6,7,64.38
2012,1,18,15,30,265,79,597,2.3000000000000003,5,71.89
2012,1,18,16,30,56,55,8,1.5,2,81.15
2012,1,18,17,30,0,0,0,1.4000000000000001,1,91.61
2012,1,18,18,30,0,0,0,1.4000000000000001,0,102.85000000000001
2012,1,18,19,30,0,0,0,1.4000000000000001,0,114.57000000000001
2012,1,18,20,30,0,0,0,1.3,0,126.53
2012,1,18,21,30,0,0,0,1.3,0,138.46
2012,1,18,22,30,0,0,0,1.3,0,149.88
2012,1,18,23,30,0,0,0,1.2000000000000002,0,159.52
2012,1,19,0,30,0,0,0,1.1,0,163.56
2012,1,19,1,30,0,0,0,1,0,158.49
2012,1,19,2,30,0,0,0,0.9,0,148.48
2012,1,19,3,30,0,0,0,0.7000000000000001,0,136.95000000000002
2012,1,19,4,30,0,0,0,0.5,0,124.99000000000001
2012,1,19,5,30,0,0,0,0.5,0,113.04
2012,1,19,6,30,0,0,0,0.5,0,101.35000000000001
2012,1,19,7,30,0,0,0,0.4,1,90.17
2012,1,19,8,30,72,66,33,0.6000000000000001,3,79.82000000000001
2012,1,19,9,30,204,140,195,1.2000000000000002,6,70.71000000000001
2012,1,19,10,30,393,135,577,2,9,63.440000000000005
2012,1,19,11,30,428,212,414,2.6,10,58.71
2012,1,19,12,30,321,259,115,2.9000000000000004,11,57.18
2012,1,19,13,30,408,219,367,2.7,12,59.11
2012,1,19,14,30,301,195,242,1.7000000000000002,11,64.16
2012,1,19,15,30,235,111,393,0.8,9,71.68
2012,1,19,16,30,78,59,119,0.5,7,80.96000000000001
2012,1,19,17,30,0,0,0,0.30000000000000004,5,91.42
2012,1,19,18,30,0,0,0,0.5,4,102.67
2012,1,19,19,30,0,0,0,0.9,3,114.4
2012,1,19,20,30,0,0,0,1.2000000000000002,2,126.36
2012,1,19,21,30,0,0,0,1.4000000000000001,2,138.28
2012,1,19,22,30,0,0,0,1.6,2,149.69
2012,1,19,23,30,0,0,0,1.8,1,159.31
2012,1,20,0,30,0,0,0,1.6,0,163.36
2012,1,20,1,30,0,0,0,1.3,0,158.37
2012,1,20,2,30,0,0,0,1.2000000000000002,0,148.41
2012,1,20,3,30,0,0,0,1.2000000000000002,0,136.89000000000001
2012,1,20,4,30,0,0,0,1.3,0,124.94
2012,1,20,5,30,0,0,0,1.3,0,112.98
2012,1,20,6,30,0,0,0,1.3,0,101.28
2012,1,20,7,30,0,0,0,1.8,1,90.09
2012,1,20,8,30,158,39,661,2.7,3,79.72
2012,1,20,9,30,337,55,848,3.6,6,70.58
2012,1,20,10,30,483,64,932,4.2,8,63.28
2012,1,20,11,30,575,71,966,4.4,10,58.52
2012,1,20,12,30,606,73,977,4.4,11,56.97
2012,1,20,13,30,569,71,962,4.3,11,58.88
2012,1,20,14,30,473,61,939,3.5,10,63.940000000000005
2012,1,20,15,30,171,135,112,2.2,8,71.47
2012,1,20,16,30,141,37,647,1.6,5,80.75
2012,1,20,17,30,0,0,0,1.5,4,91.23
2012,1,20,18,30,0,0,0,1.1,4,102.49000000000001
2012,1,20,19,30,0,0,0,0.6000000000000001,4,114.22
2012,1,20,20,30,0,0,0,0.2,3,126.19
2012,1,20,21,30,0,0,0,0.4,3,138.1
2012,1,20,22,30,0,0,0,0.8,2,149.5
2012,1,20,23,30,0,0,0,1.1,1,159.09
2012,1,21,0,30,0,0,0,1.3,0,163.14000000000001
2012,1,21,1,30,0,0,0,1.4000000000000001,0,158.23
2012,1,21,2,30,0,0,0,1.4000000000000001,0,148.32
2012,1,21,3,30,0,0,0,1.6,0,136.83
2012,1,21,4,30,0,0,0,1.9000000000000001,0,124.89
2012,1,21,5,30,0,0,0,2,0,112.93
2012,1,21,6,30,0,0,0,2,0,101.21000000000001
2012,1,21,7,30,0,0,0,2.8000000000000003,1,90
2012,1,21,8,30,47,47,0,3.7,4,79.61
2012,1,21,9,30,30,30,0,4,6,70.45
2012,1,21,10,30,13,13,0,4.2,8,63.11
2012,1,21,11,30,120,120,0,4.5,9,58.33
2012,1,21,12,30,76,76,0,4.6000000000000005,8,56.75
2012,1,21,13,30,36,36,0,4.7,8,58.65
2012,1,21,14,30,23,23,0,5.1000000000000005,9,63.71
2012,1,21,15,30,273,86,582,5,8,71.25
2012,1,21,16,30,93,60,204,4.800000000000001,7,80.55
2012,1,21,17,30,0,0,0,5,5,91.04
2012,1,21,18,30,0,0,0,5.2,3,102.31
2012,1,21,19,30,0,0,0,5.300000000000001,2,114.05
2012,1,21,20,30,0,0,0,5.5,2,126.02
2012,1,21,21,30,0,0,0,5.7,1,137.93
2012,1,21,22,30,0,0,0,5.7,1,149.3
2012,1,21,23,30,0,0,0,5.9,1,158.87
2012,1,22,0,30,0,0,0,6.300000000000001,1,162.92000000000002
2012,1,22,1,30,0,0,0,6.4,0,158.09
2012,1,22,2,30,0,0,0,6.4,0,148.24
2012,1,22,3,30,0,0,0,6.1000000000000005,0,136.77
2012,1,22,4,30,0,0,0,5.6000000000000005,-1,124.83
2012,1,22,5,30,0,0,0,5.300000000000001,-2,112.86
2012,1,22,6,30,0,0,0,5.2,-3,101.14
2012,1,22,7,30,0,0,0,5.6000000000000005,-2,89.91
2012,1,22,8,30,168,37,718,6.6000000000000005,0,79.49
2012,1,22,9,30,352,51,892,7.300000000000001,1,70.31
2012,1,22,10,30,499,58,968,7,2,62.940000000000005
2012,1,22,11,30,441,213,431,6.6000000000000005,3,58.120000000000005
2012,1,22,12,30,499,180,577,6.300000000000001,4,56.52
2012,1,22,13,30,439,209,439,6.1000000000000005,4,58.42
2012,1,22,14,30,487,61,953,5.6000000000000005,4,63.480000000000004
2012,1,22,15,30,335,52,872,4.2,2,71.03
2012,1,22,16,30,151,37,683,2.5,0,80.35000000000001
2012,1,22,17,30,0,0,0,1.7000000000000002,-1,90.85000000000001
2012,1,22,18,30,0,0,0,1.3,-1,102.13
2012,1,22,19,30,0,0,0,0.9,-1,113.87
2012,1,22,20,30,0,0,0,0.6000000000000001,-1,125.84
2012,1,22,21,30,0,0,0,0.4,-1,137.75
2012,1,22,22,30,0,0,0,0.2,-2,149.11
2012,1,22,23,30,0,0,0,0.1,-2,158.64000000000001
2012,1,23,0,30,0,0,0,0.1,-2,162.70000000000002
2012,1,23,1,30,0,0,0,0.4,-2,157.94
2012,1,23,2,30,0,0,0,0.7000000000000001,-2,148.14000000000001
2012,1,23,3,30,0,0,0,0.9,-2,136.69
2012,1,23,4,30,0,0,0,1.1,-2,124.76
2012,1,23,5,30,0,0,0,1.2000000000000002,-3,112.79
2012,1,23,6,30,0,0,0,1.3,-2,101.06
2012,1,23,7,30,0,0,0,1.9000000000000001,-1,89.81
2012,1,23,8,30,25,25,0,2.5,1,79.37
2012,1,23,9,30,194,146,141,2.6,3,70.16
2012,1,23,10,30,330,202,280,2.5,6,62.76
2012,1,23,11,30,299,249,94,2.6,7,57.910000000000004
2012,1,23,12,30,407,263,260,2.6,8,56.29
2012,1,23,13,30,230,214,31,2.4000000000000004,8,58.18
2012,1,23,14,30,74,74,0,1.4000000000000001,7,63.25
2012,1,23,15,30,107,107,0,0.8,5,70.81
2012,1,23,16,30,23,23,0,1,3,80.14
2012,1,23,17,30,0,0,0,1,1,90.65
2012,1,23,18,30,0,0,0,1,1,101.94
2012,1,23,19,30,0,0,0,1.1,1,113.7
2012,1,23,20,30,0,0,0,1,0,125.67
2012,1,23,21,30,0,0,0,0.9,0,137.57
2012,1,23,22,30,0,0,0,0.8,0,148.91
2012,1,23,23,30,0,0,0,0.6000000000000001,0,158.41
2012,1,24,0,30,0,0,0,0.4,0,162.46
2012,1,24,1,30,0,0,0,0.30000000000000004,0,157.78
2012,1,24,2,30,0,0,0,0.2,0,148.04
2012,1,24,3,30,0,0,0,0.30000000000000004,0,136.61
2012,1,24,4,30,0,0,0,0.7000000000000001,0,124.68
2012,1,24,5,30,0,0,0,1.2000000000000002,-1,112.71000000000001
2012,1,24,6,30,0,0,0,1.7000000000000002,-1,100.97
2012,1,24,7,30,0,0,0,2.5,0,89.7
2012,1,24,8,30,72,68,19,3.7,1,79.24
2012,1,24,9,30,341,63,814,4.4,3,70
2012,1,24,10,30,488,71,904,4.800000000000001,4,62.57
2012,1,24,11,30,577,85,920,4.9,5,57.69
2012,1,24,12,30,610,83,945,5.2,6,56.050000000000004
2012,1,24,13,30,578,78,940,5.6000000000000005,6,57.93
2012,1,24,14,30,482,71,906,6,6,63.01
2012,1,24,15,30,334,60,824,5.9,5,70.59
2012,1,24,16,30,153,42,638,5.1000000000000005,2,79.93
2012,1,24,17,30,0,0,0,4.7,0,90.45
2012,1,24,18,30,0,0,0,4.3,0,101.76
2012,1,24,19,30,0,0,0,3.5,-1,113.52
2012,1,24,20,30,0,0,0,2.4000000000000004,-2,125.49000000000001
2012,1,24,21,30,0,0,0,1.7000000000000002,-3,137.39000000000001
2012,1,24,22,30,0,0,0,1.8,-3,148.71
2012,1,24,23,30,0,0,0,1.7000000000000002,-3,158.18
2012,1,25,0,30,0,0,0,1.2000000000000002,-4,162.22
2012,1,25,1,30,0,0,0,0.8,-4,157.61
2012,1,25,2,30,0,0,0,0.7000000000000001,-3,147.92000000000002
2012,1,25,3,30,0,0,0,0.8,-3,136.53
2012,1,25,4,30,0,0,0,1.2000000000000002,-3,124.60000000000001
2012,1,25,5,30,0,0,0,1.6,-4,112.63
2012,1,25,6,30,0,0,0,2,-4,100.87
2012,1,25,7,30,0,0,0,2.6,-2,89.59
2012,1,25,8,30,174,39,716,3,0,79.11
2012,1,25,9,30,357,52,884,3,2,69.84
2012,1,25,10,30,503,59,958,3.1,5,62.38
2012,1,25,11,30,595,64,986,3.6,7,57.47
2012,1,25,12,30,626,65,998,4.1000000000000005,8,55.81
2012,1,25,13,30,593,64,989,4.7,9,57.68
2012,1,25,14,30,496,60,952,4.9,8,62.77
2012,1,25,15,30,346,53,871,4.2,6,70.36
2012,1,25,16,30,160,40,677,3.4000000000000004,2,79.72
2012,1,25,17,30,0,0,0,3.3000000000000003,0,90.26
2012,1,25,18,30,0,0,0,3.2,0,101.57000000000001
2012,1,25,19,30,0,0,0,3.2,0,113.34
2012,1,25,20,30,0,0,0,3.3000000000000003,-1,125.31
2012,1,25,21,30,0,0,0,3.2,-1,137.20000000000002
2012,1,25,22,30,0,0,0,3.2,-1,148.51
2012,1,25,23,30,0,0,0,3.3000000000000003,-1,157.94
2012,1,26,0,30,0,0,0,3.5,-1,161.98
2012,1,26,1,30,0,0,0,3.6,-1,157.44
2012,1,26,2,30,0,0,0,3.6,-1,147.81
2012,1,26,3,30,0,0,0,3.3000000000000003,-2,136.43
2012,1,26,4,30,0,0,0,2.8000000000000003,-2,124.52
2012,1,26,5,30,0,0,0,2.3000000000000003,-2,112.54
2012,1,26,6,30,0,0,0,1.7000000000000002,-1,100.77
2012,1,26,7,30,0,0,0,1.6,0,89.48
2012,1,26,8,30,172,40,687,2,1,78.97
2012,1,26,9,30,239,141,282,2.5,4,69.67
2012,1,26,10,30,346,202,308,3,6,62.18
2012,1,26,11,30,580,85,915,3.2,7,57.24
2012,1,26,12,30,609,89,920,3.3000000000000003,8,55.56
2012,1,26,13,30,472,189,525,3.2,8,57.43
2012,1,26,14,30,371,189,393,2.7,8,62.52
2012,1,26,15,30,200,146,157,1.7000000000000002,7,70.13
2012,1,26,16,30,88,70,98,0.8,5,79.5
2012,1,26,17,30,0,0,0,0.5,3,90.06
2012,1,26,18,30,0,0,0,0.2,2,101.38
2012,1,26,19,30,0,0,0,0.2,2,113.16
2012,1,26,20,30,0,0,0,0.4,1,125.13000000000001
2012,1,26,21,30,0,0,0,0.6000000000000001,1,137.02
2012,1,26,22,30,0,0,0,0.7000000000000001,1,148.3
2012,1,26,23,30,0,0,0,0.9,1,157.70000000000002
2012,1,27,0,30,0,0,0,1.4000000000000001,1,161.73
2012,1,27,1,30,0,0,0,2.2,1,157.26
2012,1,27,2,30,0,0,0,3,0,147.68
2012,1,27,3,30,0,0,0,3.3000000000000003,0,136.33
2012,1,27,4,30,0,0,0,3.3000000000000003,0,124.42
2012,1,27,5,30,0,0,0,3.2,0,112.44
2012,1,27,6,30,0,0,0,3.1,0,100.67
2012,1,27,7,30,0,0,0,3.9000000000000004,1,89.35000000000001
2012,1,27,8,30,182,39,738,5.300000000000001,3,78.83
2012,1,27,9,30,373,52,914,6,4,69.5
2012,1,27,10,30,525,60,990,5.800000000000001,5,61.97
2012,1,27,11,30,618,73,1001,5.7,6,57
2012,1,27,12,30,650,75,1010,5.7,7,55.300000000000004
2012,1,27,13,30,614,73,997,5.7,7,57.17
2012,1,27,14,30,515,68,960,5.4,6,62.27
2012,1,27,15,30,361,59,877,4.2,5,69.89
2012,1,27,16,30,172,43,689,2.6,2,79.29
2012,1,27,17,30,0,0,0,2,0,89.86
2012,1,27,18,30,0,0,0,1.8,-1,101.2
2012,1,27,19,30,0,0,0,1.7000000000000002,-2,112.98
2012,1,27,20,30,0,0,0,1.6,-2,124.96000000000001
2012,1,27,21,30,0,0,0,1.6,-3,136.83
2012,1,27,22,30,0,0,0,1.6,-3,148.1
2012,1,27,23,30,0,0,0,1.7000000000000002,-3,157.46
2012,1,28,0,30,0,0,0,1.8,-3,161.47
2012,1,28,1,30,0,0,0,1.7000000000000002,-3,157.07
2012,1,28,2,30,0,0,0,1.4000000000000001,-4,147.55
2012,1,28,3,30,0,0,0,1.1,-3,136.22
2012,1,28,4,30,0,0,0,0.8,-3,124.32000000000001
2012,1,28,5,30,0,0,0,0.7000000000000001,-3,112.34
2012,1,28,6,30,0,0,0,0.7000000000000001,-3,100.55
2012,1,28,7,30,0,0,0,1.1,-1,89.23
2012,1,28,8,30,189,42,744,1.9000000000000001,1,78.67
2012,1,28,9,30,379,57,912,3.2,3,69.32000000000001
2012,1,28,10,30,531,64,986,4.1000000000000005,5,61.76
2012,1,28,11,30,626,71,1011,4.5,6,56.76
2012,1,28,12,30,658,70,1025,4.6000000000000005,6,55.04
2012,1,28,13,30,623,67,1018,4.7,6,56.9
2012,1,28,14,30,410,144,567,4.5,6,62.02
2012,1,28,15,30,367,56,894,3.3000000000000003,4,69.66
2012,1,28,16,30,177,41,722,2.2,1,79.07000000000001
2012,1,28,17,30,0,0,0,2,0,89.66
2012,1,28,18,30,0,0,0,1.9000000000000001,-1,101.01
2012,1,28,19,30,0,0,0,1.7000000000000002,-1,112.8
2012,1,28,20,30,0,0,0,1.5,-2,124.78
2012,1,28,21,30,0,0,0,1.3,-2,136.64000000000001
2012,1,28,22,30,0,0,0,1.2000000000000002,-2,147.89000000000001
2012,1,28,23,30,0,0,0,1.1,-2,157.21
2012,1,29,0,30,0,0,0,1,-2,161.21
2012,1,29,1,30,0,0,0,1,-2,156.87
2012,1,29,2,30,0,0,0,1,-2,147.41
2012,1,29,3,30,0,0,0,1.1,-2,136.11
2012,1,29,4,30,0,0,0,1.2000000000000002,-3,124.22
2012,1,29,5,30,0,0,0,1.2000000000000002,-3,112.23
2012,1,29,6,30,0,0,0,1.2000000000000002,-3,100.44
2012,1,29,7,30,0,0,0,1.5,-1,89.09
2012,1,29,8,30,106,77,146,2.1,1,78.52
2012,1,29,9,30,251,142,304,2.6,3,69.13
2012,1,29,10,30,518,62,956,2.9000000000000004,5,61.54
2012,1,29,11,30,605,81,950,3.1,6,56.52
2012,1,29,12,30,636,85,955,3.4000000000000004,7,54.78
2012,1,29,13,30,600,83,940,3.5,7,56.63
2012,1,29,14,30,506,73,914,3.2,7,61.76
2012,1,29,15,30,355,65,826,2.2,5,69.42
2012,1,29,16,30,171,48,635,1.4000000000000001,2,78.85000000000001
2012,1,29,17,30,0,0,0,1.2000000000000002,1,89.46000000000001
2012,1,29,18,30,0,0,0,0.9,1,100.82000000000001
2012,1,29,19,30,0,0,0,0.5,1,112.62
2012,1,29,20,30,0,0,0,0.30000000000000004,1,124.59
2012,1,29,21,30,0,0,0,0.30000000000000004,1,136.46
2012,1,29,22,30,0,0,0,0.30000000000000004,1,147.68
2012,1,29,23,30,0,0,0,0.30000000000000004,1,156.96
2012,1,30,0,30,0,0,0,0.2,1,160.94
2012,1,30,1,30,0,0,0,0.4,0,156.66
2012,1,30,2,30,0,0,0,0.8,0,147.26
2012,1,30,3,30,0,0,0,1,0,135.99
2012,1,30,4,30,0,0,0,1.1,0,124.11
2012,1,30,5,30,0,0,0,1.1,0,112.12
2012,1,30,6,30,0,0,0,1.1,0,100.31
2012,1,30,7,30,14,11,184,1.5,1,88.95
2012,1,30,8,30,186,45,699,1.8,3,78.35000000000001
2012,1,30,9,30,372,63,861,1.6,6,68.94
2012,1,30,10,30,522,73,934,1.5,8,61.32
2012,1,30,11,30,619,77,975,1.8,9,56.26
2012,1,30,12,30,652,78,989,2.1,10,54.5
2012,1,30,13,30,619,74,983,2.3000000000000003,10,56.36
2012,1,30,14,30,523,68,952,1.9000000000000001,9,61.5
2012,1,30,15,30,370,60,873,1.3,7,69.18
2012,1,30,16,30,182,45,694,1.1,5,78.63
2012,1,30,17,30,0,0,0,1.2000000000000002,3,89.25
2012,1,30,18,30,0,0,0,1.2000000000000002,2,100.63
2012,1,30,19,30,0,0,0,1.1,2,112.43
2012,1,30,20,30,0,0,0,1,2,124.41
2012,1,30,21,30,0,0,0,1,1,136.27
2012,1,30,22,30,0,0,0,1,1,147.47
2012,1,30,23,30,0,0,0,1,1,156.70000000000002
2012,1,31,0,30,0,0,0,0.9,1,160.66
2012,1,31,1,30,0,0,0,0.8,1,156.45000000000002
2012,1,31,2,30,0,0,0,0.7000000000000001,1,147.1
2012,1,31,3,30,0,0,0,0.6000000000000001,1,135.86
2012,1,31,4,30,0,0,0,0.6000000000000001,1,123.99000000000001
2012,1,31,5,30,0,0,0,0.5,1,112
2012,1,31,6,30,0,0,0,0.4,1,100.18
2012,1,31,7,30,14,14,0,0.30000000000000004,2,88.8
2012,1,31,8,30,177,58,578,0.4,3,78.18
2012,1,31,9,30,359,83,761,1,5,68.74
2012,1,31,10,30,367,208,329,1.7000000000000002,6,61.09
2012,1,31,11,30,595,114,860,2,6,56
2012,1,31,12,30,459,269,325,2.1,7,54.230000000000004
2012,1,31,13,30,196,189,11,2.1,7,56.08
2012,1,31,14,30,27,27,0,1.8,6,61.24
2012,1,31,15,30,207,157,140,1.3,5,68.94
2012,1,31,16,30,123,73,245,1.1,3,78.41
2012,1,31,17,30,0,0,0,1.2000000000000002,1,89.05
2012,1,31,18,30,0,0,0,1.2000000000000002,1,100.44
2012,1,31,19,30,0,0,0,1.1,0,112.25
2012,1,31,20,30,0,0,0,1,0,124.23
2012,1,31,21,30,0,0,0,0.7000000000000001,0,136.08
2012,1,31,22,30,0,0,0,0.5,0,147.25
2012,1,31,23,30,0,0,0,0.30000000000000004,0,156.45000000000002
2012,2,1,0,30,0,0,0,0.2,0,160.39000000000001
2012,2,1,1,30,0,0,0,0.1,0,156.23
2012,2,1,2,30,0,0,0,0.1,0,146.94
2012,2,1,3,30,0,0,0,0.2,0,135.73
2012,2,1,4,30,0,0,0,0.4,0,123.86
2012,2,1,5,30,0,0,0,0.6000000000000001,0,111.87
2012,2,1,6,30,0,0,0,0.8,0,100.05
2012,2,1,7,30,17,12,187,1,1,88.65
2012,2,1,8,30,193,47,702,1.4000000000000001,3,78.01
2012,2,1,9,30,381,66,862,1.3,6,68.54
2012,2,1,10,30,417,174,498,1.1,8,60.86
2012,2,1,11,30,399,270,228,1.4000000000000001,9,55.74
2012,2,1,12,30,561,173,659,1.5,9,53.94
2012,2,1,13,30,470,234,419,1.1,9,55.800000000000004
2012,2,1,14,30,275,227,99,0.6000000000000001,8,60.97
2012,2,1,15,30,161,146,40,0.9,5,68.69
2012,2,1,16,30,74,73,5,1.2000000000000002,3,78.19
2012,2,1,17,30,5,5,0,1.5,2,88.84
2012,2,1,18,30,0,0,0,1.6,2,100.24000000000001
2012,2,1,19,30,0,0,0,1.6,2,112.07000000000001
2012,2,1,20,30,0,0,0,1.8,1,124.05
2012,2,1,21,30,0,0,0,1.9000000000000001,1,135.88
2012,2,1,22,30,0,0,0,1.9000000000000001,1,147.03
2012,2,1,23,30,0,0,0,1.8,1,156.19
2012,2,2,0,30,0,0,0,1.6,1,160.1
2012,2,2,1,30,0,0,0,1.3,1,156
2012,2,2,2,30,0,0,0,1,1,146.77
2012,2,2,3,30,0,0,0,0.8,1,135.59
2012,2,2,4,30,0,0,0,0.7000000000000001,1,123.73
2012,2,2,5,30,0,0,0,0.5,0,111.74000000000001
2012,2,2,6,30,0,0,0,0.4,0,99.91
2012,2,2,7,30,11,10,15,0.6000000000000001,0,88.5
2012,2,2,8,30,158,96,297,1.2000000000000002,1,77.83
2012,2,2,9,30,306,117,513,1.9000000000000001,2,68.33
2012,2,2,10,30,211,197,30,2.5,3,60.620000000000005
2012,2,2,11,30,258,237,37,2.8000000000000003,3,55.47
2012,2,2,12,30,316,275,69,2.8000000000000003,3,53.660000000000004
2012,2,2,13,30,285,253,56,2.5,3,55.52
2012,2,2,14,30,363,242,247,2,3,60.7
2012,2,2,15,30,97,97,0,1.5,2,68.45
2012,2,2,16,30,112,81,148,1.1,1,77.96000000000001
2012,2,2,17,30,9,9,0,1,0,88.64
2012,2,2,18,30,0,0,0,1,0,100.05
2012,2,2,19,30,0,0,0,0.9,0,111.88
2012,2,2,20,30,0,0,0,0.8,0,123.86
2012,2,2,21,30,0,0,0,0.6000000000000001,0,135.69
2012,2,2,22,30,0,0,0,0.4,0,146.82
2012,2,2,23,30,0,0,0,0.5,0,155.92000000000002
2012,2,3,0,30,0,0,0,0.8,0,159.81
2012,2,3,1,30,0,0,0,0.9,0,155.77
2012,2,3,2,30,0,0,0,0.8,0,146.6
2012,2,3,3,30,0,0,0,0.6000000000000001,0,135.44
2012,2,3,4,30,0,0,0,0.5,0,123.60000000000001
2012,2,3,5,30,0,0,0,0.30000000000000004,0,111.60000000000001
2012,2,3,6,30,0,0,0,0.2,-1,99.76
2012,2,3,7,30,14,13,34,0.5,0,88.33
2012,2,3,8,30,29,29,0,1.2000000000000002,1,77.64
2012,2,3,9,30,251,157,250,1.9000000000000001,2,68.12
2012,2,3,10,30,203,191,24,2.2,3,60.370000000000005
2012,2,3,11,30,606,122,847,2,4,55.19
2012,2,3,12,30,640,123,866,1.7000000000000002,4,53.370000000000005
2012,2,3,13,30,607,119,855,1.3,5,55.230000000000004
2012,2,3,14,30,512,107,821,0.9,4,60.43
2012,2,3,15,30,363,91,730,0.9,3,68.2
2012,2,3,16,30,181,64,548,1,1,77.74
2012,2,3,17,30,17,14,100,1.2000000000000002,0,88.43
2012,2,3,18,30,0,0,0,1.2000000000000002,0,99.86
2012,2,3,19,30,0,0,0,1.1,0,111.7
2012,2,3,20,30,0,0,0,1,0,123.68
2012,2,3,21,30,0,0,0,0.7000000000000001,0,135.5
2012,2,3,22,30,0,0,0,0.7000000000000001,0,146.59
2012,2,3,23,30,0,0,0,1.2000000000000002,0,155.65
2012,2,4,0,30,0,0,0,1.9000000000000001,-1,159.52
2012,2,4,1,30,0,0,0,2.5,-1,155.53
2012,2,4,2,30,0,0,0,3,-1,146.41
2012,2,4,3,30,0,0,0,3.1,-2,135.29
2012,2,4,4,30,0,0,0,2.9000000000000004,-2,123.45
2012,2,4,5,30,0,0,0,2.7,-2,111.46000000000001
2012,2,4,6,30,0,0,0,2.9000000000000004,-2,99.61
2012,2,4,7,30,21,15,205,3.9000000000000004,-1,88.16
2012,2,4,8,30,75,75,0,5,1,77.45
2012,2,4,9,30,88,88,0,5.300000000000001,4,67.9
2012,2,4,10,30,538,78,923,5,5,60.120000000000005
2012,2,4,11,30,634,86,952,4.7,6,54.910000000000004
2012,2,4,12,30,666,90,959,4.6000000000000005,7,53.07
2012,2,4,13,30,631,90,940,4.5,7,54.93
2012,2,4,14,30,356,232,249,4.3,6,60.160000000000004
2012,2,4,15,30,253,166,233,3.1,5,67.95
2012,2,4,16,30,191,57,619,1.9000000000000001,2,77.51
2012,2,4,17,30,20,20,0,1.7000000000000002,0,88.23
2012,2,4,18,30,0,0,0,1.8,0,99.67
2012,2,4,19,30,0,0,0,2,0,111.51
2012,2,4,20,30,0,0,0,2.4000000000000004,0,123.49000000000001
2012,2,4,21,30,0,0,0,2.8000000000000003,0,135.3
2012,2,4,22,30,0,0,0,3.4000000000000004,0,146.37
2012,2,4,23,30,0,0,0,4.1000000000000005,0,155.38
2012,2,5,0,30,0,0,0,4.7,0,159.22
2012,2,5,1,30,0,0,0,5,0,155.28
2012,2,5,2,30,0,0,0,5.1000000000000005,0,146.22
2012,2,5,3,30,0,0,0,5.1000000000000005,0,135.13
2012,2,5,4,30,0,0,0,4.9,0,123.31
2012,2,5,5,30,0,0,0,4.800000000000001,-1,111.31
2012,2,5,6,30,0,0,0,4.800000000000001,0,99.45
2012,2,5,7,30,2,2,0,5.4,0,87.99
2012,2,5,8,30,19,19,0,6,1,77.26
2012,2,5,9,30,235,166,180,5.9,3,67.67
2012,2,5,10,30,92,92,0,5.6000000000000005,4,59.86
2012,2,5,11,30,347,280,115,5.2,5,54.63
2012,2,5,12,30,390,299,150,4.7,6,52.77
2012,2,5,13,30,187,182,8,4.3,7,54.64
2012,2,5,14,30,287,237,100,4,6,59.88
2012,2,5,15,30,236,166,183,3.3000000000000003,5,67.7
2012,2,5,16,30,102,86,72,2.3000000000000003,3,77.28
2012,2,5,17,30,11,11,0,2,1,88.02
2012,2,5,18,30,0,0,0,2.5,1,99.47
2012,2,5,19,30,0,0,0,2.7,1,111.33
2012,2,5,20,30,0,0,0,2.8000000000000003,0,123.31
2012,2,5,21,30,0,0,0,2.9000000000000004,0,135.1
2012,2,5,22,30,0,0,0,2.7,0,146.15
2012,2,5,23,30,0,0,0,2.4000000000000004,0,155.11
2012,2,6,0,30,0,0,0,2.2,0,158.92000000000002
2012,2,6,1,30,0,0,0,1.9000000000000001,0,155.03
2012,2,6,2,30,0,0,0,1.5,0,146.02
2012,2,6,3,30,0,0,0,1,0,134.96
2012,2,6,4,30,0,0,0,0.6000000000000001,0,123.15
2012,2,6,5,30,0,0,0,0.5,-1,111.15
2012,2,6,6,30,0,0,0,0.2,0,99.29
2012,2,6,7,30,23,18,135,0.30000000000000004,0,87.81
2012,2,6,8,30,195,65,583,0.8,2,77.05
2012,2,6,9,30,383,86,773,1.3,3,67.44
2012,2,6,10,30,266,228,74,1.7000000000000002,4,59.6
2012,2,6,11,30,634,98,919,2,4,54.34
2012,2,6,12,30,529,242,470,2.2,4,52.46
2012,2,6,13,30,356,284,123,2.5,4,54.34
2012,2,6,14,30,24,24,0,2.8000000000000003,4,59.6
2012,2,6,15,30,259,163,250,2.6,3,67.45
2012,2,6,16,30,195,64,588,1.9000000000000001,1,77.06
2012,2,6,17,30,23,18,150,1.5,0,87.81
2012,2,6,18,30,0,0,0,1.6,0,99.28
2012,2,6,19,30,0,0,0,1.6,-1,111.14
2012,2,6,20,30,0,0,0,1.5,-2,123.12
2012,2,6,21,30,0,0,0,1.4000000000000001,-2,134.9
2012,2,6,22,30,0,0,0,1.3,-2,145.92000000000002
2012,2,6,23,30,0,0,0,1.2000000000000002,-3,154.83
2012,2,7,0,30,0,0,0,1.1,-3,158.61
2012,2,7,1,30,0,0,0,0.9,-3,154.77
2012,2,7,2,30,0,0,0,0.8,-3,145.82
2012,2,7,3,30,0,0,0,0.7000000000000001,-3,134.79
2012,2,7,4,30,0,0,0,0.6000000000000001,-3,122.99000000000001
2012,2,7,5,30,0,0,0,0.6000000000000001,-3,110.99000000000001
2012,2,7,6,30,0,0,0,1.1,-2,99.12
2012,2,7,7,30,29,17,276,2.4000000000000004,-1,87.63
2012,2,7,8,30,216,50,727,3.8000000000000003,1,76.85000000000001
2012,2,7,9,30,409,66,883,4.4,3,67.21000000000001
2012,2,7,10,30,564,76,956,4.4,5,59.33
2012,2,7,11,30,659,90,969,4.1000000000000005,6,54.04
2012,2,7,12,30,694,90,984,4.1000000000000005,7,52.15
2012,2,7,13,30,565,164,684,4,7,54.03
2012,2,7,14,30,424,204,430,3.7,7,59.32
2012,2,7,15,30,314,132,468,2.5,5,67.19
2012,2,7,16,30,143,84,257,1.6,2,76.83
2012,2,7,17,30,28,18,245,1.7000000000000002,0,87.60000000000001
2012,2,7,18,30,0,0,0,1.9000000000000001,0,99.09
2012,2,7,19,30,0,0,0,2.3000000000000003,-1,110.95
2012,2,7,20,30,0,0,0,2.6,-1,122.94
2012,2,7,21,30,0,0,0,2.9000000000000004,-1,134.71
2012,2,7,22,30,0,0,0,3.3000000000000003,-1,145.69
2012,2,7,23,30,0,0,0,3.8000000000000003,-1,154.55
2012,2,8,0,30,0,0,0,4.1000000000000005,-1,158.3
2012,2,8,1,30,0,0,0,4.2,-1,154.5
2012,2,8,2,30,0,0,0,4.2,-1,145.61
2012,2,8,3,30,0,0,0,4.2,-1,134.61
2012,2,8,4,30,0,0,0,4.3,0,122.82000000000001
2012,2,8,5,30,0,0,0,4.3,0,110.83
2012,2,8,6,30,0,0,0,4.4,0,98.94
2012,2,8,7,30,2,2,0,4.6000000000000005,1,87.44
2012,2,8,8,30,15,15,0,4.5,3,76.64
2012,2,8,9,30,269,165,264,3.9000000000000004,5,66.97
2012,2,8,10,30,529,101,832,3.1,6,59.06
2012,2,8,11,30,626,102,886,2.3000000000000003,7,53.74
2012,2,8,12,30,658,106,892,1.6,8,51.84
2012,2,8,13,30,403,293,186,1.1,9,53.730000000000004
2012,2,8,14,30,343,243,195,0.9,9,59.03
2012,2,8,15,30,155,147,19,0.6000000000000001,8,66.94
2012,2,8,16,30,116,92,103,0.30000000000000004,7,76.60000000000001
2012,2,8,17,30,1,1,0,0.30000000000000004,5,87.4
2012,2,8,18,30,0,0,0,0.7000000000000001,5,98.89
2012,2,8,19,30,0,0,0,0.9,4,110.77
2012,2,8,20,30,0,0,0,1,3,122.75
2012,2,8,21,30,0,0,0,1.1,3,134.51
2012,2,8,22,30,0,0,0,1.1,2,145.46
2012,2,8,23,30,0,0,0,1.2000000000000002,1,154.27
2012,2,9,0,30,0,0,0,1.4000000000000001,0,157.98
2012,2,9,1,30,0,0,0,1.6,0,154.23
2012,2,9,2,30,0,0,0,1.9000000000000001,0,145.39000000000001
2012,2,9,3,30,0,0,0,2,-1,134.42000000000002
2012,2,9,4,30,0,0,0,2,-1,122.65
2012,2,9,5,30,0,0,0,1.9000000000000001,-1,110.66
2012,2,9,6,30,0,0,0,2,0,98.76
2012,2,9,7,30,15,15,0,3,0,87.24
2012,2,9,8,30,85,84,6,4.2,2,76.42
2012,2,9,9,30,403,69,843,5.300000000000001,5,66.72
2012,2,9,10,30,554,79,915,6.1000000000000005,6,58.78
2012,2,9,11,30,509,245,442,6.800000000000001,7,53.43
2012,2,9,12,30,680,95,941,7,8,51.52
2012,2,9,13,30,648,91,935,6.9,9,53.42
2012,2,9,14,30,556,76,925,6.6000000000000005,9,58.75
2012,2,9,15,30,405,66,858,5.6000000000000005,8,66.68
2012,2,9,16,30,217,50,706,3.7,5,76.37
2012,2,9,17,30,33,18,295,2.5,2,87.19
2012,2,9,18,30,0,0,0,2.1,0,98.7
2012,2,9,19,30,0,0,0,1.8,0,110.58
2012,2,9,20,30,0,0,0,1.6,0,122.56
2012,2,9,21,30,0,0,0,1.5,0,134.3
2012,2,9,22,30,0,0,0,1.2000000000000002,0,145.23
2012,2,9,23,30,0,0,0,1.1,0,153.98
2012,2,10,0,30,0,0,0,0.9,0,157.66
2012,2,10,1,30,0,0,0,0.7000000000000001,0,153.95000000000002
2012,2,10,2,30,0,0,0,0.6000000000000001,0,145.17000000000002
2012,2,10,3,30,0,0,0,0.5,0,134.23
2012,2,10,4,30,0,0,0,0.5,0,122.47
2012,2,10,5,30,0,0,0,0.5,0,110.48
2012,2,10,6,30,0,0,0,0.7000000000000001,0,98.58
2012,2,10,7,30,3,3,0,1.4000000000000001,1,87.04
2012,2,10,8,30,219,47,722,2.6,4,76.2
2012,2,10,9,30,407,62,865,3.4000000000000004,6,66.47
2012,2,10,10,30,559,71,934,3.9000000000000004,7,58.5
2012,2,10,11,30,653,84,948,4.3,9,53.120000000000005
2012,2,10,12,30,688,86,959,4.6000000000000005,10,51.2
2012,2,10,13,30,656,85,951,4.7,10,53.1
2012,2,10,14,30,562,76,928,4.5,10,58.46
2012,2,10,15,30,410,68,854,3.3000000000000003,9,66.42
2012,2,10,16,30,221,52,706,1.9000000000000001,6,76.14
2012,2,10,17,30,36,19,310,1.4000000000000001,3,86.98
2012,2,10,18,30,0,0,0,1.2000000000000002,3,98.51
2012,2,10,19,30,0,0,0,0.8,3,110.4
2012,2,10,20,30,0,0,0,0.30000000000000004,2,122.37
2012,2,10,21,30,0,0,0,0.30000000000000004,1,134.1
2012,2,10,22,30,0,0,0,0.8,0,144.99
2012,2,10,23,30,0,0,0,1.1,0,153.70000000000002
2012,2,11,0,30,0,0,0,1.2000000000000002,0,157.33
2012,2,11,1,30,0,0,0,1.4000000000000001,0,153.66
2012,2,11,2,30,0,0,0,1.5,0,144.94
2012,2,11,3,30,0,0,0,1.6,0,134.03
2012,2,11,4,30,0,0,0,1.8,0,122.29
2012,2,11,5,30,0,0,0,2,0,110.3
2012,2,11,6,30,0,0,0,2.5,0,98.39
2012,2,11,7,30,7,7,0,3.6,2,86.84
2012,2,11,8,30,109,95,55,4.3,4,75.97
2012,2,11,9,30,347,119,563,4.3,6,66.21000000000001
2012,2,11,10,30,403,234,320,4.2,9,58.21
2012,2,11,11,30,406,299,176,3.9000000000000004,11,52.81
2012,2,11,12,30,499,298,318,3.7,12,50.870000000000005
2012,2,11,13,30,663,89,950,3.4000000000000004,13,52.79
2012,2,11,14,30,568,80,924,2.9000000000000004,14,58.17
2012,2,11,15,30,416,70,857,1.7000000000000002,12,66.16
2012,2,11,16,30,225,55,699,0.9,9,75.91
2012,2,11,17,30,37,22,262,1.1,7,86.77
2012,2,11,18,30,0,0,0,1.4000000000000001,5,98.31
2012,2,11,19,30,0,0,0,1.8,3,110.21000000000001
2012,2,11,20,30,0,0,0,2.6,3,122.18
2012,2,11,21,30,0,0,0,3.8000000000000003,3,133.9
2012,2,11,22,30,0,0,0,4.9,3,144.76
2012,2,11,23,30,0,0,0,5.4,2,153.4
2012,2,12,0,30,0,0,0,5.800000000000001,2,157
2012,2,12,1,30,0,0,0,6.300000000000001,1,153.37
2012,2,12,2,30,0,0,0,6.300000000000001,1,144.70000000000002
2012,2,12,3,30,0,0,0,6,0,133.83
2012,2,12,4,30,0,0,0,5.800000000000001,0,122.10000000000001
2012,2,12,5,30,0,0,0,5.6000000000000005,0,110.11
2012,2,12,6,30,0,0,0,5.6000000000000005,0,98.2
2012,2,12,7,30,30,26,76,5.800000000000001,0,86.63
2012,2,12,8,30,7,7,0,5.9,1,75.74
2012,2,12,9,30,16,16,0,5.5,3,65.95
2012,2,12,10,30,28,28,0,4.6000000000000005,5,57.92
2012,2,12,11,30,76,76,0,3.7,6,52.49
2012,2,12,12,30,229,219,15,3.3000000000000003,6,50.54
2012,2,12,13,30,160,157,4,3.4000000000000004,5,52.47
2012,2,12,14,30,352,254,184,3.5,5,57.88
2012,2,12,15,30,400,97,741,2.9000000000000004,4,65.9
2012,2,12,16,30,4,4,0,1.8,3,75.68
2012,2,12,17,30,35,25,166,1.2000000000000002,1,86.56
2012,2,12,18,30,0,0,0,1.1,0,98.12
2012,2,12,19,30,0,0,0,1,0,110.02
2012,2,12,20,30,0,0,0,1,0,121.99000000000001
2012,2,12,21,30,0,0,0,1.3,0,133.69
2012,2,12,22,30,0,0,0,1.8,0,144.52
2012,2,12,23,30,0,0,0,2.1,0,153.11
2012,2,13,0,30,0,0,0,2,0,156.67000000000002
2012,2,13,1,30,0,0,0,1.9000000000000001,-1,153.07
2012,2,13,2,30,0,0,0,1.8,-1,144.46
2012,2,13,3,30,0,0,0,1.7000000000000002,-1,133.62
2012,2,13,4,30,0,0,0,1.5,-1,121.91
2012,2,13,5,30,0,0,0,1.3,-1,109.92
2012,2,13,6,30,0,0,0,1.4000000000000001,-1,98
2012,2,13,7,30,20,20,0,1.9000000000000001,0,86.42
2012,2,13,8,30,119,100,76,2.8000000000000003,2,75.5
2012,2,13,9,30,299,171,310,3.2,4,65.69
2012,2,13,10,30,312,253,109,3.1,5,57.620000000000005
2012,2,13,11,30,148,146,2,3,5,52.160000000000004
2012,2,13,12,30,356,306,79,2.6,5,50.2
2012,2,13,13,30,48,48,0,2.2,6,52.15
2012,2,13,14,30,268,237,57,1.9000000000000001,6,57.59
2012,2,13,15,30,29,29,0,1.4000000000000001,5,65.64
2012,2,13,16,30,57,57,0,0.7000000000000001,4,75.45
2012,2,13,17,30,9,9,0,0.6000000000000001,2,86.35000000000001
2012,2,13,18,30,0,0,0,0.9,1,97.92
2012,2,13,19,30,0,0,0,1.1,1,109.84
2012,2,13,20,30,0,0,0,1.2000000000000002,1,121.8
2012,2,13,21,30,0,0,0,1.2000000000000002,1,133.49
2012,2,13,22,30,0,0,0,1.2000000000000002,0,144.28
2012,2,13,23,30,0,0,0,1.2000000000000002,0,152.81
2012,2,14,0,30,0,0,0,1.2000000000000002,0,156.33
2012,2,14,1,30,0,0,0,1.2000000000000002,0,152.77
2012,2,14,2,30,0,0,0,1.2000000000000002,0,144.21
2012,2,14,3,30,0,0,0,1.1,0,133.4
2012,2,14,4,30,0,0,0,0.9,0,121.71000000000001
2012,2,14,5,30,0,0,0,0.9,0,109.72
2012,2,14,6,30,0,0,0,0.9,0,97.79
2012,2,14,7,30,1,1,0,1.4000000000000001,2,86.2
2012,2,14,8,30,8,8,0,2,3,75.26
2012,2,14,9,30,44,44,0,2.5,4,65.42
2012,2,14,10,30,445,223,411,3.2,4,57.32
2012,2,14,11,30,512,275,383,3.5,5,51.84
2012,2,14,12,30,221,213,13,3.4000000000000004,5,49.870000000000005
2012,2,14,13,30,530,257,441,3,5,51.82
2012,2,14,14,30,422,239,338,2.4000000000000004,4,57.29
2012,2,14,15,30,298,176,293,1.5,3,65.38
2012,2,14,16,30,164,96,266,0.9,2,75.22
2012,2,14,17,30,43,27,237,0.9,0,86.15
2012,2,14,18,30,0,0,0,1,0,97.73
2012,2,14,19,30,0,0,0,1.1,0,109.65
2012,2,14,20,30,0,0,0,1.1,-1,121.61
2012,2,14,21,30,0,0,0,1.1,-1,133.28
2012,2,14,22,30,0,0,0,1.2000000000000002,-2,144.04
2012,2,14,23,30,0,0,0,1.3,-3,152.51
2012,2,15,0,30,0,0,0,1.4000000000000001,-3,155.99
2012,2,15,1,30,0,0,0,1.4000000000000001,-3,152.46
2012,2,15,2,30,0,0,0,1.1,-3,143.95000000000002
2012,2,15,3,30,0,0,0,0.9,-4,133.18
2012,2,15,4,30,0,0,0,0.7000000000000001,-4,121.5
2012,2,15,5,30,0,0,0,0.5,-4,109.52
2012,2,15,6,30,0,0,0,0.8,-3,97.58
2012,2,15,7,30,48,26,318,1.3,-1,85.98
2012,2,15,8,30,244,58,720,1.7000000000000002,1,75.02
2012,2,15,9,30,438,76,862,2.1,2,65.15
2012,2,15,10,30,591,90,921,2.4000000000000004,3,57.02
2012,2,15,11,30,688,100,945,2.3000000000000003,4,51.5
2012,2,15,12,30,465,325,214,2.1,5,49.52
2012,2,15,13,30,540,248,469,2,5,51.49
2012,2,15,14,30,339,261,142,1.8,5,57
2012,2,15,15,30,81,81,0,1.2000000000000002,4,65.12
2012,2,15,16,30,204,71,515,0.6000000000000001,3,74.99
2012,2,15,17,30,46,28,249,0.8,2,85.94
2012,2,15,18,30,0,0,0,1.2000000000000002,0,97.54
2012,2,15,19,30,0,0,0,1.5,0,109.46000000000001
2012,2,15,20,30,0,0,0,1.9000000000000001,0,121.42
2012,2,15,21,30,0,0,0,2.2,0,133.07
2012,2,15,22,30,0,0,0,2.5,-1,143.79
2012,2,15,23,30,0,0,0,2.7,-1,152.21
2012,2,16,0,30,0,0,0,2.8000000000000003,-2,155.65
2012,2,16,1,30,0,0,0,2.8000000000000003,-2,152.15
2012,2,16,2,30,0,0,0,2.6,-2,143.69
2012,2,16,3,30,0,0,0,2.5,-2,132.96
2012,2,16,4,30,0,0,0,2.4000000000000004,-2,121.29
2012,2,16,5,30,0,0,0,2.2,-2,109.31
2012,2,16,6,30,0,0,0,2.4000000000000004,-1,97.37
2012,2,16,7,30,32,26,70,3,0,85.75
2012,2,16,8,30,154,105,188,3.3000000000000003,3,74.77
2012,2,16,9,30,350,147,477,2.9000000000000004,6,64.87
2012,2,16,10,30,479,194,519,2.4000000000000004,8,56.71
2012,2,16,11,30,579,215,579,2,9,51.17
2012,2,16,12,30,725,100,956,2,10,49.18
2012,2,16,13,30,692,97,948,2.1,10,51.160000000000004
2012,2,16,14,30,596,85,930,2.2,9,56.7
2012,2,16,15,30,442,74,864,1.9000000000000001,8,64.86
2012,2,16,16,30,248,58,723,1.4000000000000001,4,74.76
2012,2,16,17,30,52,26,351,1.5,1,85.73
2012,2,16,18,30,0,0,0,1.6,0,97.34
2012,2,16,19,30,0,0,0,1.6,0,109.27
2012,2,16,20,30,0,0,0,1.5,0,121.23
2012,2,16,21,30,0,0,0,1.4000000000000001,-1,132.87
2012,2,16,22,30,0,0,0,1.2000000000000002,-1,143.54
2012,2,16,23,30,0,0,0,1.2000000000000002,-2,151.91
2012,2,17,0,30,0,0,0,1.2000000000000002,-2,155.3
2012,2,17,1,30,0,0,0,1.2000000000000002,-2,151.83
2012,2,17,2,30,0,0,0,1.5,-2,143.43
2012,2,17,3,30,0,0,0,1.5,-2,132.72
2012,2,17,4,30,0,0,0,1,-2,121.08
2012,2,17,5,30,0,0,0,0.7000000000000001,-2,109.10000000000001
2012,2,17,6,30,0,0,0,0.8,-1,97.15
2012,2,17,7,30,58,26,408,0.8,0,85.52
2012,2,17,8,30,260,57,761,0.6000000000000001,2,74.51
2012,2,17,9,30,457,74,892,1,5,64.59
2012,2,17,10,30,613,85,955,1.9000000000000001,7,56.39
2012,2,17,11,30,712,92,982,2.9000000000000004,8,50.83
2012,2,17,12,30,745,94,988,3.8000000000000003,9,48.83
2012,2,17,13,30,709,93,975,4.4,10,50.83
2012,2,17,14,30,608,87,940,4.6000000000000005,10,56.4
2012,2,17,15,30,450,78,867,4,9,64.6
2012,2,17,16,30,253,62,715,2.9000000000000004,5,74.52
2012,2,17,17,30,54,28,325,2.5,1,85.52
2012,2,17,18,30,0,0,0,2.7,0,97.15
2012,2,17,19,30,0,0,0,2.3000000000000003,0,109.09
2012,2,17,20,30,0,0,0,1.9000000000000001,-1,121.04
2012,2,17,21,30,0,0,0,1.7000000000000002,-2,132.66
2012,2,17,22,30,0,0,0,1.6,-2,143.3
2012,2,17,23,30,0,0,0,1.5,-2,151.6
2012,2,18,0,30,0,0,0,1.2000000000000002,-3,154.95000000000002
2012,2,18,1,30,0,0,0,1.1,-3,151.51
2012,2,18,2,30,0,0,0,1,-3,143.16
2012,2,18,3,30,0,0,0,0.9,-3,132.49
2012,2,18,4,30,0,0,0,0.9,-3,120.85000000000001
2012,2,18,5,30,0,0,0,0.9,-3,108.88
2012,2,18,6,30,0,0,0,0.9,-2,96.93
2012,2,18,7,30,57,30,330,1.4000000000000001,0,85.28
2012,2,18,8,30,167,107,221,2.4000000000000004,2,74.26
2012,2,18,9,30,454,86,849,3.3000000000000003,5,64.3
2012,2,18,10,30,610,98,918,3.7,6,56.08
2012,2,18,11,30,710,105,950,3.8000000000000003,7,50.480000000000004
2012,2,18,12,30,745,107,962,3.8000000000000003,8,48.480000000000004
2012,2,18,13,30,709,105,950,3.8000000000000003,9,50.5
2012,2,18,14,30,608,97,917,3.5,9,56.1
2012,2,18,15,30,449,87,836,2.3000000000000003,8,64.34
2012,2,18,16,30,251,70,666,1,6,74.29
2012,2,18,17,30,54,31,275,0.5,4,85.32000000000001
2012,2,18,18,30,0,0,0,0.7000000000000001,2,96.96000000000001
2012,2,18,19,30,0,0,0,1.2000000000000002,0,108.9
2012,2,18,20,30,0,0,0,1.4000000000000001,0,120.85000000000001
2012,2,18,21,30,0,0,0,1.5,0,132.44
2012,2,18,22,30,0,0,0,1.6,0,143.05
2012,2,18,23,30,0,0,0,1.6,0,151.29
2012,2,19,0,30,0,0,0,1.6,0,154.6
2012,2,19,1,30,0,0,0,1.5,0,151.18
2012,2,19,2,30,0,0,0,1.5,0,142.88
2012,2,19,3,30,0,0,0,1.6,0,132.24
2012,2,19,4,30,0,0,0,1.8,0,120.63
2012,2,19,5,30,0,0,0,2,0,108.66
2012,2,19,6,30,0,0,0,2.3000000000000003,0,96.7
2012,2,19,7,30,25,25,0,2.6,0,85.04
2012,2,19,8,30,159,112,171,2.6,1,74
2012,2,19,9,30,250,198,119,2.6,2,64.01
2012,2,19,10,30,191,185,10,3,3,55.75
2012,2,19,11,30,226,217,14,3.6,3,50.14
2012,2,19,12,30,540,316,334,4.3,3,48.120000000000005
2012,2,19,13,30,404,320,132,4.6000000000000005,3,50.160000000000004
2012,2,19,14,30,386,271,204,4.800000000000001,3,55.800000000000004
2012,2,19,15,30,277,198,181,4.5,3,64.08
2012,2,19,16,30,10,10,0,3.5,2,74.06
2012,2,19,17,30,23,23,0,2.8000000000000003,0,85.11
2012,2,19,18,30,0,0,0,3,0,96.77
2012,2,19,19,30,0,0,0,3.6,0,108.71000000000001
2012,2,19,20,30,0,0,0,3.8000000000000003,-1,120.66
2012,2,19,21,30,0,0,0,3.7,-2,132.23
2012,2,19,22,30,0,0,0,3.4000000000000004,-3,142.8
2012,2,19,23,30,0,0,0,3.2,-4,150.98
2012,2,20,0,30,0,0,0,3.2,-5,154.24
2012,2,20,1,30,0,0,0,3.4000000000000004,-5,150.85
2012,2,20,2,30,0,0,0,3.7,-5,142.6
2012,2,20,3,30,0,0,0,4,-5,132
2012,2,20,4,30,0,0,0,4,-5,120.4
2012,2,20,5,30,0,0,0,3.6,-5,108.44
2012,2,20,6,30,0,0,0,3.7,-5,96.47
2012,2,20,7,30,68,29,434,4.5,-3,84.8
2012,2,20,8,30,275,57,778,5.1000000000000005,-1,73.73
2012,2,20,9,30,475,74,907,5.2,0,63.72
2012,2,20,10,30,633,84,969,5.1000000000000005,0,55.43
2012,2,20,11,30,734,88,1001,4.9,1,49.78
2012,2,20,12,30,767,89,1009,4.800000000000001,2,47.77
2012,2,20,13,30,731,87,997,4.6000000000000005,3,49.83
2012,2,20,14,30,627,82,962,4.5,3,55.5
2012,2,20,15,30,467,75,888,4,2,63.81
2012,2,20,16,30,267,61,740,2.5,1,73.83
2012,2,20,17,30,64,29,391,1.1,0,84.9
2012,2,20,18,30,0,0,0,0.5,-1,96.57000000000001
2012,2,20,19,30,0,0,0,0.2,-1,108.53
2012,2,20,20,30,0,0,0,0.4,-1,120.46000000000001
2012,2,20,21,30,0,0,0,0.7000000000000001,-1,132.02
2012,2,20,22,30,0,0,0,0.8,-2,142.54
2012,2,20,23,30,0,0,0,0.7000000000000001,-2,150.66
2012,2,21,0,30,0,0,0,0.5,-2,153.89000000000001
2012,2,21,1,30,0,0,0,0.5,-2,150.52
2012,2,21,2,30,0,0,0,0.4,-2,142.31
2012,2,21,3,30,0,0,0,0.2,-2,131.74
2012,2,21,4,30,0,0,0,0.1,-2,120.16
2012,2,21,5,30,0,0,0,0.1,-2,108.21000000000001
2012,2,21,6,30,0,0,0,0.1,-1,96.24000000000001
2012,2,21,7,30,70,29,428,0.5,0,84.55
2012,2,21,8,30,274,55,768,2,3,73.46000000000001
2012,2,21,9,30,470,69,896,3.8000000000000003,5,63.42
2012,2,21,10,30,625,74,962,4.7,6,55.1
2012,2,21,11,30,720,86,975,5.2,7,49.43
2012,2,21,12,30,639,241,586,5.5,8,47.410000000000004
2012,2,21,13,30,715,89,963,5.6000000000000005,8,49.49
2012,2,21,14,30,619,76,951,5.300000000000001,8,55.2
2012,2,21,15,30,464,66,892,4.1000000000000005,7,63.550000000000004
2012,2,21,16,30,269,52,768,2.6,4,73.61
2012,2,21,17,30,68,26,453,1.9000000000000001,1,84.7
2012,2,21,18,30,0,0,0,1.7000000000000002,0,96.38
2012,2,21,19,30,0,0,0,1.5,0,108.34
2012,2,21,20,30,0,0,0,1.4000000000000001,0,120.27
2012,2,21,21,30,0,0,0,1.3,0,131.8
2012,2,21,22,30,0,0,0,1.3,0,142.29
2012,2,21,23,30,0,0,0,1.3,0,150.35
2012,2,22,0,30,0,0,0,1.4000000000000001,0,153.52
2012,2,22,1,30,0,0,0,1.5,0,150.18
2012,2,22,2,30,0,0,0,1.7000000000000002,0,142.02
2012,2,22,3,30,0,0,0,2,0,131.49
2012,2,22,4,30,0,0,0,2.4000000000000004,0,119.92
2012,2,22,5,30,0,0,0,2.7,0,107.97
2012,2,22,6,30,0,0,0,3,0,96
2012,2,22,7,30,76,26,499,3.8000000000000003,2,84.3
2012,2,22,8,30,224,88,470,4.800000000000001,5,73.19
2012,2,22,9,30,340,187,338,5.7,7,63.120000000000005
2012,2,22,10,30,457,257,347,6.1000000000000005,9,54.77
2012,2,22,11,30,607,233,570,6.4,10,49.07
2012,2,22,12,30,573,305,392,6.7,11,47.04
2012,2,22,13,30,533,302,352,6.9,12,49.15
2012,2,22,14,30,478,241,412,6.6000000000000005,12,54.9
2012,2,22,15,30,399,124,611,5.4,11,63.29
2012,2,22,16,30,191,108,289,3.4000000000000004,8,73.38
2012,2,22,17,30,54,33,222,2.3000000000000003,5,84.49
2012,2,22,18,30,0,0,0,1.9000000000000001,3,96.19
2012,2,22,19,30,0,0,0,1.6,2,108.15
2012,2,22,20,30,0,0,0,1.5,2,120.08
2012,2,22,21,30,0,0,0,1.6,2,131.59
2012,2,22,22,30,0,0,0,1.7000000000000002,2,142.03
2012,2,22,23,30,0,0,0,1.8,1,150.03
2012,2,23,0,30,0,0,0,1.9000000000000001,0,153.16
2012,2,23,1,30,0,0,0,2.1,0,149.83
2012,2,23,2,30,0,0,0,2.2,0,141.72
2012,2,23,3,30,0,0,0,2.3000000000000003,0,131.22
2012,2,23,4,30,0,0,0,2.7,0,119.68
2012,2,23,5,30,0,0,0,3.4000000000000004,0,107.73
2012,2,23,6,30,0,0,0,4.4,2,95.76
2012,2,23,7,30,79,28,493,5.9,4,84.04
2012,2,23,8,30,288,52,803,7.7,5,72.92
2012,2,23,9,30,493,65,936,8.8,6,62.82
2012,2,23,10,30,656,74,1000,9.200000000000001,7,54.44
2012,2,23,11,30,753,94,998,9.3,7,48.71
2012,2,23,12,30,788,94,1012,9.3,7,46.68
2012,2,23,13,30,563,278,433,9.200000000000001,7,48.800000000000004
2012,2,23,14,30,487,243,420,9,6,54.6
2012,2,23,15,30,367,174,426,8.5,5,63.03
2012,2,23,16,30,289,59,794,7,3,73.15
2012,2,23,17,30,64,35,296,4.9,1,84.29
2012,2,23,18,30,0,0,0,3.6,0,96
2012,2,23,19,30,0,0,0,2.8000000000000003,-1,107.97
2012,2,23,20,30,0,0,0,2.1,-2,119.88
2012,2,23,21,30,0,0,0,1.7000000000000002,-3,131.37
2012,2,23,22,30,0,0,0,1.4000000000000001,-4,141.77
2012,2,23,23,30,0,0,0,1.2000000000000002,-4,149.71
2012,2,24,0,30,0,0,0,1,-3,152.79
2012,2,24,1,30,0,0,0,0.9,-3,149.48
2012,2,24,2,30,0,0,0,0.9,-3,141.42000000000002
2012,2,24,3,30,0,0,0,1,-4,130.96
2012,2,24,4,30,0,0,0,1,-3,119.43
2012,2,24,5,30,0,0,0,1,-3,107.49000000000001
2012,2,24,6,30,0,0,0,1.3,-2,95.51
2012,2,24,7,30,9,9,0,2.3000000000000003,-1,83.78
2012,2,24,8,30,205,111,314,3.5,1,72.64
2012,2,24,9,30,502,65,945,4.3,3,62.51
2012,2,24,10,30,659,74,998,4.5,5,54.1
2012,2,24,11,30,759,78,1024,4.4,6,48.35
2012,2,24,12,30,792,81,1030,4.3,7,46.31
2012,2,24,13,30,756,79,1020,4.1000000000000005,8,48.46
2012,2,24,14,30,655,73,998,3.9000000000000004,9,54.29
2012,2,24,15,30,495,65,940,3.1,8,62.77
2012,2,24,16,30,294,52,822,2,4,72.92
2012,2,24,17,30,82,29,512,1.6,1,84.08
2012,2,24,18,30,0,0,0,1.6,0,95.81
2012,2,24,19,30,0,0,0,1.5,0,107.78
2012,2,24,20,30,0,0,0,1.2000000000000002,0,119.69
2012,2,24,21,30,0,0,0,1,0,131.16
2012,2,24,22,30,0,0,0,0.5,0,141.51
2012,2,24,23,30,0,0,0,0.5,0,149.38
2012,2,25,0,30,0,0,0,1,0,152.42000000000002
2012,2,25,1,30,0,0,0,1.2000000000000002,-1,149.13
2012,2,25,2,30,0,0,0,1.5,-1,141.11
2012,2,25,3,30,0,0,0,1.8,-1,130.69
2012,2,25,4,30,0,0,0,2.1,-1,119.18
2012,2,25,5,30,0,0,0,2.3000000000000003,-1,107.25
2012,2,25,6,30,0,0,0,2.9000000000000004,0,95.26
2012,2,25,7,30,90,31,519,3.8000000000000003,2,83.52
2012,2,25,8,30,301,56,808,3.8000000000000003,5,72.35000000000001
2012,2,25,9,30,499,70,919,3.9000000000000004,9,62.21
2012,2,25,10,30,654,80,971,5,12,53.76
2012,2,25,11,30,748,96,974,5.800000000000001,13,47.980000000000004
2012,2,25,12,30,782,99,981,6.1000000000000005,14,45.94
2012,2,25,13,30,748,97,975,6.4,14,48.11
2012,2,25,14,30,650,88,957,6.4,14,53.99
2012,2,25,15,30,491,79,893,5.1000000000000005,13,62.51
2012,2,25,16,30,291,62,768,3.1,9,72.69
2012,2,25,17,30,81,33,454,2.4000000000000004,4,83.88
2012,2,25,18,30,0,0,0,2.6,2,95.62
2012,2,25,19,30,0,0,0,2.8000000000000003,1,107.59
2012,2,25,20,30,0,0,0,3,0,119.49000000000001
2012,2,25,21,30,0,0,0,3,0,130.94
2012,2,25,22,30,0,0,0,2.8000000000000003,0,141.25
2012,2,25,23,30,0,0,0,2.4000000000000004,-1,149.06
2012,2,26,0,30,0,0,0,2.2,-2,152.05
2012,2,26,1,30,0,0,0,2.2,-2,148.78
2012,2,26,2,30,0,0,0,2.3000000000000003,-2,140.8
2012,2,26,3,30,0,0,0,2.5,-3,130.41
2012,2,26,4,30,0,0,0,2.7,-3,118.92
2012,2,26,5,30,0,0,0,2.8000000000000003,-3,107
2012,2,26,6,30,0,0,0,3.3000000000000003,-2,95.01
2012,2,26,7,30,91,36,469,4.4,0,83.26
2012,2,26,8,30,303,66,770,5,2,72.07000000000001
2012,2,26,9,30,503,84,890,5.1000000000000005,3,61.89
2012,2,26,10,30,663,94,954,5.1000000000000005,5,53.410000000000004
2012,2,26,11,30,769,93,1003,4.9,6,47.61
2012,2,26,12,30,804,94,1014,4.4,7,45.57
2012,2,26,13,30,768,93,1004,3.8000000000000003,7,47.77
2012,2,26,14,30,515,220,498,3.3000000000000003,7,53.69
2012,2,26,15,30,375,179,421,2.4000000000000004,6,62.25
2012,2,26,16,30,198,117,268,1.4000000000000001,4,72.47
2012,2,26,17,30,85,36,438,1.1,2,83.68
2012,2,26,18,30,0,0,0,1.1,2,95.43
2012,2,26,19,30,0,0,0,1.3,1,107.4
2012,2,26,20,30,0,0,0,1.5,0,119.3
2012,2,26,21,30,0,0,0,1.7000000000000002,-1,130.72
2012,2,26,22,30,0,0,0,2,-1,140.98
2012,2,26,23,30,0,0,0,2.6,0,148.73
2012,2,27,0,30,0,0,0,3.2,0,151.68
2012,2,27,1,30,0,0,0,3.4000000000000004,0,148.42000000000002
2012,2,27,2,30,0,0,0,3.6,0,140.49
2012,2,27,3,30,0,0,0,3.7,0,130.13
2012,2,27,4,30,0,0,0,3.3000000000000003,0,118.66
2012,2,27,5,30,0,0,0,3,0,106.74000000000001
2012,2,27,6,30,0,0,0,3.5,1,94.75
2012,2,27,7,30,86,44,344,4.800000000000001,3,82.99
2012,2,27,8,30,290,80,672,5.800000000000001,6,71.78
2012,2,27,9,30,487,99,814,6.1000000000000005,9,61.58
2012,2,27,10,30,643,109,889,5.9,12,53.07
2012,2,27,11,30,743,111,931,5.9,14,47.24
2012,2,27,12,30,519,358,227,6.2,15,45.19
2012,2,27,13,30,27,27,0,6.4,15,47.42
2012,2,27,14,30,13,13,0,6.1000000000000005,15,53.39
2012,2,27,15,30,153,151,5,4.800000000000001,14,61.99
2012,2,27,16,30,138,124,45,3.2,11,72.24
2012,2,27,17,30,77,43,305,2.5,9,83.47
2012,2,27,18,30,0,0,0,2.6,7,95.24
2012,2,27,19,30,0,0,0,2.7,6,107.22
2012,2,27,20,30,0,0,0,2.6,5,119.10000000000001
2012,2,27,21,30,0,0,0,2.5,5,130.5
2012,2,27,22,30,0,0,0,2.4000000000000004,4,140.72
2012,2,27,23,30,0,0,0,2.4000000000000004,4,148.4
2012,2,28,0,30,0,0,0,2.4000000000000004,3,151.3
2012,2,28,1,30,0,0,0,2.5,3,148.06
2012,2,28,2,30,0,0,0,2.9000000000000004,3,140.17000000000002
2012,2,28,3,30,0,0,0,4.1000000000000005,3,129.85
2012,2,28,4,30,0,0,0,5.6000000000000005,2,118.4
2012,2,28,5,30,0,0,0,6,1,106.48
2012,2,28,6,30,0,0,0,6.1000000000000005,1,94.49
2012,2,28,7,30,66,47,146,7.1000000000000005,1,82.72
2012,2,28,8,30,44,44,0,8.3,2,71.49
2012,2,28,9,30,283,222,126,9,2,61.26
2012,2,28,10,30,94,94,0,9.4,2,52.72
2012,2,28,11,30,170,165,6,9.3,3,46.87
2012,2,28,12,30,471,364,150,8.6,4,44.81
2012,2,28,13,30,615,263,517,7.7,5,47.07
2012,2,28,14,30,531,223,512,7.2,5,53.08
2012,2,28,15,30,382,183,419,6.800000000000001,5,61.730000000000004
2012,2,28,16,30,215,115,325,5.800000000000001,4,72.02
2012,2,28,17,30,82,43,334,4.6000000000000005,2,83.27
2012,2,28,18,30,0,0,0,4,0,95.05
2012,2,28,19,30,0,0,0,3.3000000000000003,0,107.03
2012,2,28,20,30,0,0,0,2.4000000000000004,-1,118.9
2012,2,28,21,30,0,0,0,1.9000000000000001,-2,130.27
2012,2,28,22,30,0,0,0,1.7000000000000002,-2,140.45000000000002
2012,2,28,23,30,0,0,0,1.5,-3,148.07
2012,3,1,0,30,0,0,0,1.7000000000000002,-1,150.54
2012,3,1,1,30,0,0,0,1.5,-2,147.32
2012,3,1,2,30,0,0,0,1.6,-2,139.52
2012,3,1,3,30,0,0,0,1.9000000000000001,-2,129.27
2012,3,1,4,30,0,0,0,2.1,-1,117.86
2012,3,1,5,30,0,0,0,2.5,0,105.96000000000001
2012,3,1,6,30,0,0,0,3,0,93.96000000000001
2012,3,1,7,30,27,27,0,3.7,2,82.17
2012,3,1,8,30,210,133,234,5,4,70.9
2012,3,1,9,30,331,225,216,6.4,5,60.620000000000005
2012,3,1,10,30,656,116,878,7.4,6,52.01
2012,3,1,11,30,577,322,367,8.1,7,46.11
2012,3,1,12,30,346,316,41,8.6,6,44.06
2012,3,1,13,30,68,68,0,8.6,5,46.37
2012,3,1,14,30,195,189,9,8.3,5,52.480000000000004
2012,3,1,15,30,386,190,407,7.4,5,61.21
2012,3,1,16,30,296,82,677,6,4,71.57000000000001
2012,3,1,17,30,94,46,381,4.7,2,82.87
2012,3,1,18,30,0,0,0,3.7,0,94.68
2012,3,1,19,30,0,0,0,2.7,-1,106.66
2012,3,1,20,30,0,0,0,1.8,-2,118.51
2012,3,1,21,30,0,0,0,1.2000000000000002,-2,129.83
2012,3,1,22,30,0,0,0,0.9,-2,139.91
2012,3,1,23,30,0,0,0,1.1,-1,147.4
2012,3,2,0,30,0,0,0,1.2000000000000002,-1,150.16
2012,3,2,1,30,0,0,0,1.3,-1,146.95000000000002
2012,3,2,2,30,0,0,0,2.8000000000000003,-1,139.19
2012,3,2,3,30,0,0,0,4.800000000000001,-2,128.97
2012,3,2,4,30,0,0,0,6.1000000000000005,-2,117.58
2012,3,2,5,30,0,0,0,6.2,-3,105.69
2012,3,2,6,30,0,0,0,6.300000000000001,-3,93.69
2012,3,2,7,30,8,8,0,7,-2,81.89
2012,3,2,8,30,27,27,0,7.6000000000000005,0,70.60000000000001
2012,3,2,9,30,551,93,925,7.7,0,60.29
2012,3,2,10,30,714,110,973,7.7,1,51.65
2012,3,2,11,30,816,125,990,7.7,2,45.730000000000004
2012,3,2,12,30,849,134,988,7.9,3,43.67
2012,3,2,13,30,571,325,353,8,3,46.02
2012,3,2,14,30,66,66,0,8,2,52.18
2012,3,2,15,30,411,171,494,7.4,1,60.96
2012,3,2,16,30,330,72,809,5.9,0,71.35000000000001
2012,3,2,17,30,109,37,563,3.9000000000000004,-1,82.67
2012,3,2,18,30,0,0,0,3,-3,94.49
2012,3,2,19,30,0,0,0,3.1,-4,106.47
2012,3,2,20,30,0,0,0,3.5,-5,118.31
2012,3,2,21,30,0,0,0,3.6,-5,129.6
2012,3,2,22,30,0,0,0,3.5,-6,139.64000000000001
2012,3,2,23,30,0,0,0,3.3000000000000003,-6,147.06
2012,3,3,0,30,0,0,0,3.2,-6,149.77
2012,3,3,1,30,0,0,0,3.2,-6,146.58
2012,3,3,2,30,0,0,0,3.1,-6,138.86
2012,3,3,3,30,0,0,0,3.1,-6,128.67000000000002
2012,3,3,4,30,0,0,0,3.1,-6,117.3
2012,3,3,5,30,0,0,0,3.1,-6,105.42
2012,3,3,6,30,0,0,0,3.5,-5,93.42
2012,3,3,7,30,121,45,523,4.5,-3,81.61
2012,3,3,8,30,345,75,801,5.6000000000000005,-1,70.3
2012,3,3,9,30,552,93,915,6.300000000000001,0,59.96
2012,3,3,10,30,714,104,975,6.7,2,51.300000000000004
2012,3,3,11,30,810,139,954,7,3,45.34
2012,3,3,12,30,841,152,946,7.1000000000000005,4,43.29
2012,3,3,13,30,800,151,929,6.9,5,45.67
2012,3,3,14,30,696,120,933,6.4,5,51.870000000000005
2012,3,3,15,30,529,106,864,5.7,5,60.7
2012,3,3,16,30,320,82,734,4.1000000000000005,3,71.13
2012,3,3,17,30,102,37,491,2.7,0,82.47
2012,3,3,18,30,0,0,0,2.3000000000000003,0,94.3
2012,3,3,19,30,0,0,0,2.3000000000000003,0,106.29
2012,3,3,20,30,0,0,0,2.3000000000000003,0,118.11
2012,3,3,21,30,0,0,0,2.3000000000000003,0,129.38
2012,3,3,22,30,0,0,0,2.3000000000000003,-1,139.36
2012,3,3,23,30,0,0,0,2.4000000000000004,-1,146.72
2012,3,4,0,30,0,0,0,2.5,-1,149.39000000000001
2012,3,4,1,30,0,0,0,2.4000000000000004,-2,146.20000000000002
2012,3,4,2,30,0,0,0,2.3000000000000003,-2,138.52
2012,3,4,3,30,0,0,0,2.3000000000000003,-2,128.37
2012,3,4,4,30,0,0,0,2.4000000000000004,-2,117.02
2012,3,4,5,30,0,0,0,2.4000000000000004,-2,105.15
2012,3,4,6,30,0,0,0,2.9000000000000004,-1,93.15
2012,3,4,7,30,64,55,58,3.6,0,81.32000000000001
2012,3,4,8,30,328,84,711,3.9000000000000004,3,70
2012,3,4,9,30,529,102,843,4.1000000000000005,6,59.64
2012,3,4,10,30,688,112,913,4.3,8,50.93
2012,3,4,11,30,780,135,912,4.5,9,44.96
2012,3,4,12,30,812,139,919,4.6000000000000005,10,42.9
2012,3,4,13,30,775,136,908,4.7,11,45.32
2012,3,4,14,30,685,101,939,4.7,11,51.57
2012,3,4,15,30,522,91,875,4.1000000000000005,10,60.44
2012,3,4,16,30,319,74,746,2.7,7,70.91
2012,3,4,17,30,102,45,422,1.9000000000000001,4,82.28
2012,3,4,18,30,0,0,0,1.6,2,94.12
2012,3,4,19,30,0,0,0,1.3,2,106.10000000000001
2012,3,4,20,30,0,0,0,1,2,117.92
2012,3,4,21,30,0,0,0,0.7000000000000001,2,129.15
2012,3,4,22,30,0,0,0,0.7000000000000001,2,139.09
2012,3,4,23,30,0,0,0,0.9,2,146.38
2012,3,5,0,30,0,0,0,1.1,1,149
2012,3,5,1,30,0,0,0,1.2000000000000002,1,145.83
2012,3,5,2,30,0,0,0,1.3,0,138.18
2012,3,5,3,30,0,0,0,1.3,0,128.06
2012,3,5,4,30,0,0,0,1.4000000000000001,0,116.74000000000001
2012,3,5,5,30,0,0,0,1.4000000000000001,0,104.87
2012,3,5,6,30,0,0,0,1.7000000000000002,1,92.87
2012,3,5,7,30,128,46,526,2.3000000000000003,4,81.04
2012,3,5,8,30,344,76,774,2.3000000000000003,7,69.7
2012,3,5,9,30,547,90,896,1.5,9,59.300000000000004
2012,3,5,10,30,707,98,959,1.2000000000000002,12,50.57
2012,3,5,11,30,799,116,959,1.6,14,44.57
2012,3,5,12,30,833,114,975,2,15,42.52
2012,3,5,13,30,796,110,969,2.3000000000000003,16,44.97
2012,3,5,14,30,692,101,944,2.3000000000000003,15,51.27
2012,3,5,15,30,528,92,878,1.5,14,60.19
2012,3,5,16,30,324,75,753,0.7000000000000001,12,70.69
2012,3,5,17,30,106,46,441,0.6000000000000001,10,82.08
2012,3,5,18,30,0,0,0,0.9,8,93.93
2012,3,5,19,30,0,0,0,1.2000000000000002,6,105.91
2012,3,5,20,30,0,0,0,1.5,5,117.72
2012,3,5,21,30,0,0,0,1.6,4,128.92000000000002
2012,3,5,22,30,0,0,0,1.7000000000000002,4,138.81
2012,3,5,23,30,0,0,0,1.7000000000000002,3,146.04
2012,3,6,0,30,0,0,0,1.6,3,148.61
2012,3,6,1,30,0,0,0,1.5,3,145.45000000000002
2012,3,6,2,30,0,0,0,1.4000000000000001,2,137.84
2012,3,6,3,30,0,0,0,1.4000000000000001,2,127.75
2012,3,6,4,30,0,0,0,1.5,1,116.45
2012,3,6,5,30,0,0,0,1.6,1,104.60000000000001
2012,3,6,6,30,0,0,0,1.9000000000000001,2,92.59
2012,3,6,7,30,111,46,403,2.6,5,80.75
2012,3,6,8,30,241,141,284,2.8000000000000003,8,69.39
2012,3,6,9,30,480,130,678,3.1,10,58.97
2012,3,6,10,30,498,302,305,3.9000000000000004,13,50.21
2012,3,6,11,30,650,296,493,4.800000000000001,15,44.18
2012,3,6,12,30,705,294,554,5.7,16,42.13
2012,3,6,13,30,676,266,575,6.6000000000000005,17,44.62
2012,3,6,14,30,584,216,584,7.2,18,50.97
2012,3,6,15,30,449,154,589,7,17,59.94
2012,3,6,16,30,325,47,832,5.7,14,70.47
2012,3,6,17,30,59,51,57,4.4,11,81.89
2012,3,6,18,30,0,0,0,3.9000000000000004,9,93.75
2012,3,6,19,30,0,0,0,4,8,105.73
2012,3,6,20,30,0,0,0,4.5,8,117.52
2012,3,6,21,30,0,0,0,5,8,128.69
2012,3,6,22,30,0,0,0,5.2,7,138.53
2012,3,6,23,30,0,0,0,5.1000000000000005,6,145.69
2012,3,7,0,30,0,0,0,5.1000000000000005,5,148.22
2012,3,7,1,30,0,0,0,4.9,5,145.06
2012,3,7,2,30,0,0,0,4.6000000000000005,4,137.5
2012,3,7,3,30,0,0,0,4.2,3,127.44
2012,3,7,4,30,0,0,0,3.7,2,116.16
2012,3,7,5,30,0,0,0,3.4000000000000004,2,104.32000000000001
2012,3,7,6,30,0,0,0,4,3,92.31
2012,3,7,7,30,47,47,0,5.300000000000001,5,80.46000000000001
2012,3,7,8,30,306,91,601,6.1000000000000005,6,69.08
2012,3,7,9,30,320,245,144,6,6,58.64
2012,3,7,10,30,313,283,46,5.800000000000001,7,49.84
2012,3,7,11,30,560,361,275,5.4,7,43.79
2012,3,7,12,30,348,320,36,4.800000000000001,7,41.74
2012,3,7,13,30,791,126,928,4,6,44.27
2012,3,7,14,30,536,268,422,3.3000000000000003,6,50.67
2012,3,7,15,30,528,99,848,2.9000000000000004,5,59.69
2012,3,7,16,30,214,139,221,2,4,70.25
2012,3,7,17,30,68,53,107,1.3,2,81.69
2012,3,7,18,30,0,0,0,1.3,0,93.56
2012,3,7,19,30,0,0,0,1.3,0,105.54
2012,3,7,20,30,0,0,0,1.4000000000000001,0,117.32000000000001
2012,3,7,21,30,0,0,0,1.3,-1,128.46
2012,3,7,22,30,0,0,0,1.2000000000000002,-1,138.25
2012,3,7,23,30,0,0,0,1.1,0,145.35
2012,3,8,0,30,0,0,0,0.8,0,147.83
2012,3,8,1,30,0,0,0,0.4,0,144.68
2012,3,8,2,30,0,0,0,0.30000000000000004,0,137.15
2012,3,8,3,30,0,0,0,0.4,0,127.13000000000001
2012,3,8,4,30,0,0,0,0.5,0,115.87
2012,3,8,5,30,0,0,0,0.7000000000000001,0,104.03
2012,3,8,6,30,0,0,0,0.9,0,92.03
2012,3,8,7,30,39,39,0,1.7000000000000002,2,80.17
2012,3,8,8,30,329,119,579,2.9000000000000004,5,68.77
2012,3,8,9,30,525,143,727,3.5,7,58.300000000000004
2012,3,8,10,30,680,157,804,3.3000000000000003,8,49.480000000000004
2012,3,8,11,30,775,171,832,2.8000000000000003,9,43.4
2012,3,8,12,30,806,173,843,2.2,10,41.35
2012,3,8,13,30,768,166,835,1.8,11,43.92
2012,3,8,14,30,676,125,864,1.7000000000000002,11,50.38
2012,3,8,15,30,411,200,414,1.6,10,59.44
2012,3,8,16,30,247,125,355,1.1,9,70.04
2012,3,8,17,30,53,51,11,0.4,7,81.5
2012,3,8,18,30,0,0,0,0.4,6,93.38
2012,3,8,19,30,0,0,0,0.7000000000000001,5,105.36
2012,3,8,20,30,0,0,0,0.7000000000000001,4,117.12
2012,3,8,21,30,0,0,0,0.30000000000000004,4,128.23
2012,3,8,22,30,0,0,0,0.4,3,137.97
2012,3,8,23,30,0,0,0,1,2,145
2012,3,9,0,30,0,0,0,1.2000000000000002,0,147.44
2012,3,9,1,30,0,0,0,1.4000000000000001,0,144.29
2012,3,9,2,30,0,0,0,1.6,0,136.8
2012,3,9,3,30,0,0,0,1.7000000000000002,-1,126.81
2012,3,9,4,30,0,0,0,1.7000000000000002,-1,115.57000000000001
2012,3,9,5,30,0,0,0,1.7000000000000002,-1,103.75
2012,3,9,6,30,0,0,0,2.3000000000000003,0,91.75
2012,3,9,7,30,86,66,116,3.1,2,79.87
2012,3,9,8,30,366,77,787,3.2,4,68.46000000000001
2012,3,9,9,30,570,90,904,2.8000000000000003,7,57.96
2012,3,9,10,30,729,98,963,2.4000000000000004,9,49.11
2012,3,9,11,30,824,109,977,1.9000000000000001,10,43.01
2012,3,9,12,30,854,110,984,1.4000000000000001,11,40.96
2012,3,9,13,30,814,109,972,1,12,43.57
2012,3,9,14,30,705,106,933,1,12,50.08
2012,3,9,15,30,540,96,866,1.3,12,59.19
2012,3,9,16,30,334,79,738,1.3,10,69.82000000000001
2012,3,9,17,30,117,49,451,1.3,6,81.3
2012,3,9,18,30,0,0,0,1.5,3,93.19
2012,3,9,19,30,0,0,0,1.4000000000000001,2,105.17
2012,3,9,20,30,0,0,0,1.4000000000000001,1,116.92
2012,3,9,21,30,0,0,0,1.5,0,128
2012,3,9,22,30,0,0,0,1.6,0,137.69
2012,3,9,23,30,0,0,0,1.7000000000000002,0,144.65
2012,3,10,0,30,0,0,0,1.6,-1,147.04
2012,3,10,1,30,0,0,0,1.4000000000000001,-1,143.91
2012,3,10,2,30,0,0,0,1.2000000000000002,-1,136.45
2012,3,10,3,30,0,0,0,1.1,-1,126.49000000000001
2012,3,10,4,30,0,0,0,1,-1,115.27
2012,3,10,5,30,0,0,0,0.9,-1,103.46000000000001
2012,3,10,6,30,0,0,0,0.9,0,91.46000000000001
2012,3,10,7,30,90,68,120,1.2000000000000002,2,79.58
2012,3,10,8,30,354,89,710,1.2000000000000002,5,68.15
2012,3,10,9,30,550,107,829,1,8,57.63
2012,3,10,10,30,704,118,888,0.8,9,48.74
2012,3,10,11,30,594,358,320,0.7000000000000001,10,42.61
2012,3,10,12,30,475,388,113,0.9,11,40.57
2012,3,10,13,30,790,128,908,1.6,12,43.21
2012,3,10,14,30,688,114,888,2.4000000000000004,12,49.78
2012,3,10,15,30,529,100,830,3.2,11,58.94
2012,3,10,16,30,329,79,717,3.3000000000000003,10,69.61
2012,3,10,17,30,118,47,461,2.8000000000000003,7,81.11
2012,3,10,18,30,0,0,0,2.5,4,93.01
2012,3,10,19,30,0,0,0,2.2,3,104.99000000000001
2012,3,10,20,30,0,0,0,1.8,2,116.71000000000001
2012,3,10,21,30,0,0,0,1.5,1,127.77
2012,3,10,22,30,0,0,0,1.4000000000000001,1,137.4
2012,3,10,23,30,0,0,0,1.2000000000000002,0,144.31
2012,3,11,0,30,0,0,0,1.2000000000000002,0,146.65
2012,3,11,1,30,0,0,0,1.1,0,143.52
2012,3,11,2,30,0,0,0,1.1,0,136.09
2012,3,11,3,30,0,0,0,1.2000000000000002,0,126.17
2012,3,11,4,30,0,0,0,1.3,-1,114.97
2012,3,11,5,30,0,0,0,1.5,-1,103.17
2012,3,11,6,30,0,0,0,2.2,0,91.17
2012,3,11,7,30,154,53,541,3.2,2,79.28
2012,3,11,8,30,373,81,774,4.3,6,67.84
2012,3,11,9,30,532,105,789,5.2,9,57.29
2012,3,11,10,30,729,109,932,5.4,11,48.370000000000005
2012,3,11,11,30,824,119,952,5.300000000000001,13,42.22
2012,3,11,12,30,854,122,957,5.300000000000001,14,40.18
2012,3,11,13,30,813,120,946,5.4,15,42.86
2012,3,11,14,30,711,104,935,5.4,15,49.49
2012,3,11,15,30,547,92,876,4.9,14,58.69
2012,3,11,16,30,341,76,754,3.2,12,69.4
2012,3,11,17,30,122,49,462,1.7000000000000002,8,80.92
2012,3,11,18,30,0,0,0,1.6,6,92.83
2012,3,11,19,30,0,0,0,1.5,5,104.8
2012,3,11,20,30,0,0,0,1.5,4,116.51
2012,3,11,21,30,0,0,0,1.6,3,127.53
2012,3,11,22,30,0,0,0,1.9000000000000001,2,137.12
2012,3,11,23,30,0,0,0,1.9000000000000001,0,143.96
2012,3,12,0,30,0,0,0,1.6,0,146.25
2012,3,12,1,30,0,0,0,1.3,0,143.13
2012,3,12,2,30,0,0,0,0.9,0,135.74
2012,3,12,3,30,0,0,0,0.4,0,125.85000000000001
2012,3,12,4,30,0,0,0,0.30000000000000004,0,114.67
2012,3,12,5,30,0,0,0,0.5,0,102.88
2012,3,12,6,30,0,0,0,0.8,1,90.88
2012,3,12,7,30,95,73,117,1,5,78.99
2012,3,12,8,30,196,163,86,1.3,9,67.52
2012,3,12,9,30,495,160,613,1.7000000000000002,12,56.95
2012,3,12,10,30,569,281,430,2,13,48
2012,3,12,11,30,715,282,581,2.3000000000000003,15,41.82
2012,3,12,12,30,687,327,469,2.4000000000000004,16,39.79
2012,3,12,13,30,627,329,404,2.3000000000000003,16,42.51
2012,3,12,14,30,426,325,153,2.2,17,49.19
2012,3,12,15,30,547,70,911,1.8,16,58.45
2012,3,12,16,30,341,50,817,1,14,69.19
2012,3,12,17,30,44,44,0,0.8,11,80.73
2012,3,12,18,30,0,0,0,1.2000000000000002,9,92.65
2012,3,12,19,30,0,0,0,1.5,7,104.61
2012,3,12,20,30,0,0,0,1.6,6,116.31
2012,3,12,21,30,0,0,0,1.7000000000000002,5,127.3
2012,3,12,22,30,0,0,0,1.6,4,136.83
2012,3,12,23,30,0,0,0,1.5,2,143.6
2012,3,13,0,30,0,0,0,1.4000000000000001,1,145.86
2012,3,13,1,30,0,0,0,1.3,1,142.74
2012,3,13,2,30,0,0,0,1.3,1,135.38
2012,3,13,3,30,0,0,0,1.3,0,125.52
2012,3,13,4,30,0,0,0,1.4000000000000001,0,114.37
2012,3,13,5,30,0,0,0,1.5,0,102.59
2012,3,13,6,30,0,0,0,2.1,2,90.59
2012,3,13,7,30,172,51,614,3,5,78.69
2012,3,13,8,30,397,75,832,2.8000000000000003,9,67.21000000000001
2012,3,13,9,30,601,89,931,2.6,13,56.61
2012,3,13,10,30,760,97,984,3,15,47.62
2012,3,13,11,30,860,99,1014,3.4000000000000004,17,41.42
2012,3,13,12,30,890,101,1021,3.6,18,39.4
2012,3,13,13,30,849,100,1011,3.7,19,42.160000000000004
2012,3,13,14,30,743,90,993,3.6,19,48.9
2012,3,13,15,30,577,80,942,3.2,18,58.21
2012,3,13,16,30,367,68,832,2.1,15,68.98
2012,3,13,17,30,140,45,579,1.4000000000000001,11,80.54
2012,3,13,18,30,0,0,0,1.5,9,92.47
2012,3,13,19,30,0,0,0,1.5,8,104.43
2012,3,13,20,30,0,0,0,1.5,6,116.11
2012,3,13,21,30,0,0,0,1.4000000000000001,5,127.06
2012,3,13,22,30,0,0,0,1.3,4,136.54
2012,3,13,23,30,0,0,0,1.2000000000000002,3,143.25
2012,3,14,0,30,0,0,0,1,2,145.46
2012,3,14,1,30,0,0,0,0.7000000000000001,2,142.34
2012,3,14,2,30,0,0,0,0.6000000000000001,1,135.02
2012,3,14,3,30,0,0,0,0.7000000000000001,1,125.2
2012,3,14,4,30,0,0,0,0.9,1,114.06
2012,3,14,5,30,0,0,0,1,1,102.29
2012,3,14,6,30,0,0,0,0.9,3,90.29
2012,3,14,7,30,180,52,634,1,7,78.39
2012,3,14,8,30,409,73,856,1.5,11,66.89
2012,3,14,9,30,614,87,950,2.2,14,56.27
2012,3,14,10,30,772,96,996,2.8000000000000003,15,47.25
2012,3,14,11,30,867,105,1010,3.1,16,41.02
2012,3,14,12,30,895,106,1015,3.1,17,39
2012,3,14,13,30,852,104,1003,2.9000000000000004,18,41.82
2012,3,14,14,30,744,92,986,2.5,18,48.61
2012,3,14,15,30,576,82,931,2,17,57.96
2012,3,14,16,30,367,67,829,1.1,15,68.77
2012,3,14,17,30,143,42,606,0.4,13,80.35000000000001
2012,3,14,18,30,0,0,0,0.4,12,92.28
2012,3,14,19,30,0,0,0,0.7000000000000001,10,104.24000000000001
2012,3,14,20,30,0,0,0,0.9,9,115.9
2012,3,14,21,30,0,0,0,1,8,126.82000000000001
2012,3,14,22,30,0,0,0,1.1,6,136.25
2012,3,14,23,30,0,0,0,1.1,5,142.9
2012,3,15,0,30,0,0,0,1.1,4,145.06
2012,3,15,1,30,0,0,0,1,3,141.95000000000002
2012,3,15,2,30,0,0,0,1,3,134.66
2012,3,15,3,30,0,0,0,1,3,124.87
2012,3,15,4,30,0,0,0,1.1,3,113.76
2012,3,15,5,30,0,0,0,1.1,3,102
2012,3,15,6,30,0,0,0,1,4,90
2012,3,15,7,30,179,47,635,1.3,8,78.09
2012,3,15,8,30,399,67,834,1.5,12,66.58
2012,3,15,9,30,596,79,922,1.5,15,55.92
2012,3,15,10,30,749,87,968,1.8,17,46.88
2012,3,15,11,30,841,99,976,2,18,40.63
2012,3,15,12,30,868,102,979,2.1,19,38.61
2012,3,15,13,30,826,102,967,2.2,19,41.47
2012,3,15,14,30,725,85,963,2.1,19,48.32
2012,3,15,15,30,563,76,912,1.8,19,57.72
2012,3,15,16,30,360,63,813,1.1,17,68.57000000000001
2012,3,15,17,30,141,42,577,0.8,15,80.17
2012,3,15,18,30,0,0,0,1,13,92.10000000000001
2012,3,15,19,30,0,0,0,1.1,12,104.06
2012,3,15,20,30,0,0,0,1.2000000000000002,10,115.7
2012,3,15,21,30,0,0,0,1.2000000000000002,9,126.58
2012,3,15,22,30,0,0,0,1.3,8,135.96
2012,3,15,23,30,0,0,0,1.4000000000000001,7,142.55
2012,3,16,0,30,0,0,0,1.5,5,144.67000000000002
2012,3,16,1,30,0,0,0,1.4000000000000001,5,141.56
2012,3,16,2,30,0,0,0,1.3,4,134.3
2012,3,16,3,30,0,0,0,1.2000000000000002,3,124.54
2012,3,16,4,30,0,0,0,1.2000000000000002,3,113.45
2012,3,16,5,30,0,0,0,1.2000000000000002,3,101.7
2012,3,16,6,30,0,0,0,1.5,5,89.71000000000001
2012,3,16,7,30,185,51,633,2.1,9,77.79
2012,3,16,8,30,410,70,843,2.7,13,66.26
2012,3,16,9,30,612,84,934,3,16,55.58
2012,3,16,10,30,768,93,981,3.5,18,46.5
2012,3,16,11,30,862,103,994,3.7,19,40.230000000000004
2012,3,16,12,30,889,104,999,3.6,20,38.22
2012,3,16,13,30,846,102,987,3.6,21,41.12
2012,3,16,14,30,738,91,967,3.6,21,48.03
2012,3,16,15,30,571,81,912,3.5,20,57.49
2012,3,16,16,30,364,67,805,2.4000000000000004,18,68.36
2012,3,16,17,30,109,57,294,1.5,14,79.98
2012,3,16,18,30,0,0,0,1.5,11,91.92
2012,3,16,19,30,0,0,0,1.5,10,103.87
2012,3,16,20,30,0,0,0,1.5,9,115.5
2012,3,16,21,30,0,0,0,1.7000000000000002,8,126.35000000000001
2012,3,16,22,30,0,0,0,1.7000000000000002,6,135.67000000000002
2012,3,16,23,30,0,0,0,1.6,5,142.19
2012,3,17,0,30,0,0,0,1.4000000000000001,4,144.27
2012,3,17,1,30,0,0,0,1.4000000000000001,3,141.16
2012,3,17,2,30,0,0,0,1.4000000000000001,3,133.93
2012,3,17,3,30,0,0,0,1.7000000000000002,3,124.21000000000001
2012,3,17,4,30,0,0,0,2.1,4,113.14
2012,3,17,5,30,0,0,0,2.7,4,101.41
2012,3,17,6,30,0,0,0,3.5,5,89.41
2012,3,17,7,30,125,81,204,4.1000000000000005,7,77.49
2012,3,17,8,30,341,125,530,4.3,11,65.94
2012,3,17,9,30,596,82,902,5.1000000000000005,15,55.24
2012,3,17,10,30,428,346,118,5.800000000000001,17,46.13
2012,3,17,11,30,514,399,149,6.1000000000000005,18,39.83
2012,3,17,12,30,683,354,416,6.4,19,37.82
2012,3,17,13,30,463,384,104,6.5,19,40.77
2012,3,17,14,30,310,284,37,6.1000000000000005,18,47.75
2012,3,17,15,30,106,106,0,5.1000000000000005,17,57.25
2012,3,17,16,30,202,160,113,3.7,15,68.16
2012,3,17,17,30,44,44,0,2.7,12,79.8
2012,3,17,18,30,0,0,0,2.3000000000000003,10,91.75
2012,3,17,19,30,0,0,0,2.3000000000000003,9,103.69
2012,3,17,20,30,0,0,0,2.3000000000000003,9,115.29
2012,3,17,21,30,0,0,0,2.3000000000000003,8,126.11
2012,3,17,22,30,0,0,0,2.3000000000000003,8,135.38
2012,3,17,23,30,0,0,0,2.5,8,141.84
2012,3,18,0,30,0,0,0,2.9000000000000004,8,143.87
2012,3,18,1,30,0,0,0,3.4000000000000004,8,140.77
2012,3,18,2,30,0,0,0,4,7,133.57
2012,3,18,3,30,0,0,0,4.6000000000000005,7,123.87
2012,3,18,4,30,0,0,0,5,7,112.83
2012,3,18,5,30,0,0,0,5.4,7,101.11
2012,3,18,6,30,0,0,0,6.1000000000000005,7,89.12
2012,3,18,7,30,173,78,428,7,8,77.18
2012,3,18,8,30,191,170,51,7.7,9,65.62
2012,3,18,9,30,113,113,0,8.4,10,54.9
2012,3,18,10,30,91,91,0,9.200000000000001,10,45.76
2012,3,18,11,30,598,395,262,9.700000000000001,9,39.43
2012,3,18,12,30,307,290,21,9.8,7,37.43
2012,3,18,13,30,108,108,0,9.3,6,40.43
2012,3,18,14,30,220,211,12,8.4,5,47.46
2012,3,18,15,30,195,188,13,7.800000000000001,5,57.01
2012,3,18,16,30,375,73,804,7.1000000000000005,4,67.95
2012,3,18,17,30,155,54,561,5.1000000000000005,2,79.61
2012,3,18,18,30,0,0,0,2.9000000000000004,0,91.57000000000001
2012,3,18,19,30,0,0,0,1.9000000000000001,0,103.5
2012,3,18,20,30,0,0,0,1.9000000000000001,0,115.09
2012,3,18,21,30,0,0,0,2.4000000000000004,0,125.87
2012,3,18,22,30,0,0,0,2.7,0,135.08
2012,3,18,23,30,0,0,0,2.6,0,141.48
2012,3,19,0,30,0,0,0,2.3000000000000003,-1,143.47
2012,3,19,1,30,0,0,0,2,-1,140.37
2012,3,19,2,30,0,0,0,1.7000000000000002,-2,133.2
2012,3,19,3,30,0,0,0,1.6,-2,123.54
2012,3,19,4,30,0,0,0,1.6,-2,112.52
2012,3,19,5,30,0,0,0,1.7000000000000002,-2,100.81
2012,3,19,6,30,7,7,0,2,-1,88.82000000000001
2012,3,19,7,30,116,89,122,2.5,0,76.88
2012,3,19,8,30,378,90,688,2.7,0,65.31
2012,3,19,9,30,549,156,677,2.9000000000000004,1,54.56
2012,3,19,10,30,677,239,623,3.2,1,45.38
2012,3,19,11,30,835,163,865,3.6,1,39.03
2012,3,19,12,30,196,187,11,3.9000000000000004,2,37.04
2012,3,19,13,30,603,384,286,4.1000000000000005,2,40.09
2012,3,19,14,30,684,172,753,4.3,2,47.18
2012,3,19,15,30,276,246,55,4.3,1,56.78
2012,3,19,16,30,298,129,446,4,0,67.75
2012,3,19,17,30,68,65,17,3.2,0,79.43
2012,3,19,18,30,0,0,0,2.3000000000000003,0,91.39
2012,3,19,19,30,0,0,0,2,-1,103.32000000000001
2012,3,19,20,30,0,0,0,2,-2,114.88
2012,3,19,21,30,0,0,0,2.2,-2,125.62
2012,3,19,22,30,0,0,0,2.3000000000000003,-3,134.79
2012,3,19,23,30,0,0,0,2.3000000000000003,-3,141.13
2012,3,20,0,30,0,0,0,2.4000000000000004,-4,143.08
2012,3,20,1,30,0,0,0,2.5,-4,139.98
2012,3,20,2,30,0,0,0,2.6,-4,132.84
2012,3,20,3,30,0,0,0,2.7,-4,123.2
2012,3,20,4,30,0,0,0,2.6,-4,112.21000000000001
2012,3,20,5,30,0,0,0,2.7,-4,100.51
2012,3,20,6,30,17,17,0,3.4000000000000004,-2,88.53
2012,3,20,7,30,214,51,702,4.1000000000000005,0,76.58
2012,3,20,8,30,443,70,882,4.4,3,64.99
2012,3,20,9,30,647,80,970,4.6000000000000005,5,54.22
2012,3,20,10,30,804,85,1016,4.9,6,45.01
2012,3,20,11,30,897,95,1026,5,7,38.63
2012,3,20,12,30,923,96,1030,5.2,8,36.65
2012,3,20,13,30,878,96,1017,5.6000000000000005,9,39.74
2012,3,20,14,30,767,89,992,5.9,9,46.9
2012,3,20,15,30,600,80,943,6,8,56.550000000000004
2012,3,20,16,30,390,66,850,5.2,7,67.55
2012,3,20,17,30,163,44,637,3.8000000000000003,4,79.24
2012,3,20,18,30,0,0,0,3.1,1,91.21000000000001
2012,3,20,19,30,0,0,0,2.8000000000000003,0,103.13
2012,3,20,20,30,0,0,0,2.4000000000000004,0,114.67
2012,3,20,21,30,0,0,0,2.2,-1,125.38000000000001
2012,3,20,22,30,0,0,0,2.1,-1,134.5
2012,3,20,23,30,0,0,0,2,-2,140.77
2012,3,21,0,30,0,0,0,1.9000000000000001,-2,142.68
2012,3,21,1,30,0,0,0,1.8,-2,139.58
2012,3,21,2,30,0,0,0,1.8,-2,132.47
2012,3,21,3,30,0,0,0,1.8,-2,122.87
2012,3,21,4,30,0,0,0,1.9000000000000001,-2,111.89
2012,3,21,5,30,0,0,0,2.2,-1,100.21000000000001
2012,3,21,6,30,20,20,0,2.9000000000000004,0,88.23
2012,3,21,7,30,213,51,685,4,3,76.28
2012,3,21,8,30,436,69,859,4.800000000000001,6,64.67
2012,3,21,9,30,636,79,944,5.2,9,53.870000000000005
2012,3,21,10,30,717,189,742,5.6000000000000005,11,44.64
2012,3,21,11,30,880,99,993,6.2,13,38.230000000000004
2012,3,21,12,30,775,338,541,6.800000000000001,14,36.26
2012,3,21,13,30,866,99,992,7.300000000000001,15,39.4
2012,3,21,14,30,761,87,981,7.5,15,46.62
2012,3,21,15,30,597,78,936,7.2,14,56.32
2012,3,21,16,30,390,65,846,6,13,67.35
2012,3,21,17,30,166,44,641,4.1000000000000005,9,79.06
2012,3,21,18,30,0,0,0,2.9000000000000004,6,91.03
2012,3,21,19,30,0,0,0,2.5,4,102.94
2012,3,21,20,30,0,0,0,2.1,3,114.47
2012,3,21,21,30,0,0,0,1.9000000000000001,2,125.14
2012,3,21,22,30,0,0,0,1.6,1,134.2
2012,3,21,23,30,0,0,0,1.4000000000000001,1,140.41
2012,3,22,0,30,0,0,0,1.2000000000000002,0,142.28
2012,3,22,1,30,0,0,0,1.1,0,139.19
2012,3,22,2,30,0,0,0,1,1,132.1
2012,3,22,3,30,0,0,0,1,0,122.53
2012,3,22,4,30,0,0,0,1.1,0,111.58
2012,3,22,5,30,0,0,0,1.2000000000000002,0,99.91
2012,3,22,6,30,25,25,0,1.5,2,87.93
2012,3,22,7,30,230,48,749,2.2,5,75.98
2012,3,22,8,30,458,64,910,2.7,9,64.36
2012,3,22,9,30,660,74,985,3.3000000000000003,13,53.53
2012,3,22,10,30,814,80,1024,3.7,16,44.26
2012,3,22,11,30,906,86,1037,3.9000000000000004,17,37.83
2012,3,22,12,30,931,87,1041,4.1000000000000005,18,35.87
2012,3,22,13,30,886,86,1030,4.3,19,39.06
2012,3,22,14,30,777,79,1010,4.4,19,46.34
2012,3,22,15,30,609,73,960,4.3,18,56.09
2012,3,22,16,30,398,64,861,3.2,16,67.16
2012,3,22,17,30,171,44,661,1.9000000000000001,12,78.88
2012,3,22,18,30,0,0,0,1.5,9,90.85000000000001
2012,3,22,19,30,0,0,0,1.4000000000000001,9,102.76
2012,3,22,20,30,0,0,0,1.2000000000000002,9,114.26
2012,3,22,21,30,0,0,0,1,9,124.9
2012,3,22,22,30,0,0,0,0.5,8,133.9
2012,3,22,23,30,0,0,0,0.4,7,140.06
2012,3,23,0,30,0,0,0,0.7000000000000001,6,141.88
2012,3,23,1,30,0,0,0,1.1,4,138.79
2012,3,23,2,30,0,0,0,1.3,3,131.74
2012,3,23,3,30,0,0,0,1.4000000000000001,2,122.2
2012,3,23,4,30,0,0,0,1.6,2,111.27
2012,3,23,5,30,0,0,0,1.7000000000000002,2,99.61
2012,3,23,6,30,28,28,0,2.3000000000000003,4,87.64
2012,3,23,7,30,232,48,747,3,9,75.68
2012,3,23,8,30,459,61,909,2.9000000000000004,13,64.04
2012,3,23,9,30,658,72,976,2.7,16,53.19
2012,3,23,10,30,809,81,1010,2.8000000000000003,19,43.89
2012,3,23,11,30,891,108,986,2.9000000000000004,20,37.43
2012,3,23,12,30,914,114,981,2.8000000000000003,21,35.47
2012,3,23,13,30,868,113,967,2.6,22,38.72
2012,3,23,14,30,766,89,976,2.3000000000000003,22,46.07
2012,3,23,15,30,600,81,924,2,21,55.86
2012,3,23,16,30,391,70,819,1.3,19,66.96000000000001
2012,3,23,17,30,168,46,623,0.7000000000000001,16,78.7
2012,3,23,18,30,0,0,0,0.5,14,90.68
2012,3,23,19,30,0,0,0,0.4,13,102.57000000000001
2012,3,23,20,30,0,0,0,0.2,12,114.05
2012,3,23,21,30,0,0,0,0.30000000000000004,11,124.65
2012,3,23,22,30,0,0,0,0.4,10,133.61
2012,3,23,23,30,0,0,0,0.6000000000000001,9,139.70000000000002
2012,3,24,0,30,0,0,0,0.9,8,141.49
2012,3,24,1,30,0,0,0,1,7,138.4
2012,3,24,2,30,0,0,0,0.9,6,131.37
2012,3,24,3,30,0,0,0,0.9,6,121.86
2012,3,24,4,30,0,0,0,0.8,6,110.95
2012,3,24,5,30,0,0,0,0.8,6,99.31
2012,3,24,6,30,29,18,241,0.7000000000000001,8,87.34
2012,3,24,7,30,232,53,710,0.9,11,75.38
2012,3,24,8,30,460,67,888,1.4000000000000001,15,63.730000000000004
2012,3,24,9,30,659,78,962,2.1,18,52.86
2012,3,24,10,30,811,86,999,2.5,19,43.52
2012,3,24,11,30,898,102,997,2.7,20,37.03
2012,3,24,12,30,920,108,992,2.6,21,35.09
2012,3,24,13,30,874,106,979,2.4000000000000004,22,38.39
2012,3,24,14,30,768,91,971,2.2,22,45.800000000000004
2012,3,24,15,30,515,170,611,1.9000000000000001,21,55.64
2012,3,24,16,30,322,124,502,1.4000000000000001,19,66.77
2012,3,24,17,30,89,75,70,1.1,16,78.52
2012,3,24,18,30,0,0,0,1.4000000000000001,14,90.5
2012,3,24,19,30,0,0,0,1.5,12,102.39
2012,3,24,20,30,0,0,0,1.6,11,113.85000000000001
2012,3,24,21,30,0,0,0,1.7000000000000002,10,124.41
2012,3,24,22,30,0,0,0,1.9000000000000001,9,133.31
2012,3,24,23,30,0,0,0,2,9,139.34
2012,3,25,0,30,0,0,0,2.1,8,141.09
2012,3,25,1,30,0,0,0,2.2,8,138
2012,3,25,2,30,0,0,0,2.4000000000000004,7,131
2012,3,25,3,30,0,0,0,2.8000000000000003,7,121.52
2012,3,25,4,30,0,0,0,3.2,6,110.64
2012,3,25,5,30,0,0,0,3.5,6,99.01
2012,3,25,6,30,26,26,0,4.1000000000000005,9,87.05
2012,3,25,7,30,161,96,254,4.6000000000000005,12,75.08
2012,3,25,8,30,170,162,17,4.4,15,63.42
2012,3,25,9,30,191,185,9,4.2,18,52.52
2012,3,25,10,30,443,364,107,4.3,21,43.15
2012,3,25,11,30,589,419,211,4.4,22,36.64
2012,3,25,12,30,550,432,143,4.3,23,34.7
2012,3,25,13,30,599,404,247,4.2,23,38.050000000000004
2012,3,25,14,30,360,320,57,4,23,45.52
2012,3,25,15,30,304,259,79,2.9000000000000004,22,55.42
2012,3,25,16,30,119,119,0,1.9000000000000001,19,66.58
2012,3,25,17,30,23,23,0,1.9000000000000001,16,78.35000000000001
2012,3,25,18,30,0,0,0,2,14,90.32000000000001
2012,3,25,19,30,0,0,0,2,12,102.2
2012,3,25,20,30,0,0,0,1.7000000000000002,11,113.64
2012,3,25,21,30,0,0,0,1.5,10,124.16
2012,3,25,22,30,0,0,0,1.2000000000000002,10,133.01
2012,3,25,23,30,0,0,0,1.2000000000000002,9,138.98
2012,3,26,0,30,0,0,0,1.3,9,140.69
2012,3,26,1,30,0,0,0,1.5,8,137.61
2012,3,26,2,30,0,0,0,1.6,7,130.64000000000001
2012,3,26,3,30,0,0,0,1.5,6,121.19
2012,3,26,4,30,0,0,0,1.5,5,110.32000000000001
2012,3,26,5,30,0,0,0,1.4000000000000001,5,98.71000000000001
2012,3,26,6,30,30,23,121,2.1,8,86.75
2012,3,26,7,30,226,72,583,4.2,11,74.78
2012,3,26,8,30,448,96,778,5.9,12,63.1
2012,3,26,9,30,646,110,874,6.300000000000001,14,52.18
2012,3,26,10,30,800,119,927,6.5,15,42.78
2012,3,26,11,30,892,125,951,6.6000000000000005,16,36.24
2012,3,26,12,30,917,126,958,6.7,17,34.31
2012,3,26,13,30,872,123,947,6.6000000000000005,18,37.72
2012,3,26,14,30,763,115,919,6.300000000000001,18,45.26
2012,3,26,15,30,596,106,857,5.7,17,55.2
2012,3,26,16,30,388,89,746,4.4,15,66.39
2012,3,26,17,30,167,59,526,2.7,11,78.17
2012,3,26,18,30,0,0,0,1.9000000000000001,8,90.15
2012,3,26,19,30,0,0,0,1.8,6,102.02
2012,3,26,20,30,0,0,0,1.7000000000000002,5,113.43
2012,3,26,21,30,0,0,0,1.5,5,123.91
2012,3,26,22,30,0,0,0,1.4000000000000001,4,132.71
2012,3,26,23,30,0,0,0,1.2000000000000002,4,138.63
2012,3,27,0,30,0,0,0,1.1,4,140.3
2012,3,27,1,30,0,0,0,0.9,4,137.21
2012,3,27,2,30,0,0,0,0.7000000000000001,4,130.27
2012,3,27,3,30,0,0,0,0.5,5,120.85000000000001
2012,3,27,4,30,0,0,0,0.5,4,110.01
2012,3,27,5,30,0,0,0,0.8,4,98.41
2012,3,27,6,30,30,23,112,1.2000000000000002,5,86.46000000000001
2012,3,27,7,30,239,67,642,1.6,9,74.48
2012,3,27,8,30,463,88,820,1.6,12,62.79
2012,3,27,9,30,662,102,906,1.7000000000000002,15,51.85
2012,3,27,10,30,815,111,953,1.9000000000000001,17,42.410000000000004
2012,3,27,11,30,905,121,967,2.1,18,35.84
2012,3,27,12,30,930,123,972,2.2,19,33.92
2012,3,27,13,30,885,122,960,2.1,20,37.39
2012,3,27,14,30,778,107,948,1.8,21,44.99
2012,3,27,15,30,611,97,894,1.5,20,54.980000000000004
2012,3,27,16,30,402,82,793,0.9,19,66.2
2012,3,27,17,30,175,58,563,0.4,16,77.99
2012,3,27,18,30,0,0,0,0.30000000000000004,14,89.97
2012,3,27,19,30,0,0,0,0.2,13,101.83
2012,3,27,20,30,0,0,0,0.4,12,113.22
2012,3,27,21,30,0,0,0,0.8,11,123.67
2012,3,27,22,30,0,0,0,1.2000000000000002,9,132.41
2012,3,27,23,30,0,0,0,1.5,7,138.27
2012,3,28,0,30,0,0,0,1.7000000000000002,5,139.91
2012,3,28,1,30,0,0,0,1.5,4,136.82
2012,3,28,2,30,0,0,0,0.9,4,129.9
2012,3,28,3,30,0,0,0,0.7000000000000001,3,120.51
2012,3,28,4,30,0,0,0,0.9,2,109.7
2012,3,28,5,30,0,0,0,1.1,2,98.11
2012,3,28,6,30,39,27,174,1.7000000000000002,5,86.16
2012,3,28,7,30,242,75,611,2.2,9,74.18
2012,3,28,8,30,467,97,801,2.3000000000000003,13,62.480000000000004
2012,3,28,9,30,665,113,888,2.3000000000000003,16,51.51
2012,3,28,10,30,817,122,935,2.4000000000000004,17,42.050000000000004
2012,3,28,11,30,907,129,954,2.4000000000000004,19,35.45
2012,3,28,12,30,930,132,956,2.4000000000000004,20,33.54
2012,3,28,13,30,883,129,945,2.5,20,37.06
2012,3,28,14,30,774,117,924,2.4000000000000004,21,44.72
2012,3,28,15,30,607,106,869,2.1,20,54.76
2012,3,28,16,30,399,89,762,1.4000000000000001,19,66.01
2012,3,28,17,30,141,67,352,0.8,16,77.82000000000001
2012,3,28,18,30,0,0,0,0.7000000000000001,14,89.8
2012,3,28,19,30,0,0,0,0.9,12,101.65
2012,3,28,20,30,0,0,0,1.2000000000000002,10,113.01
2012,3,28,21,30,0,0,0,1.5,9,123.42
2012,3,28,22,30,0,0,0,1.7000000000000002,7,132.11
2012,3,28,23,30,0,0,0,1.8,6,137.91
2012,3,29,0,30,0,0,0,1.7000000000000002,5,139.51
2012,3,29,1,30,0,0,0,1.7000000000000002,5,136.43
2012,3,29,2,30,0,0,0,1.6,5,129.54
2012,3,29,3,30,0,0,0,1.5,5,120.18
2012,3,29,4,30,0,0,0,1.4000000000000001,5,109.38
2012,3,29,5,30,0,0,0,1.2000000000000002,5,97.81
2012,3,29,6,30,41,29,174,1.4000000000000001,8,85.87
2012,3,29,7,30,241,74,604,2.4000000000000004,11,73.89
2012,3,29,8,30,465,96,790,3.1,14,62.17
2012,3,29,9,30,663,111,880,3.1,16,51.18
2012,3,29,10,30,815,121,930,3.2,17,41.68
2012,3,29,11,30,909,119,965,3.7,18,35.050000000000004
2012,3,29,12,30,934,119,973,4,19,33.15
2012,3,29,13,30,889,117,963,3.6,20,36.730000000000004
2012,3,29,14,30,780,108,942,3,20,44.46
2012,3,29,15,30,513,203,533,2.7,19,54.54
2012,3,29,16,30,269,174,230,2,17,65.82000000000001
2012,3,29,17,30,117,81,169,1.2000000000000002,15,77.65
2012,3,29,18,30,0,0,0,1.2000000000000002,13,89.63
2012,3,29,19,30,0,0,0,1.1,13,101.46000000000001
2012,3,29,20,30,0,0,0,1.1,12,112.8
2012,3,29,21,30,0,0,0,1,12,123.17
2012,3,29,22,30,0,0,0,0.8,11,131.81
2012,3,29,23,30,0,0,0,0.6000000000000001,10,137.56
2012,3,30,0,30,0,0,0,0.4,10,139.12
2012,3,30,1,30,0,0,0,0.4,10,136.04
2012,3,30,2,30,0,0,0,0.4,9,129.17000000000002
2012,3,30,3,30,0,0,0,0.30000000000000004,9,119.84
2012,3,30,4,30,0,0,0,0.30000000000000004,9,109.07000000000001
2012,3,30,5,30,0,0,0,0.5,8,97.51
2012,3,30,6,30,37,30,88,0.7000000000000001,9,85.58
2012,3,30,7,30,246,74,608,1.4000000000000001,13,73.59
2012,3,30,8,30,470,88,810,2.5,16,61.870000000000005
2012,3,30,9,30,663,105,884,3.6,18,50.85
2012,3,30,10,30,810,115,925,4.2,20,41.32
2012,3,30,11,30,899,120,947,4.4,21,34.660000000000004
2012,3,30,12,30,921,126,945,4.4,22,32.77
2012,3,30,13,30,875,125,932,4.2,23,36.410000000000004
2012,3,30,14,30,773,102,935,4,23,44.2
2012,3,30,15,30,608,92,884,3.7,22,54.33
2012,3,30,16,30,401,80,778,2.7,20,65.63
2012,3,30,17,30,181,54,586,1.6,17,77.47
2012,3,30,18,30,0,0,0,1.3,14,89.45
2012,3,30,19,30,0,0,0,1.2000000000000002,14,101.28
2012,3,30,20,30,0,0,0,0.8,14,112.59
2012,3,30,21,30,0,0,0,0.6000000000000001,13,122.92
2012,3,30,22,30,0,0,0,0.8,12,131.51
2012,3,30,23,30,0,0,0,1,10,137.20000000000002
2012,3,31,0,30,0,0,0,1.1,9,138.73
2012,3,31,1,30,0,0,0,1,8,135.65
2012,3,31,2,30,0,0,0,1,8,128.81
2012,3,31,3,30,0,0,0,0.9,7,119.51
2012,3,31,4,30,0,0,0,0.9,7,108.76
2012,3,31,5,30,0,0,0,0.8,7,97.21000000000001
2012,3,31,6,30,32,28,43,1,10,85.29
2012,3,31,7,30,206,95,389,1.4000000000000001,14,73.3
2012,3,31,8,30,483,80,847,1.9000000000000001,17,61.56
2012,3,31,9,30,679,93,922,2.4000000000000004,20,50.52
2012,3,31,10,30,829,102,962,2.9000000000000004,21,40.95
2012,3,31,11,30,919,109,979,3.3000000000000003,22,34.27
2012,3,31,12,30,942,112,982,3.6,23,32.39
2012,3,31,13,30,896,111,971,3.9000000000000004,24,36.09
2012,3,31,14,30,791,92,971,4,25,43.94
2012,3,31,15,30,625,84,922,4.1000000000000005,24,54.120000000000005
2012,3,31,16,30,416,73,827,3.3000000000000003,23,65.45
2012,3,31,17,30,192,51,641,2.1,19,77.3
2012,3,31,18,30,0,0,0,1.9000000000000001,15,89.28
2012,3,31,19,30,0,0,0,2.2,13,101.09
2012,3,31,20,30,0,0,0,2.7,12,112.38
2012,3,31,21,30,0,0,0,2.6,11,122.68
2012,3,31,22,30,0,0,0,2.1,9,131.21
2012,3,31,23,30,0,0,0,1.6,8,136.85
2012,4,1,0,30,0,0,0,1.4000000000000001,7,138.34
2012,4,1,1,30,0,0,0,1.4000000000000001,7,135.26
2012,4,1,2,30,0,0,0,1.5,6,128.45
2012,4,1,3,30,0,0,0,1.7000000000000002,6,119.17
2012,4,1,4,30,0,0,0,1.7000000000000002,5,108.45
2012,4,1,5,30,0,0,0,1.7000000000000002,5,96.92
2012,4,1,6,30,56,32,275,2.5,8,85
2012,4,1,7,30,252,56,668,3.6,12,73.01
2012,4,1,8,30,490,85,842,4.4,15,61.26
2012,4,1,9,30,682,102,905,5.2,17,50.19
2012,4,1,10,30,828,115,939,5.800000000000001,19,40.59
2012,4,1,11,30,908,142,923,6.5,20,33.88
2012,4,1,12,30,931,143,929,7.1000000000000005,20,32.01
2012,4,1,13,30,887,135,927,7.5,21,35.77
2012,4,1,14,30,790,99,956,7.6000000000000005,20,43.69
2012,4,1,15,30,624,90,906,7.6000000000000005,19,53.910000000000004
2012,4,1,16,30,419,73,826,7.1000000000000005,17,65.27
2012,4,1,17,30,148,73,334,6.1000000000000005,14,77.13
2012,4,1,18,30,0,0,0,4.9,10,89.11
2012,4,1,19,30,0,0,0,4,8,100.91
2012,4,1,20,30,0,0,0,3.3000000000000003,6,112.17
2012,4,1,21,30,0,0,0,3.1,5,122.43
2012,4,1,22,30,0,0,0,3.3000000000000003,4,130.91
2012,4,1,23,30,0,0,0,3.4000000000000004,3,136.49
2012,4,2,0,30,0,0,0,3.4000000000000004,2,137.95000000000002
2012,4,2,1,30,0,0,0,3.7,1,134.88
2012,4,2,2,30,0,0,0,4.2,1,128.09
2012,4,2,3,30,0,0,0,4.6000000000000005,1,118.84
2012,4,2,4,30,0,0,0,4.9,0,108.14
2012,4,2,5,30,0,0,0,5.4,0,96.62
2012,4,2,6,30,57,35,237,6.2,1,84.71000000000001
2012,4,2,7,30,196,111,285,6.6000000000000005,2,72.72
2012,4,2,8,30,383,189,399,6.5,4,60.95
2012,4,2,9,30,415,317,153,6.4,5,49.870000000000005
2012,4,2,10,30,726,298,559,6.300000000000001,6,40.24
2012,4,2,11,30,902,169,880,6.1000000000000005,7,33.49
2012,4,2,12,30,694,432,306,6,7,31.63
2012,4,2,13,30,541,426,141,5.9,7,35.45
2012,4,2,14,30,490,369,165,5.7,7,43.44
2012,4,2,15,30,111,111,0,5.4,6,53.7
2012,4,2,16,30,246,185,143,4.4,6,65.09
2012,4,2,17,30,174,83,401,2.9000000000000004,5,76.96000000000001
2012,4,2,18,30,9,9,0,1.7000000000000002,4,88.94
2012,4,2,19,30,0,0,0,1.4000000000000001,4,100.72
2012,4,2,20,30,0,0,0,1.2000000000000002,4,111.96000000000001
2012,4,2,21,30,0,0,0,1.1,3,122.18
2012,4,2,22,30,0,0,0,1.1,3,130.61
2012,4,2,23,30,0,0,0,1,2,136.14000000000001
2012,4,3,0,30,0,0,0,0.7000000000000001,2,137.57
2012,4,3,1,30,0,0,0,0.5,2,134.49
2012,4,3,2,30,0,0,0,0.5,2,127.73
2012,4,3,3,30,0,0,0,0.8,1,118.51
2012,4,3,4,30,0,0,0,1.1,1,107.83
2012,4,3,5,30,0,0,0,1.2000000000000002,1,96.33
2012,4,3,6,30,52,38,142,1.5,2,84.42
2012,4,3,7,30,227,93,443,1.7000000000000002,4,72.43
2012,4,3,8,30,435,130,624,1.8,6,60.65
2012,4,3,9,30,529,285,375,2.5,8,49.550000000000004
2012,4,3,10,30,599,381,284,3.3000000000000003,9,39.88
2012,4,3,11,30,822,339,575,3.7,10,33.11
2012,4,3,12,30,658,447,247,3.6,10,31.26
2012,4,3,13,30,629,411,266,3.1,11,35.13
2012,4,3,14,30,556,355,275,2.2,12,43.18
2012,4,3,15,30,623,95,886,1.4000000000000001,12,53.5
2012,4,3,16,30,419,79,802,0.9,11,64.91
2012,4,3,17,30,198,54,627,0.6000000000000001,9,76.79
2012,4,3,18,30,14,14,0,0.7000000000000001,7,88.76
2012,4,3,19,30,0,0,0,0.9,5,100.53
2012,4,3,20,30,0,0,0,0.9,5,111.75
2012,4,3,21,30,0,0,0,1,4,121.93
2012,4,3,22,30,0,0,0,1,3,130.31
2012,4,3,23,30,0,0,0,1.1,3,135.79
2012,4,4,0,30,0,0,0,1.1,2,137.18
2012,4,4,1,30,0,0,0,1,2,134.11
2012,4,4,2,30,0,0,0,0.9,1,127.37
2012,4,4,3,30,0,0,0,0.8,1,118.18
2012,4,4,4,30,0,0,0,0.8,0,107.52
2012,4,4,5,30,0,0,0,1,1,96.04
2012,4,4,6,30,68,36,317,1.6,4,84.14
2012,4,4,7,30,194,119,242,1.6,8,72.14
2012,4,4,8,30,437,134,613,1.3,12,60.36
2012,4,4,9,30,692,104,901,2,15,49.230000000000004
2012,4,4,10,30,704,309,511,2.9000000000000004,17,39.53
2012,4,4,11,30,923,122,951,3.6,19,32.72
2012,4,4,12,30,943,126,952,4,20,30.88
2012,4,4,13,30,897,125,940,4.1000000000000005,20,34.82
2012,4,4,14,30,791,109,932,4,21,42.94
2012,4,4,15,30,544,195,583,3.8000000000000003,20,53.29
2012,4,4,16,30,272,186,202,2.7,19,64.73
2012,4,4,17,30,79,79,0,1.4000000000000001,16,76.62
2012,4,4,18,30,6,6,0,0.8,14,88.59
2012,4,4,19,30,0,0,0,0.7000000000000001,13,100.35000000000001
2012,4,4,20,30,0,0,0,0.9,12,111.54
2012,4,4,21,30,0,0,0,1.2000000000000002,10,121.68
2012,4,4,22,30,0,0,0,1.4000000000000001,8,130.01
2012,4,4,23,30,0,0,0,1.2000000000000002,7,135.44
2012,4,5,0,30,0,0,0,1,6,136.8
2012,4,5,1,30,0,0,0,0.6000000000000001,5,133.73
2012,4,5,2,30,0,0,0,0.4,5,127.01
2012,4,5,3,30,0,0,0,0.7000000000000001,4,117.85000000000001
2012,4,5,4,30,0,0,0,1,4,107.22
2012,4,5,5,30,0,0,0,1.2000000000000002,4,95.75
2012,4,5,6,30,61,42,183,1.7000000000000002,7,83.86
2012,4,5,7,30,157,127,96,2.3000000000000003,11,71.86
2012,4,5,8,30,440,138,604,2.4000000000000004,14,60.06
2012,4,5,9,30,550,273,420,2.8000000000000003,16,48.910000000000004
2012,4,5,10,30,629,375,326,3.1,18,39.18
2012,4,5,11,30,814,369,526,3.3000000000000003,19,32.34
2012,4,5,12,30,786,405,442,3.4000000000000004,20,30.51
2012,4,5,13,30,274,260,16,3.6,21,34.51
2012,4,5,14,30,233,223,13,3.7,20,42.69
2012,4,5,15,30,17,17,0,3,19,53.09
2012,4,5,16,30,41,41,0,2.1,17,64.55
2012,4,5,17,30,142,85,241,1.8,15,76.45
2012,4,5,18,30,10,10,0,1.7000000000000002,13,88.42
2012,4,5,19,30,0,0,0,1.7000000000000002,11,100.16
2012,4,5,20,30,0,0,0,1.9000000000000001,10,111.33
2012,4,5,21,30,0,0,0,2.1,9,121.43
2012,4,5,22,30,0,0,0,2,8,129.71
2012,4,5,23,30,0,0,0,1.8,6,135.08
2012,4,6,0,30,0,0,0,1.8,5,136.42000000000002
2012,4,6,1,30,0,0,0,1.7000000000000002,4,133.35
2012,4,6,2,30,0,0,0,1.7000000000000002,4,126.65
2012,4,6,3,30,0,0,0,1.6,3,117.52
2012,4,6,4,30,0,0,0,1.5,2,106.91
2012,4,6,5,30,0,0,0,1.2000000000000002,2,95.46000000000001
2012,4,6,6,30,73,45,245,1.5,5,83.58
2012,4,6,7,30,288,95,610,3.2,9,71.58
2012,4,6,8,30,515,122,781,5.2,10,59.77
2012,4,6,9,30,717,139,873,5.800000000000001,11,48.59
2012,4,6,10,30,870,149,925,6,12,38.83
2012,4,6,11,30,957,162,938,6,13,31.96
2012,4,6,12,30,979,159,948,5.9,14,30.14
2012,4,6,13,30,932,148,948,5.800000000000001,15,34.2
2012,4,6,14,30,821,131,934,5.6000000000000005,15,42.45
2012,4,6,15,30,651,115,889,5.4,14,52.89
2012,4,6,16,30,440,95,798,4.800000000000001,13,64.38
2012,4,6,17,30,164,74,378,3.1,10,76.29
2012,4,6,18,30,18,15,79,1.9000000000000001,6,88.25
2012,4,6,19,30,0,0,0,1.7000000000000002,4,99.98
2012,4,6,20,30,0,0,0,1.7000000000000002,3,111.12
2012,4,6,21,30,0,0,0,1.7000000000000002,2,121.18
2012,4,6,22,30,0,0,0,1.9000000000000001,1,129.41
2012,4,6,23,30,0,0,0,2,0,134.74
2012,4,7,0,30,0,0,0,1.8,0,136.04
2012,4,7,1,30,0,0,0,1.5,0,132.97
2012,4,7,2,30,0,0,0,1.2000000000000002,-1,126.3
2012,4,7,3,30,0,0,0,1.1,-1,117.2
2012,4,7,4,30,0,0,0,1,0,106.61
2012,4,7,5,30,0,0,0,0.6000000000000001,0,95.17
2012,4,7,6,30,86,42,375,0.7000000000000001,2,83.3
2012,4,7,7,30,312,79,729,1.6,6,71.3
2012,4,7,8,30,544,99,875,2.3000000000000003,10,59.480000000000004
2012,4,7,9,30,743,117,939,2.6,13,48.28
2012,4,7,10,30,893,128,977,2.6,16,38.480000000000004
2012,4,7,11,30,928,160,901,2.5,17,31.580000000000002
2012,4,7,12,30,920,227,798,2.5,18,29.77
2012,4,7,13,30,842,269,689,2.3000000000000003,19,33.89
2012,4,7,14,30,730,233,670,2,19,42.21
2012,4,7,15,30,569,166,665,1.5,18,52.7
2012,4,7,16,30,360,158,463,0.9,17,64.2
2012,4,7,17,30,157,81,316,0.4,15,76.12
2012,4,7,18,30,15,15,0,0.4,12,88.08
2012,4,7,19,30,0,0,0,0.9,11,99.79
2012,4,7,20,30,0,0,0,1.3,9,110.91
2012,4,7,21,30,0,0,0,1.5,7,120.93
2012,4,7,22,30,0,0,0,1.6,6,129.12
2012,4,7,23,30,0,0,0,1.8,5,134.39000000000001
2012,4,8,0,30,0,0,0,2,4,135.66
2012,4,8,1,30,0,0,0,2.5,3,132.6
2012,4,8,2,30,0,0,0,3,3,125.95
2012,4,8,3,30,0,0,0,3.6,3,116.87
2012,4,8,4,30,0,0,0,3.8000000000000003,3,106.31
2012,4,8,5,30,0,0,0,4,4,94.89
2012,4,8,6,30,82,42,336,4.6000000000000005,7,83.02
2012,4,8,7,30,295,79,662,4.9,10,71.02
2012,4,8,8,30,514,101,806,4.3,14,59.19
2012,4,8,9,30,705,116,879,3.7,17,47.97
2012,4,8,10,30,850,126,919,3,20,38.14
2012,4,8,11,30,936,133,938,2.5,22,31.21
2012,4,8,12,30,956,136,940,2,23,29.41
2012,4,8,13,30,907,136,925,1.7000000000000002,24,33.59
2012,4,8,14,30,795,128,897,1.4000000000000001,24,41.97
2012,4,8,15,30,516,228,473,1.2000000000000002,23,52.5
2012,4,8,16,30,358,144,488,1,22,64.03
2012,4,8,17,30,141,91,206,1,19,75.95
2012,4,8,18,30,13,13,0,1.2000000000000002,16,87.91
2012,4,8,19,30,0,0,0,1.4000000000000001,14,99.61
2012,4,8,20,30,0,0,0,1.5,13,110.69
2012,4,8,21,30,0,0,0,1.7000000000000002,12,120.68
2012,4,8,22,30,0,0,0,1.8,11,128.82
2012,4,8,23,30,0,0,0,1.9000000000000001,11,134.04
2012,4,9,0,30,0,0,0,1.8,10,135.28
2012,4,9,1,30,0,0,0,1.5,9,132.22
2012,4,9,2,30,0,0,0,1.2000000000000002,9,125.60000000000001
2012,4,9,3,30,0,0,0,1.2000000000000002,8,116.55
2012,4,9,4,30,0,0,0,1.2000000000000002,8,106.01
2012,4,9,5,30,0,0,0,1.7000000000000002,8,94.61
2012,4,9,6,30,69,48,163,2.7,11,82.75
2012,4,9,7,30,233,118,347,3,15,70.74
2012,4,9,8,30,385,231,297,2.4000000000000004,18,58.910000000000004
2012,4,9,9,30,706,122,867,2.3000000000000003,21,47.67
2012,4,9,10,30,853,125,921,2.9000000000000004,23,37.800000000000004
2012,4,9,11,30,943,124,953,3.3000000000000003,24,30.84
2012,4,9,12,30,964,125,959,3.3000000000000003,25,29.04
2012,4,9,13,30,916,124,948,3.1,25,33.29
2012,4,9,14,30,806,113,929,2.8000000000000003,25,41.730000000000004
2012,4,9,15,30,640,103,877,2.5,24,52.31
2012,4,9,16,30,433,87,786,1.7000000000000002,23,63.86
2012,4,9,17,30,210,63,599,1.1,20,75.79
2012,4,9,18,30,21,17,123,0.9,18,87.74
2012,4,9,19,30,0,0,0,0.8,18,99.42
2012,4,9,20,30,0,0,0,0.9,16,110.48
2012,4,9,21,30,0,0,0,1.2000000000000002,14,120.43
2012,4,9,22,30,0,0,0,1.4000000000000001,12,128.52
2012,4,9,23,30,0,0,0,1.4000000000000001,10,133.7
2012,4,10,0,30,0,0,0,1.4000000000000001,9,134.91
2012,4,10,1,30,0,0,0,1.3,8,131.85
2012,4,10,2,30,0,0,0,1.3,8,125.25
2012,4,10,3,30,0,0,0,1.3,8,116.23
2012,4,10,4,30,0,0,0,1.6,7,105.71000000000001
2012,4,10,5,30,0,0,0,2.2,8,94.33
2012,4,10,6,30,63,49,106,3.4000000000000004,11,82.47
2012,4,10,7,30,220,129,270,4.2,15,70.47
2012,4,10,8,30,462,144,611,4.2,18,58.63
2012,4,10,9,30,695,129,835,4.1000000000000005,21,47.37
2012,4,10,10,30,745,328,524,3.9000000000000004,23,37.46
2012,4,10,11,30,697,422,319,3.6,24,30.47
2012,4,10,12,30,713,428,325,3.2,25,28.68
2012,4,10,13,30,794,348,531,2.8000000000000003,26,32.99
2012,4,10,14,30,711,278,578,2.5,26,41.5
2012,4,10,15,30,532,233,487,2.5,25,52.11
2012,4,10,16,30,391,107,641,2.2,24,63.690000000000005
2012,4,10,17,30,202,78,500,2.1,21,75.62
2012,4,10,18,30,22,22,0,2.8000000000000003,18,87.57000000000001
2012,4,10,19,30,0,0,0,3.5,16,99.24000000000001
2012,4,10,20,30,0,0,0,4,14,110.27
2012,4,10,21,30,0,0,0,4.6000000000000005,14,120.18
2012,4,10,22,30,0,0,0,4.9,13,128.22
2012,4,10,23,30,0,0,0,4.7,11,133.35
2012,4,11,0,30,0,0,0,4.7,11,134.54
2012,4,11,1,30,0,0,0,4.800000000000001,11,131.49
2012,4,11,2,30,0,0,0,4.6000000000000005,11,124.91
2012,4,11,3,30,0,0,0,4.3,11,115.91
2012,4,11,4,30,0,0,0,3.9000000000000004,11,105.42
2012,4,11,5,30,0,0,0,3.4000000000000004,11,94.05
2012,4,11,6,30,92,51,306,3.2,12,82.21000000000001
2012,4,11,7,30,301,95,606,3.4000000000000004,14,70.2
2012,4,11,8,30,519,113,773,3.5,17,58.35
2012,4,11,9,30,712,121,867,4.3,20,47.07
2012,4,11,10,30,860,123,923,5.7,23,37.13
2012,4,11,11,30,946,125,948,7,24,30.1
2012,4,11,12,30,964,126,952,8,25,28.32
2012,4,11,13,30,251,238,15,8.8,26,32.7
2012,4,11,14,30,95,95,0,9.3,25,41.27
2012,4,11,15,30,541,214,530,9.8,24,51.92
2012,4,11,16,30,342,180,364,10.200000000000001,21,63.52
2012,4,11,17,30,212,64,592,9.600000000000001,17,75.46000000000001
2012,4,11,18,30,25,19,131,7.800000000000001,14,87.41
2012,4,11,19,30,0,0,0,5.9,12,99.06
2012,4,11,20,30,0,0,0,3.8000000000000003,10,110.06
2012,4,11,21,30,0,0,0,2,8,119.93
2012,4,11,22,30,0,0,0,1.1,8,127.93
2012,4,11,23,30,0,0,0,0.7000000000000001,8,133.01
2012,4,12,0,30,0,0,0,0.5,7,134.17000000000002
2012,4,12,1,30,0,0,0,0.6000000000000001,7,131.12
2012,4,12,2,30,0,0,0,0.7000000000000001,6,124.57000000000001
2012,4,12,3,30,0,0,0,0.9,5,115.60000000000001
2012,4,12,4,30,0,0,0,1.1,4,105.13
2012,4,12,5,30,0,0,0,1.5,5,93.77
2012,4,12,6,30,86,50,256,2.6,7,81.94
2012,4,12,7,30,123,119,9,3.9000000000000004,9,69.94
2012,4,12,8,30,51,51,0,4.5,10,58.07
2012,4,12,9,30,87,87,0,4.800000000000001,10,46.77
2012,4,12,10,30,355,330,31,5.2,11,36.800000000000004
2012,4,12,11,30,254,241,15,5.5,12,29.73
2012,4,12,12,30,74,74,0,5.5,13,27.97
2012,4,12,13,30,126,124,2,5.5,14,32.4
2012,4,12,14,30,823,111,944,5.9,15,41.04
2012,4,12,15,30,658,100,901,6.4,15,51.74
2012,4,12,16,30,453,85,820,6.4,14,63.35
2012,4,12,17,30,152,95,224,4.800000000000001,11,75.3
2012,4,12,18,30,13,13,0,2.9000000000000004,8,87.24
2012,4,12,19,30,0,0,0,2.3000000000000003,6,98.87
2012,4,12,20,30,0,0,0,2.2,5,109.85000000000001
2012,4,12,21,30,0,0,0,2.1,3,119.68
2012,4,12,22,30,0,0,0,1.9000000000000001,2,127.63000000000001
2012,4,12,23,30,0,0,0,1.6,2,132.67000000000002
2012,4,13,0,30,0,0,0,1.4000000000000001,2,133.8
2012,4,13,1,30,0,0,0,1.1,3,130.76
2012,4,13,2,30,0,0,0,0.6000000000000001,3,124.23
2012,4,13,3,30,0,0,0,0.30000000000000004,2,115.29
2012,4,13,4,30,0,0,0,0.30000000000000004,2,104.84
2012,4,13,5,30,0,0,0,0.7000000000000001,3,93.5
2012,4,13,6,30,61,52,66,1.4000000000000001,5,81.67
2012,4,13,7,30,195,145,145,1.6,8,69.68
2012,4,13,8,30,350,245,196,1.8,10,57.800000000000004
2012,4,13,9,30,352,312,58,2.8000000000000003,11,46.480000000000004
2012,4,13,10,30,508,412,120,3.6,12,36.47
2012,4,13,11,30,442,401,47,4.2,13,29.37
2012,4,13,12,30,477,426,58,4.6000000000000005,13,27.62
2012,4,13,13,30,688,424,311,4.9,13,32.12
2012,4,13,14,30,318,297,27,5,12,40.81
2012,4,13,15,30,459,290,272,4.9,11,51.550000000000004
2012,4,13,16,30,107,107,0,4.3,10,63.18
2012,4,13,17,30,33,33,0,2.7,9,75.14
2012,4,13,18,30,13,13,0,1.5,8,87.07000000000001
2012,4,13,19,30,0,0,0,1.6,7,98.69
2012,4,13,20,30,0,0,0,2,6,109.64
2012,4,13,21,30,0,0,0,1.7000000000000002,6,119.44
2012,4,13,22,30,0,0,0,1.3,5,127.34
2012,4,13,23,30,0,0,0,1.2000000000000002,4,132.33
2012,4,14,0,30,0,0,0,1.2000000000000002,3,133.44
2012,4,14,1,30,0,0,0,1.3,3,130.4
2012,4,14,2,30,0,0,0,1.4000000000000001,2,123.89
2012,4,14,3,30,0,0,0,1.5,2,114.98
2012,4,14,4,30,0,0,0,1.7000000000000002,1,104.55
2012,4,14,5,30,0,0,0,2.7,2,93.23
2012,4,14,6,30,19,19,0,4.4,4,81.41
2012,4,14,7,30,56,56,0,5.9,6,69.42
2012,4,14,8,30,269,234,64,7,6,57.53
2012,4,14,9,30,171,165,7,7.5,6,46.19
2012,4,14,10,30,187,178,10,7.7,7,36.15
2012,4,14,11,30,871,354,590,7.800000000000001,8,29.01
2012,4,14,12,30,495,432,70,7.4,8,27.27
2012,4,14,13,30,542,442,117,6.7,8,31.830000000000002
2012,4,14,14,30,433,370,83,6.1000000000000005,7,40.59
2012,4,14,15,30,486,280,329,5.6000000000000005,6,51.370000000000005
2012,4,14,16,30,406,103,668,5,4,63.02
2012,4,14,17,30,122,101,78,4.1000000000000005,3,74.98
2012,4,14,18,30,11,11,0,3.1,2,86.9
2012,4,14,19,30,0,0,0,2.2,1,98.5
2012,4,14,20,30,0,0,0,1.6,1,109.43
2012,4,14,21,30,0,0,0,1.2000000000000002,0,119.19
2012,4,14,22,30,0,0,0,1.1,0,127.04
2012,4,14,23,30,0,0,0,1.4000000000000001,0,131.99
2012,4,15,0,30,0,0,0,1.9000000000000001,0,133.08
2012,4,15,1,30,0,0,0,2.3000000000000003,0,130.04
2012,4,15,2,30,0,0,0,2.3000000000000003,0,123.55
2012,4,15,3,30,0,0,0,2.3000000000000003,0,114.67
2012,4,15,4,30,0,0,0,2.4000000000000004,-1,104.27
2012,4,15,5,30,0,0,0,3.1,0,92.96000000000001
2012,4,15,6,30,54,53,11,4,1,81.16
2012,4,15,7,30,170,145,70,4.7,3,69.16
2012,4,15,8,30,347,251,177,5.300000000000001,5,57.27
2012,4,15,9,30,508,340,241,5.6000000000000005,8,45.9
2012,4,15,10,30,880,134,920,5.9,10,35.83
2012,4,15,11,30,966,134,947,6.1000000000000005,11,28.66
2012,4,15,12,30,984,130,957,6.2,12,26.92
2012,4,15,13,30,935,126,948,6.1000000000000005,13,31.55
2012,4,15,14,30,821,121,918,5.9,13,40.37
2012,4,15,15,30,485,282,323,5.4,13,51.18
2012,4,15,16,30,45,45,0,4.6000000000000005,12,62.85
2012,4,15,17,30,189,80,417,2.9000000000000004,10,74.82000000000001
2012,4,15,18,30,8,8,0,1.5,7,86.74
2012,4,15,19,30,0,0,0,1.3,6,98.32000000000001
2012,4,15,20,30,0,0,0,1.3,5,109.22
2012,4,15,21,30,0,0,0,1.3,4,118.94
2012,4,15,22,30,0,0,0,1.3,3,126.75
2012,4,15,23,30,0,0,0,1.2000000000000002,2,131.66
2012,4,16,0,30,0,0,0,1.1,2,132.72
2012,4,16,1,30,0,0,0,1,2,129.69
2012,4,16,2,30,0,0,0,0.6000000000000001,2,123.22
2012,4,16,3,30,0,0,0,0.30000000000000004,2,114.36
2012,4,16,4,30,0,0,0,0.4,2,103.99000000000001
2012,4,16,5,30,0,0,0,0.5,2,92.7
2012,4,16,6,30,121,45,481,1.1,4,80.9
2012,4,16,7,30,342,74,746,2.3000000000000003,8,68.91
2012,4,16,8,30,563,91,868,3.2,11,57.01
2012,4,16,9,30,755,102,933,3.5,12,45.62
2012,4,16,10,30,899,110,969,3.7,14,35.52
2012,4,16,11,30,985,113,990,3.8000000000000003,15,28.3
2012,4,16,12,30,1002,116,990,3.7,16,26.57
2012,4,16,13,30,952,116,977,3.6,16,31.27
2012,4,16,14,30,842,102,968,3.7,17,40.15
2012,4,16,15,30,674,92,925,3.8000000000000003,16,51
2012,4,16,16,30,465,81,836,3.4000000000000004,15,62.690000000000005
2012,4,16,17,30,236,63,655,2.2,13,74.66
2012,4,16,18,30,35,23,200,1.2000000000000002,10,86.57000000000001
2012,4,16,19,30,0,0,0,1.1,9,98.14
2012,4,16,20,30,0,0,0,0.9,9,109.01
2012,4,16,21,30,0,0,0,0.4,9,118.69
2012,4,16,22,30,0,0,0,0.4,8,126.46000000000001
2012,4,16,23,30,0,0,0,0.8,6,131.33
2012,4,17,0,30,0,0,0,1.2000000000000002,4,132.37
2012,4,17,1,30,0,0,0,1.3,3,129.34
2012,4,17,2,30,0,0,0,1.3,2,122.89
2012,4,17,3,30,0,0,0,1.4000000000000001,1,114.06
2012,4,17,4,30,0,0,0,1.5,1,103.71000000000001
2012,4,17,5,30,0,0,0,1.7000000000000002,2,92.44
2012,4,17,6,30,110,45,394,2.5,6,80.65
2012,4,17,7,30,330,59,742,3.2,10,68.66
2012,4,17,8,30,518,119,728,2.8000000000000003,14,56.75
2012,4,17,9,30,752,121,897,2.6,17,45.35
2012,4,17,10,30,893,133,929,2.5,18,35.21
2012,4,17,11,30,878,352,595,2.2,20,27.95
2012,4,17,12,30,922,305,687,1.9000000000000001,21,26.23
2012,4,17,13,30,880,264,719,1.7000000000000002,22,30.990000000000002
2012,4,17,14,30,834,105,951,2,22,39.94
2012,4,17,15,30,478,289,299,2.5,21,50.82
2012,4,17,16,30,294,203,196,2.4000000000000004,20,62.53
2012,4,17,17,30,53,53,0,1.6,17,74.5
2012,4,17,18,30,26,22,67,1.1,14,86.41
2012,4,17,19,30,0,0,0,1.2000000000000002,13,97.96000000000001
2012,4,17,20,30,0,0,0,1.1,13,108.8
2012,4,17,21,30,0,0,0,1,13,118.45
2012,4,17,22,30,0,0,0,0.6000000000000001,13,126.17
2012,4,17,23,30,0,0,0,0.4,12,131
2012,4,18,0,30,0,0,0,0.6000000000000001,11,132.01
2012,4,18,1,30,0,0,0,0.8,10,128.99
2012,4,18,2,30,0,0,0,1.1,9,122.57000000000001
2012,4,18,3,30,0,0,0,1.3,8,113.76
2012,4,18,4,30,0,0,0,1.4000000000000001,7,103.43
2012,4,18,5,30,0,0,0,1.2000000000000002,7,92.18
2012,4,18,6,30,128,46,495,1.8,10,80.4
2012,4,18,7,30,349,72,750,2.4000000000000004,15,68.41
2012,4,18,8,30,568,86,873,2.7,18,56.5
2012,4,18,9,30,682,212,665,3,21,45.07
2012,4,18,10,30,697,366,404,3.3000000000000003,22,34.9
2012,4,18,11,30,862,391,532,3.6,23,27.61
2012,4,18,12,30,912,338,637,4,23,25.89
2012,4,18,13,30,744,392,410,4.4,24,30.72
2012,4,18,14,30,400,356,57,4.9,23,39.72
2012,4,18,15,30,562,224,534,5.1000000000000005,22,50.65
2012,4,18,16,30,358,176,391,4.4,21,62.370000000000005
2012,4,18,17,30,194,83,411,2.9000000000000004,19,74.34
2012,4,18,18,30,20,20,0,2.6,16,86.24
2012,4,18,19,30,0,0,0,3,15,97.77
2012,4,18,20,30,0,0,0,2.4000000000000004,14,108.59
2012,4,18,21,30,0,0,0,1.8,12,118.2
2012,4,18,22,30,0,0,0,1.8,11,125.88000000000001
2012,4,18,23,30,0,0,0,1.7000000000000002,10,130.67000000000002
2012,4,19,0,30,0,0,0,1.5,9,131.67000000000002
2012,4,19,1,30,0,0,0,1.4000000000000001,9,128.65
2012,4,19,2,30,0,0,0,1.2000000000000002,9,122.25
2012,4,19,3,30,0,0,0,1,9,113.47
2012,4,19,4,30,0,0,0,1.1,9,103.16
2012,4,19,5,30,0,0,0,1.8,9,91.92
2012,4,19,6,30,112,50,363,3.3000000000000003,10,80.16
2012,4,19,7,30,327,73,682,4.2,11,68.17
2012,4,19,8,30,473,203,485,4.1000000000000005,11,56.25
2012,4,19,9,30,665,244,593,3.9000000000000004,13,44.81
2012,4,19,10,30,806,308,605,4.3,16,34.6
2012,4,19,11,30,819,428,440,5,18,27.27
2012,4,19,12,30,834,442,433,5.5,19,25.560000000000002
2012,4,19,13,30,931,119,941,5.9,20,30.45
2012,4,19,14,30,823,110,923,6.300000000000001,20,39.51
2012,4,19,15,30,200,193,10,6.4,20,50.47
2012,4,19,16,30,388,147,518,6.1000000000000005,19,62.21
2012,4,19,17,30,230,72,580,4.7,17,74.19
2012,4,19,18,30,38,26,175,3.2,14,86.08
2012,4,19,19,30,0,0,0,3,12,97.59
2012,4,19,20,30,0,0,0,3.1,11,108.38
2012,4,19,21,30,0,0,0,2.9000000000000004,9,117.96000000000001
2012,4,19,22,30,0,0,0,2.6,8,125.60000000000001
2012,4,19,23,30,0,0,0,2.4000000000000004,7,130.34
2012,4,20,0,30,0,0,0,2.1,6,131.32
2012,4,20,1,30,0,0,0,1.9000000000000001,5,128.3
2012,4,20,2,30,0,0,0,1.7000000000000002,5,121.93
2012,4,20,3,30,0,0,0,1.5,4,113.18
2012,4,20,4,30,0,0,0,1.3,4,102.89
2012,4,20,5,30,0,0,0,1.3,5,91.67
2012,4,20,6,30,135,50,488,1.6,9,79.91
2012,4,20,7,30,355,77,741,2.1,13,67.93
2012,4,20,8,30,573,92,861,2.6,16,56
2012,4,20,9,30,760,102,923,3,19,44.54
2012,4,20,10,30,900,107,960,3.4000000000000004,20,34.300000000000004
2012,4,20,11,30,983,105,985,3.8000000000000003,22,26.93
2012,4,20,12,30,999,104,989,4.1000000000000005,23,25.22
2012,4,20,13,30,949,100,981,4.4,24,30.18
2012,4,20,14,30,839,90,967,4.6000000000000005,24,39.31
2012,4,20,15,30,673,83,923,4.6000000000000005,23,50.300000000000004
2012,4,20,16,30,468,72,845,4.3,22,62.050000000000004
2012,4,20,17,30,246,54,698,2.9000000000000004,20,74.03
2012,4,20,18,30,45,23,312,1.8,16,85.91
2012,4,20,19,30,0,0,0,1.6,13,97.41
2012,4,20,20,30,0,0,0,1.5,13,108.17
2012,4,20,21,30,0,0,0,1.4000000000000001,12,117.71000000000001
2012,4,20,22,30,0,0,0,1.2000000000000002,11,125.31
2012,4,20,23,30,0,0,0,1.2000000000000002,11,130.02
2012,4,21,0,30,0,0,0,1.1,10,130.98
2012,4,21,1,30,0,0,0,1.1,10,127.97
2012,4,21,2,30,0,0,0,1,10,121.61
2012,4,21,3,30,0,0,0,0.9,10,112.89
2012,4,21,4,30,0,0,0,0.8,10,102.63
2012,4,21,5,30,0,0,0,0.7000000000000001,10,91.42
2012,4,21,6,30,143,44,553,0.9,13,79.68
2012,4,21,7,30,365,67,785,2,17,67.69
2012,4,21,8,30,585,81,895,3,20,55.76
2012,4,21,9,30,773,91,953,3.4000000000000004,23,44.28
2012,4,21,10,30,915,98,985,3.6,24,34
2012,4,21,11,30,998,98,1007,3.8000000000000003,25,26.59
2012,4,21,12,30,1015,99,1010,4.1000000000000005,26,24.900000000000002
2012,4,21,13,30,964,97,1000,4.4,27,29.91
2012,4,21,14,30,853,85,989,4.5,27,39.1
2012,4,21,15,30,686,78,949,4.4,26,50.13
2012,4,21,16,30,480,67,878,3.8000000000000003,25,61.89
2012,4,21,17,30,256,50,739,2.5,22,73.87
2012,4,21,18,30,50,22,370,1.5,18,85.75
2012,4,21,19,30,0,0,0,1.4000000000000001,16,97.23
2012,4,21,20,30,0,0,0,1.3,15,107.97
2012,4,21,21,30,0,0,0,1.2000000000000002,14,117.47
2012,4,21,22,30,0,0,0,1.1,14,125.03
2012,4,21,23,30,0,0,0,1,13,129.7
2012,4,22,0,30,0,0,0,1,12,130.64000000000001
2012,4,22,1,30,0,0,0,1,12,127.63000000000001
2012,4,22,2,30,0,0,0,1.1,11,121.3
2012,4,22,3,30,0,0,0,1.2000000000000002,11,112.60000000000001
2012,4,22,4,30,0,0,0,1.4000000000000001,10,102.36
2012,4,22,5,30,0,0,0,1.5,11,91.18
2012,4,22,6,30,149,43,581,2.2,14,79.44
2012,4,22,7,30,372,64,802,2.5,19,67.46000000000001
2012,4,22,8,30,590,77,906,1.4000000000000001,22,55.53
2012,4,22,9,30,778,86,962,0.5,25,44.03
2012,4,22,10,30,919,92,994,0.8,27,33.71
2012,4,22,11,30,999,101,1001,1.5,28,26.26
2012,4,22,12,30,1016,103,1004,2,29,24.57
2012,4,22,13,30,965,102,993,2.4000000000000004,29,29.650000000000002
2012,4,22,14,30,853,95,974,2.5,29,38.9
2012,4,22,15,30,686,87,931,2.5,28,49.96
2012,4,22,16,30,480,75,855,2.2,27,61.74
2012,4,22,17,30,256,57,709,1.4000000000000001,24,73.72
2012,4,22,18,30,50,25,330,1,21,85.58
2012,4,22,19,30,0,0,0,1,20,97.05
2012,4,22,20,30,0,0,0,0.7000000000000001,19,107.76
2012,4,22,21,30,0,0,0,0.4,19,117.23
2012,4,22,22,30,0,0,0,0.6000000000000001,18,124.75
2012,4,22,23,30,0,0,0,1.2000000000000002,16,129.38
2012,4,23,0,30,0,0,0,1.5,13,130.3
2012,4,23,1,30,0,0,0,1.9000000000000001,11,127.31
2012,4,23,2,30,0,0,0,2.6,11,121
2012,4,23,3,30,0,0,0,3.4000000000000004,10,112.32000000000001
2012,4,23,4,30,0,0,0,3.8000000000000003,10,102.11
2012,4,23,5,30,0,0,0,4.1000000000000005,11,90.93
2012,4,23,6,30,148,49,531,4.7,14,79.21000000000001
2012,4,23,7,30,367,74,757,5,17,67.23
2012,4,23,8,30,584,89,868,4.6000000000000005,21,55.29
2012,4,23,9,30,769,100,926,3.8000000000000003,24,43.78
2012,4,23,10,30,908,107,959,2.8000000000000003,27,33.43
2012,4,23,11,30,988,113,973,1.9000000000000001,28,25.94
2012,4,23,12,30,1004,115,975,1.5,29,24.25
2012,4,23,13,30,954,114,963,1.6,30,29.400000000000002
2012,4,23,14,30,845,101,953,1.7000000000000002,29,38.7
2012,4,23,15,30,680,93,909,1.7000000000000002,29,49.79
2012,4,23,16,30,475,80,830,1.3,28,61.58
2012,4,23,17,30,253,60,680,0.9,25,73.57000000000001
2012,4,23,18,30,51,26,304,0.8,22,85.42
2012,4,23,19,30,0,0,0,1,20,96.87
2012,4,23,20,30,0,0,0,1.1,20,107.55
2012,4,23,21,30,0,0,0,1,19,116.99000000000001
2012,4,23,22,30,0,0,0,0.8,18,124.47
2012,4,23,23,30,0,0,0,0.8,17,129.07
2012,4,24,0,30,0,0,0,1.1,15,129.97
2012,4,24,1,30,0,0,0,1.5,13,126.98
2012,4,24,2,30,0,0,0,1.5,12,120.69
2012,4,24,3,30,0,0,0,1.4000000000000001,12,112.04
2012,4,24,4,30,0,0,0,1.1,12,101.85000000000001
2012,4,24,5,30,0,0,0,0.8,13,90.69
2012,4,24,6,30,148,52,506,0.9,16,78.99
2012,4,24,7,30,365,79,732,1.9000000000000001,20,67.01
2012,4,24,8,30,580,96,844,2.9000000000000004,23,55.06
2012,4,24,9,30,764,110,902,3.2,26,43.53
2012,4,24,10,30,901,121,932,3.1,27,33.15
2012,4,24,11,30,984,117,961,3.4000000000000004,28,25.61
2012,4,24,12,30,999,118,963,3.7,29,23.93
2012,4,24,13,30,949,117,952,4.3,30,29.14
2012,4,24,14,30,845,101,950,4.7,30,38.5
2012,4,24,15,30,685,89,920,4.5,29,49.620000000000005
2012,4,24,16,30,485,75,857,3.9000000000000004,28,61.43
2012,4,24,17,30,264,55,730,2.6,24,73.41
2012,4,24,18,30,42,28,170,1.6,20,85.26
2012,4,24,19,30,0,0,0,1.6,17,96.69
2012,4,24,20,30,0,0,0,1.8,16,107.35000000000001
2012,4,24,21,30,0,0,0,1.8,16,116.75
2012,4,24,22,30,0,0,0,1.6,15,124.19
2012,4,24,23,30,0,0,0,1.3,14,128.76
2012,4,25,0,30,0,0,0,1.3,12,129.64000000000001
2012,4,25,1,30,0,0,0,1.3,12,126.66
2012,4,25,2,30,0,0,0,1.3,11,120.39
2012,4,25,3,30,0,0,0,1.3,11,111.77
2012,4,25,4,30,0,0,0,1.4000000000000001,11,101.60000000000001
2012,4,25,5,30,0,0,0,1.2000000000000002,12,90.46000000000001
2012,4,25,6,30,10,10,0,1.6,16,78.76
2012,4,25,7,30,88,88,0,2.4000000000000004,19,66.79
2012,4,25,8,30,76,76,0,2.8000000000000003,22,54.84
2012,4,25,9,30,570,344,309,3.6,24,43.29
2012,4,25,10,30,893,108,933,4.6000000000000005,26,32.87
2012,4,25,11,30,813,437,415,5.6000000000000005,27,25.3
2012,4,25,12,30,626,488,150,6.6000000000000005,26,23.61
2012,4,25,13,30,275,260,16,7.1000000000000005,25,28.89
2012,4,25,14,30,515,400,146,6.6000000000000005,23,38.31
2012,4,25,15,30,519,284,361,5.1000000000000005,21,49.46
2012,4,25,16,30,371,184,388,3.5,20,61.28
2012,4,25,17,30,113,106,25,1.8,19,73.26
2012,4,25,18,30,2,2,0,0.8,18,85.10000000000001
2012,4,25,19,30,0,0,0,0.8,17,96.51
2012,4,25,20,30,0,0,0,0.9,16,107.14
2012,4,25,21,30,0,0,0,1.1,15,116.51
2012,4,25,22,30,0,0,0,1.2000000000000002,15,123.91
2012,4,25,23,30,0,0,0,1.6,15,128.45
2012,4,26,0,30,0,0,0,2,15,129.32
2012,4,26,1,30,0,0,0,2.4000000000000004,14,126.34
2012,4,26,2,30,0,0,0,2.5,13,120.10000000000001
2012,4,26,3,30,0,0,0,2.4000000000000004,13,111.5
2012,4,26,4,30,0,0,0,2.3000000000000003,13,101.35000000000001
2012,4,26,5,30,0,0,0,2.3000000000000003,13,90.23
2012,4,26,6,30,30,30,0,2.6,15,78.54
2012,4,26,7,30,259,164,239,2.6,17,66.58
2012,4,26,8,30,529,198,572,2,19,54.620000000000005
2012,4,26,9,30,289,272,23,1.9000000000000001,20,43.050000000000004
2012,4,26,10,30,186,177,10,2.7,22,32.6
2012,4,26,11,30,834,447,426,3.9000000000000004,23,24.98
2012,4,26,12,30,657,492,180,4.5,22,23.3
2012,4,26,13,30,97,97,0,4.2,22,28.64
2012,4,26,14,30,378,344,42,3.6,21,38.11
2012,4,26,15,30,202,195,11,3.6,19,49.300000000000004
2012,4,26,16,30,27,27,0,4.7,16,61.13
2012,4,26,17,30,23,23,0,5.5,13,73.11
2012,4,26,18,30,25,25,0,5.1000000000000005,12,84.94
2012,4,26,19,30,0,0,0,4.3,11,96.33
2012,4,26,20,30,0,0,0,3.9000000000000004,10,106.94
2012,4,26,21,30,0,0,0,3.8000000000000003,9,116.28
2012,4,26,22,30,0,0,0,3.7,8,123.64
2012,4,26,23,30,0,0,0,3.9000000000000004,7,128.14000000000001
2012,4,27,0,30,0,0,0,4.4,7,129
2012,4,27,1,30,0,0,0,4.5,7,126.03
2012,4,27,2,30,0,0,0,4.3,7,119.81
2012,4,27,3,30,0,0,0,4.6000000000000005,7,111.23
2012,4,27,4,30,0,0,0,4.800000000000001,7,101.11
2012,4,27,5,30,0,0,0,4.9,7,90.01
2012,4,27,6,30,57,57,0,5.5,9,78.33
2012,4,27,7,30,378,82,738,6,11,66.37
2012,4,27,8,30,593,97,850,6,13,54.410000000000004
2012,4,27,9,30,777,109,911,6,15,42.82
2012,4,27,10,30,914,120,940,6.1000000000000005,16,32.34
2012,4,27,11,30,988,142,930,6.300000000000001,17,24.68
2012,4,27,12,30,1005,142,937,6.5,18,22.990000000000002
2012,4,27,13,30,954,144,921,6.5,19,28.400000000000002
2012,4,27,14,30,847,127,913,6.4,19,37.92
2012,4,27,15,30,686,110,879,6.2,19,49.14
2012,4,27,16,30,484,92,807,5.6000000000000005,18,60.980000000000004
2012,4,27,17,30,261,71,648,3.8000000000000003,16,72.96000000000001
2012,4,27,18,30,58,32,293,1.9000000000000001,13,84.78
2012,4,27,19,30,0,0,0,1.4000000000000001,11,96.15
2012,4,27,20,30,0,0,0,1.6,9,106.74000000000001
2012,4,27,21,30,0,0,0,2.2,8,116.04
2012,4,27,22,30,0,0,0,2.8000000000000003,7,123.37
2012,4,27,23,30,0,0,0,3,6,127.84
2012,4,28,0,30,0,0,0,2.9000000000000004,6,128.68
2012,4,28,1,30,0,0,0,2.9000000000000004,6,125.72
2012,4,28,2,30,0,0,0,2.9000000000000004,6,119.52
2012,4,28,3,30,0,0,0,3,6,110.97
2012,4,28,4,30,0,0,0,3,6,100.87
2012,4,28,5,30,0,0,0,3.2,6,89.78
2012,4,28,6,30,107,76,148,3.6,7,78.12
2012,4,28,7,30,212,171,100,4.3,9,66.16
2012,4,28,8,30,492,208,484,4.9,12,54.2
2012,4,28,9,30,776,121,889,5,14,42.59
2012,4,28,10,30,916,127,930,4.9,16,32.08
2012,4,28,11,30,995,133,947,4.800000000000001,18,24.37
2012,4,28,12,30,1010,136,947,4.7,19,22.69
2012,4,28,13,30,959,135,934,4.6000000000000005,19,28.16
2012,4,28,14,30,853,112,936,4.5,20,37.74
2012,4,28,15,30,687,105,886,4.4,19,48.980000000000004
2012,4,28,16,30,482,91,802,4.2,18,60.83
2012,4,28,17,30,261,69,650,3.1,16,72.81
2012,4,28,18,30,59,32,292,2,13,84.62
2012,4,28,19,30,0,0,0,1.8,11,95.98
2012,4,28,20,30,0,0,0,1.7000000000000002,9,106.53
2012,4,28,21,30,0,0,0,1.6,9,115.81
2012,4,28,22,30,0,0,0,1.6,8,123.10000000000001
2012,4,28,23,30,0,0,0,1.6,7,127.54
2012,4,29,0,30,0,0,0,1.6,7,128.37
2012,4,29,1,30,0,0,0,1.5,6,125.41
2012,4,29,2,30,0,0,0,1.4000000000000001,6,119.24000000000001
2012,4,29,3,30,0,0,0,1.3,5,110.71000000000001
2012,4,29,4,30,0,0,0,1.2000000000000002,5,100.64
2012,4,29,5,30,0,0,0,1,6,89.57000000000001
2012,4,29,6,30,167,57,525,1.1,10,77.91
2012,4,29,7,30,387,83,746,1.8,13,65.96000000000001
2012,4,29,8,30,602,100,854,2.5,16,53.99
2012,4,29,9,30,788,111,916,3.2,18,42.37
2012,4,29,10,30,928,118,953,3.9000000000000004,19,31.830000000000002
2012,4,29,11,30,1010,121,974,4.4,20,24.07
2012,4,29,12,30,1027,122,978,4.7,21,22.39
2012,4,29,13,30,977,120,969,5,22,27.92
2012,4,29,14,30,866,114,948,5.1000000000000005,21,37.550000000000004
2012,4,29,15,30,699,105,902,5,21,48.82
2012,4,29,16,30,494,91,821,4.6000000000000005,20,60.68
2012,4,29,17,30,269,70,668,3.3000000000000003,17,72.66
2012,4,29,18,30,63,33,311,2,14,84.46000000000001
2012,4,29,19,30,0,0,0,1.6,11,95.8
2012,4,29,20,30,0,0,0,1.4000000000000001,10,106.33
2012,4,29,21,30,0,0,0,1.3,10,115.58
2012,4,29,22,30,0,0,0,1.2000000000000002,10,122.84
2012,4,29,23,30,0,0,0,1.1,9,127.25
2012,4,30,0,30,0,0,0,1,9,128.06
2012,4,30,1,30,0,0,0,0.8,9,125.11
2012,4,30,2,30,0,0,0,0.6000000000000001,8,118.96000000000001
2012,4,30,3,30,0,0,0,0.5,8,110.46000000000001
2012,4,30,4,30,0,0,0,0.7000000000000001,7,100.4
2012,4,30,5,30,0,0,0,0.7000000000000001,8,89.35000000000001
2012,4,30,6,30,175,57,556,1,11,77.71000000000001
2012,4,30,7,30,399,82,771,2,16,65.76
2012,4,30,8,30,616,99,876,2.9000000000000004,19,53.79
2012,4,30,9,30,802,109,934,3.5,21,42.160000000000004
2012,4,30,10,30,941,117,967,3.8000000000000003,22,31.580000000000002
2012,4,30,11,30,1021,119,985,3.9000000000000004,23,23.78
2012,4,30,12,30,1034,122,984,4,24,22.09
2012,4,30,13,30,981,121,971,3.9000000000000004,25,27.69
2012,4,30,14,30,869,108,957,3.9000000000000004,25,37.37
2012,4,30,15,30,701,100,909,3.8000000000000003,25,48.660000000000004
2012,4,30,16,30,495,88,828,3.5,24,60.54
2012,4,30,17,30,154,120,111,2.3000000000000003,21,72.52
2012,4,30,18,30,61,34,273,1.4000000000000001,17,84.3
2012,4,30,19,30,0,0,0,1.4000000000000001,14,95.63
2012,4,30,20,30,0,0,0,1.4000000000000001,14,106.13
2012,4,30,21,30,0,0,0,1.5,13,115.35000000000001
2012,4,30,22,30,0,0,0,1.6,12,122.57000000000001
2012,4,30,23,30,0,0,0,2,11,126.96000000000001
2012,5,1,0,30,0,0,0,2.2,10,127.76
2012,5,1,1,30,0,0,0,2,9,124.82000000000001
2012,5,1,2,30,0,0,0,1.6,9,118.68
2012,5,1,3,30,0,0,0,1.2000000000000002,8,110.21000000000001
2012,5,1,4,30,0,0,0,1.2000000000000002,8,100.18
2012,5,1,5,30,0,0,0,1.6,9,89.15
2012,5,1,6,30,33,33,0,2.3000000000000003,12,77.51
2012,5,1,7,30,284,182,246,3.7,16,65.57000000000001
2012,5,1,8,30,399,278,203,4.800000000000001,19,53.6
2012,5,1,9,30,534,370,220,4.5,20,41.95
2012,5,1,10,30,224,212,13,3.7,21,31.330000000000002
2012,5,1,11,30,390,365,27,3.2,22,23.490000000000002
2012,5,1,12,30,817,452,393,3.4000000000000004,23,21.8
2012,5,1,13,30,788,420,414,4,24,27.46
2012,5,1,14,30,555,408,183,4.5,25,37.19
2012,5,1,15,30,582,238,520,4.800000000000001,25,48.51
2012,5,1,16,30,418,149,544,4.800000000000001,24,60.39
2012,5,1,17,30,248,70,587,3.5,22,72.37
2012,5,1,18,30,50,37,128,2.3000000000000003,19,84.15
2012,5,1,19,30,0,0,0,2.4000000000000004,16,95.45
2012,5,1,20,30,0,0,0,2.6,15,105.94
2012,5,1,21,30,0,0,0,2.5,14,115.12
2012,5,1,22,30,0,0,0,2.2,12,122.31
2012,5,1,23,30,0,0,0,2,11,126.67
2012,5,2,0,30,0,0,0,1.7000000000000002,10,127.46000000000001
2012,5,2,1,30,0,0,0,1.5,10,124.53
2012,5,2,2,30,0,0,0,1.2000000000000002,9,118.41
2012,5,2,3,30,0,0,0,1,9,109.97
2012,5,2,4,30,0,0,0,0.8,9,99.96000000000001
2012,5,2,5,30,9,9,0,0.9,10,88.94
2012,5,2,6,30,139,73,298,1.5,13,77.32000000000001
2012,5,2,7,30,380,71,741,2.8000000000000003,16,65.39
2012,5,2,8,30,48,48,0,3.9000000000000004,19,53.410000000000004
2012,5,2,9,30,419,358,82,4.1000000000000005,21,41.74
2012,5,2,10,30,458,407,60,4.2,22,31.1
2012,5,2,11,30,904,403,544,4.3,23,23.2
2012,5,2,12,30,812,405,437,4.5,24,21.51
2012,5,2,13,30,797,424,419,4.6000000000000005,25,27.23
2012,5,2,14,30,555,409,183,4.7,24,37.01
2012,5,2,15,30,480,316,246,4.6000000000000005,23,48.36
2012,5,2,16,30,111,111,0,3.9000000000000004,22,60.25
2012,5,2,17,30,12,12,0,2.4000000000000004,20,72.22
2012,5,2,18,30,1,1,0,1.3,18,83.99
2012,5,2,19,30,0,0,0,1.1,16,95.28
2012,5,2,20,30,0,0,0,1.1,15,105.74000000000001
2012,5,2,21,30,0,0,0,1.2000000000000002,14,114.89
2012,5,2,22,30,0,0,0,1.3,13,122.05
2012,5,2,23,30,0,0,0,1.3,12,126.38000000000001
2012,5,3,0,30,0,0,0,1.2000000000000002,11,127.16
2012,5,3,1,30,0,0,0,1,10,124.24000000000001
2012,5,3,2,30,0,0,0,0.7000000000000001,10,118.15
2012,5,3,3,30,0,0,0,0.7000000000000001,10,109.73
2012,5,3,4,30,0,0,0,0.9,9,99.74000000000001
2012,5,3,5,30,13,11,89,1.2000000000000002,10,88.74
2012,5,3,6,30,184,54,584,1.7000000000000002,14,77.13
2012,5,3,7,30,402,77,774,2.5,18,65.2
2012,5,3,8,30,615,92,873,3.2,21,53.22
2012,5,3,9,30,798,103,927,3.5,23,41.54
2012,5,3,10,30,933,111,957,3.7,24,30.86
2012,5,3,11,30,1012,113,975,3.9000000000000004,26,22.92
2012,5,3,12,30,1026,114,978,4.1000000000000005,27,21.23
2012,5,3,13,30,975,112,968,4.4,28,27.01
2012,5,3,14,30,866,98,958,4.7,28,36.84
2012,5,3,15,30,700,93,910,5,27,48.21
2012,5,3,16,30,481,77,809,4.9,26,60.1
2012,5,3,17,30,182,121,196,3.7,24,72.08
2012,5,3,18,30,69,36,310,2.3000000000000003,21,83.84
2012,5,3,19,30,0,0,0,1.9000000000000001,19,95.11
2012,5,3,20,30,0,0,0,1.9000000000000001,18,105.54
2012,5,3,21,30,0,0,0,2.1,16,114.67
2012,5,3,22,30,0,0,0,2.1,15,121.8
2012,5,3,23,30,0,0,0,2,14,126.10000000000001
2012,5,4,0,30,0,0,0,1.7000000000000002,12,126.87
2012,5,4,1,30,0,0,0,1.4000000000000001,11,123.96000000000001
2012,5,4,2,30,0,0,0,1.2000000000000002,10,117.89
2012,5,4,3,30,0,0,0,1,10,109.49000000000001
2012,5,4,4,30,0,0,0,0.9,9,99.53
2012,5,4,5,30,15,12,131,1.2000000000000002,10,88.55
2012,5,4,6,30,193,52,624,1.7000000000000002,14,76.95
2012,5,4,7,30,416,73,813,2.5,17,65.02
2012,5,4,8,30,635,83,917,3.3000000000000003,20,53.04
2012,5,4,9,30,821,93,969,3.6,22,41.35
2012,5,4,10,30,959,99,999,3.7,24,30.64
2012,5,4,11,30,1039,103,1014,3.9000000000000004,25,22.650000000000002
2012,5,4,12,30,1054,105,1016,4.1000000000000005,26,20.95
2012,5,4,13,30,1002,104,1006,4.2,27,26.79
2012,5,4,14,30,889,95,990,4.3,28,36.67
2012,5,4,15,30,721,89,945,4.4,27,48.06
2012,5,4,16,30,514,79,869,4.1000000000000005,26,59.96
2012,5,4,17,30,290,61,738,2.8000000000000003,24,71.93
2012,5,4,18,30,78,33,402,1.6,20,83.68
2012,5,4,19,30,0,0,0,1.7000000000000002,17,94.93
2012,5,4,20,30,0,0,0,2.2,16,105.35000000000001
2012,5,4,21,30,0,0,0,2.6,15,114.44
2012,5,4,22,30,0,0,0,2.7,14,121.54
2012,5,4,23,30,0,0,0,2.5,13,125.83
2012,5,5,0,30,0,0,0,2.1,11,126.59
2012,5,5,1,30,0,0,0,1.8,10,123.68
2012,5,5,2,30,0,0,0,1.4000000000000001,9,117.63
2012,5,5,3,30,0,0,0,1.2000000000000002,9,109.26
2012,5,5,4,30,0,0,0,1.1,8,99.32000000000001
2012,5,5,5,30,8,8,0,1,10,88.36
2012,5,5,6,30,94,84,42,1.3,14,76.77
2012,5,5,7,30,401,61,800,2.4000000000000004,18,64.85
2012,5,5,8,30,633,85,907,3.3000000000000003,21,52.86
2012,5,5,9,30,816,96,956,3.6,22,41.160000000000004
2012,5,5,10,30,952,102,985,3.8000000000000003,24,30.42
2012,5,5,11,30,1024,117,981,3.9000000000000004,25,22.38
2012,5,5,12,30,1037,116,984,4,26,20.68
2012,5,5,13,30,986,111,977,4.1000000000000005,27,26.57
2012,5,5,14,30,877,96,970,4.2,27,36.5
2012,5,5,15,30,710,92,921,4.3,26,47.910000000000004
2012,5,5,16,30,506,82,843,4.1000000000000005,25,59.82
2012,5,5,17,30,286,63,715,3,23,71.79
2012,5,5,18,30,80,33,411,1.8,19,83.53
2012,5,5,19,30,0,0,0,1.7000000000000002,16,94.76
2012,5,5,20,30,0,0,0,2,14,105.16
2012,5,5,21,30,0,0,0,2.3000000000000003,13,114.22
2012,5,5,22,30,0,0,0,2,11,121.29
2012,5,5,23,30,0,0,0,1.5,10,125.55
2012,5,6,0,30,0,0,0,1.1,9,126.31
2012,5,6,1,30,0,0,0,1,9,123.41
2012,5,6,2,30,0,0,0,1.1,8,117.38
2012,5,6,3,30,0,0,0,1.2000000000000002,7,109.04
2012,5,6,4,30,0,0,0,1.3,7,99.11
2012,5,6,5,30,18,14,125,1.5,8,88.17
2012,5,6,6,30,198,58,602,2,11,76.60000000000001
2012,5,6,7,30,420,84,785,2.4000000000000004,15,64.68
2012,5,6,8,30,634,101,879,2.9000000000000004,18,52.69
2012,5,6,9,30,815,118,923,3.3000000000000003,20,40.97
2012,5,6,10,30,947,132,943,3.5,21,30.2
2012,5,6,11,30,1025,133,962,3.6,22,22.12
2012,5,6,12,30,848,472,401,3.7,23,20.400000000000002
2012,5,6,13,30,821,432,433,3.8000000000000003,24,26.36
2012,5,6,14,30,139,135,5,3.9000000000000004,23,36.33
2012,5,6,15,30,277,259,27,4,22,47.76
2012,5,6,16,30,382,202,357,4.1000000000000005,21,59.68
2012,5,6,17,30,212,113,316,3.5,19,71.65
2012,5,6,18,30,72,45,233,2.4000000000000004,16,83.38
2012,5,6,19,30,0,0,0,1.8,14,94.60000000000001
2012,5,6,20,30,0,0,0,1.5,13,104.96000000000001
2012,5,6,21,30,0,0,0,1.3,12,114
2012,5,6,22,30,0,0,0,1.2000000000000002,11,121.05
2012,5,6,23,30,0,0,0,1.1,11,125.28
2012,5,7,0,30,0,0,0,1.1,11,126.03
2012,5,7,1,30,0,0,0,1.1,10,123.15
2012,5,7,2,30,0,0,0,1.2000000000000002,9,117.14
2012,5,7,3,30,0,0,0,1.5,9,108.81
2012,5,7,4,30,0,0,0,1.9000000000000001,8,98.91
2012,5,7,5,30,17,15,73,2.4000000000000004,9,87.99
2012,5,7,6,30,182,53,547,3.3000000000000003,12,76.43
2012,5,7,7,30,402,105,689,4.2,15,64.52
2012,5,7,8,30,611,131,788,4.5,18,52.53
2012,5,7,9,30,791,150,846,4.5,20,40.800000000000004
2012,5,7,10,30,141,136,5,4.5,21,29.990000000000002
2012,5,7,11,30,152,145,7,4.6000000000000005,21,21.86
2012,5,7,12,30,263,247,16,4.7,20,20.14
2012,5,7,13,30,670,471,222,4.6000000000000005,20,26.150000000000002
2012,5,7,14,30,532,413,147,3.9000000000000004,19,36.160000000000004
2012,5,7,15,30,256,242,20,3.3000000000000003,19,47.62
2012,5,7,16,30,27,27,0,3.1,19,59.550000000000004
2012,5,7,17,30,134,121,41,3,18,71.51
2012,5,7,18,30,4,4,0,3,15,83.23
2012,5,7,19,30,0,0,0,3.2,12,94.43
2012,5,7,20,30,0,0,0,3.4000000000000004,11,104.78
2012,5,7,21,30,0,0,0,3.6,10,113.79
2012,5,7,22,30,0,0,0,3.7,9,120.8
2012,5,7,23,30,0,0,0,3.8000000000000003,9,125.02
2012,5,8,0,30,0,0,0,3.7,9,125.76
2012,5,8,1,30,0,0,0,3.6,8,122.88
2012,5,8,2,30,0,0,0,3.3000000000000003,7,116.9
2012,5,8,3,30,0,0,0,2.9000000000000004,7,108.60000000000001
2012,5,8,4,30,0,0,0,2.8000000000000003,6,98.72
2012,5,8,5,30,19,16,65,3.4000000000000004,7,87.81
2012,5,8,6,30,187,73,482,4.4,10,76.26
2012,5,8,7,30,400,106,679,4.6000000000000005,13,64.36
2012,5,8,8,30,609,125,792,4.1000000000000005,16,52.370000000000005
2012,5,8,9,30,789,138,858,3.5,17,40.62
2012,5,8,10,30,924,144,898,3,18,29.79
2012,5,8,11,30,1001,148,917,2.5,19,21.61
2012,5,8,12,30,1016,146,924,2.3000000000000003,20,19.88
2012,5,8,13,30,966,141,916,2.2,21,25.94
2012,5,8,14,30,856,132,894,2.1,21,36
2012,5,8,15,30,695,120,851,2,21,47.480000000000004
2012,5,8,16,30,496,102,774,1.9000000000000001,20,59.410000000000004
2012,5,8,17,30,281,78,636,1.5,19,71.37
2012,5,8,18,30,80,40,330,1.1,16,83.08
2012,5,8,19,30,0,0,0,1.2000000000000002,13,94.26
2012,5,8,20,30,0,0,0,1.4000000000000001,12,104.59
2012,5,8,21,30,0,0,0,1.5,11,113.58
2012,5,8,22,30,0,0,0,1.4000000000000001,11,120.56
2012,5,8,23,30,0,0,0,1.3,10,124.76
2012,5,9,0,30,0,0,0,1.3,9,125.49000000000001
2012,5,9,1,30,0,0,0,1.3,9,122.63
2012,5,9,2,30,0,0,0,1.5,8,116.66
2012,5,9,3,30,0,0,0,1.8,7,108.39
2012,5,9,4,30,0,0,0,2,7,98.53
2012,5,9,5,30,22,17,131,3,8,87.64
2012,5,9,6,30,197,60,570,3.8000000000000003,12,76.10000000000001
2012,5,9,7,30,413,84,756,4,16,64.21000000000001
2012,5,9,8,30,623,98,856,3.8000000000000003,19,52.21
2012,5,9,9,30,802,110,909,3.5,21,40.46
2012,5,9,10,30,934,118,938,3,22,29.59
2012,5,9,11,30,1009,125,949,2.7,23,21.36
2012,5,9,12,30,1023,126,952,2.3000000000000003,24,19.62
2012,5,9,13,30,973,123,942,1.8,25,25.740000000000002
2012,5,9,14,30,867,107,936,1.2000000000000002,25,35.84
2012,5,9,15,30,706,97,897,0.9,24,47.34
2012,5,9,16,30,506,84,826,0.8,23,59.27
2012,5,9,17,30,289,67,689,0.7000000000000001,22,71.23
2012,5,9,18,30,85,37,384,0.7000000000000001,19,82.93
2012,5,9,19,30,0,0,0,0.9,17,94.10000000000001
2012,5,9,20,30,0,0,0,1,16,104.4
2012,5,9,21,30,0,0,0,1,15,113.36
2012,5,9,22,30,0,0,0,1,14,120.33
2012,5,9,23,30,0,0,0,0.8,13,124.5
2012,5,10,0,30,0,0,0,0.4,13,125.23
2012,5,10,1,30,0,0,0,0.5,12,122.38
2012,5,10,2,30,0,0,0,0.8,10,116.43
2012,5,10,3,30,0,0,0,0.9,9,108.18
2012,5,10,4,30,0,0,0,0.9,9,98.35000000000001
2012,5,10,5,30,25,17,169,1.1,11,87.47
2012,5,10,6,30,204,56,610,1.5,15,75.95
2012,5,10,7,30,421,77,787,1.3,19,64.06
2012,5,10,8,30,631,91,879,1.3,22,52.06
2012,5,10,9,30,811,100,932,1.9000000000000001,24,40.300000000000004
2012,5,10,10,30,946,106,965,2.8000000000000003,25,29.400000000000002
2012,5,10,11,30,1025,109,982,3.7,26,21.12
2012,5,10,12,30,1041,108,989,4.3,27,19.36
2012,5,10,13,30,993,104,984,4.5,28,25.54
2012,5,10,14,30,884,98,967,4.3,28,35.68
2012,5,10,15,30,722,91,929,4.1000000000000005,27,47.2
2012,5,10,16,30,521,80,859,3.8000000000000003,26,59.14
2012,5,10,17,30,300,64,726,2.6,24,71.09
2012,5,10,18,30,90,37,421,1.5,21,82.78
2012,5,10,19,30,0,0,0,1.4000000000000001,18,93.93
2012,5,10,20,30,0,0,0,1.4000000000000001,17,104.22
2012,5,10,21,30,0,0,0,1.4000000000000001,16,113.16
2012,5,10,22,30,0,0,0,1.5,14,120.09
2012,5,10,23,30,0,0,0,1.7000000000000002,13,124.25
2012,5,11,0,30,0,0,0,1.8,12,124.97
2012,5,11,1,30,0,0,0,1.7000000000000002,11,122.13
2012,5,11,2,30,0,0,0,1.4000000000000001,10,116.21000000000001
2012,5,11,3,30,0,0,0,1.1,10,107.98
2012,5,11,4,30,0,0,0,0.8,10,98.17
2012,5,11,5,30,26,19,150,0.5,11,87.31
2012,5,11,6,30,204,61,583,0.6000000000000001,15,75.8
2012,5,11,7,30,421,84,766,0.9,19,63.92
2012,5,11,8,30,631,97,867,1.3,22,51.92
2012,5,11,9,30,811,106,921,1.8,25,40.14
2012,5,11,10,30,943,114,950,2.4000000000000004,26,29.22
2012,5,11,11,30,356,335,21,3,27,20.89
2012,5,11,12,30,323,305,19,3.5,28,19.12
2012,5,11,13,30,562,466,105,4,29,25.34
2012,5,11,14,30,718,353,448,4.2,28,35.53
2012,5,11,15,30,705,115,865,4.1000000000000005,27,47.06
2012,5,11,16,30,503,107,768,3.8000000000000003,26,59.01
2012,5,11,17,30,11,11,0,2.5,24,70.96000000000001
2012,5,11,18,30,80,49,241,1.1,22,82.63
2012,5,11,19,30,0,0,0,0.7000000000000001,20,93.77
2012,5,11,20,30,0,0,0,0.7000000000000001,19,104.04
2012,5,11,21,30,0,0,0,0.8,18,112.95
2012,5,11,22,30,0,0,0,1.6,17,119.87
2012,5,11,23,30,0,0,0,3.1,16,124
2012,5,12,0,30,0,0,0,4.2,14,124.72
2012,5,12,1,30,0,0,0,4.4,13,121.89
2012,5,12,2,30,0,0,0,4.3,12,115.99000000000001
2012,5,12,3,30,0,0,0,4.1000000000000005,11,107.79
2012,5,12,4,30,0,0,0,4.1000000000000005,10,97.99000000000001
2012,5,12,5,30,25,19,112,4.6000000000000005,11,87.15
2012,5,12,6,30,199,69,521,5.2,14,75.65
2012,5,12,7,30,412,98,711,5,17,63.78
2012,5,12,8,30,620,117,813,4.2,20,51.78
2012,5,12,9,30,798,131,871,3.2,23,39.99
2012,5,12,10,30,931,140,904,2.1,25,29.04
2012,5,12,11,30,408,380,29,1.2000000000000002,26,20.66
2012,5,12,12,30,648,505,151,1.1,27,18.87
2012,5,12,13,30,600,475,137,1.8,27,25.150000000000002
2012,5,12,14,30,277,263,17,2.5,27,35.37
2012,5,12,15,30,636,214,617,3,26,46.93
2012,5,12,16,30,251,221,56,2.9000000000000004,25,58.88
2012,5,12,17,30,290,83,630,2,23,70.82000000000001
2012,5,12,18,30,89,44,343,1.2000000000000002,20,82.49
2012,5,12,19,30,0,0,0,0.9,18,93.61
2012,5,12,20,30,0,0,0,0.5,17,103.86
2012,5,12,21,30,0,0,0,0.4,17,112.75
2012,5,12,22,30,0,0,0,0.9,16,119.64
2012,5,12,23,30,0,0,0,1.2000000000000002,14,123.76
2012,5,13,0,30,0,0,0,1.6,13,124.48
2012,5,13,1,30,0,0,0,2.3000000000000003,12,121.66
2012,5,13,2,30,0,0,0,2.9000000000000004,11,115.78
2012,5,13,3,30,0,0,0,3.5,11,107.59
2012,5,13,4,30,0,0,0,3.8000000000000003,10,97.82000000000001
2012,5,13,5,30,25,21,80,4.2,11,87
2012,5,13,6,30,195,82,452,4.5,13,75.51
2012,5,13,7,30,279,190,199,4.2,16,63.64
2012,5,13,8,30,614,132,777,3.4000000000000004,19,51.65
2012,5,13,9,30,787,165,811,2.4000000000000004,22,39.85
2012,5,13,10,30,670,448,253,1.3,23,28.87
2012,5,13,11,30,456,418,40,0.6000000000000001,24,20.44
2012,5,13,12,30,936,414,550,1.1,25,18.63
2012,5,13,13,30,37,37,0,2.1,25,24.96
2012,5,13,14,30,324,305,23,2.8000000000000003,25,35.22
2012,5,13,15,30,36,36,0,3.4000000000000004,24,46.79
2012,5,13,16,30,76,76,0,3.6,23,58.75
2012,5,13,17,30,277,70,623,2.9000000000000004,21,70.69
2012,5,13,18,30,90,48,311,1.6,18,82.34
2012,5,13,19,30,0,0,0,0.9,15,93.45
2012,5,13,20,30,0,0,0,0.4,14,103.68
2012,5,13,21,30,0,0,0,0.30000000000000004,13,112.55
2012,5,13,22,30,0,0,0,0.9,13,119.42
2012,5,13,23,30,0,0,0,1.8,12,123.52
2012,5,14,0,30,0,0,0,2.5,10,124.24000000000001
2012,5,14,1,30,0,0,0,2.6,9,121.43
2012,5,14,2,30,0,0,0,2.3000000000000003,9,115.57000000000001
2012,5,14,3,30,0,0,0,2,8,107.41
2012,5,14,4,30,0,0,0,1.8,8,97.66
2012,5,14,5,30,29,21,144,2.5,9,86.85000000000001
2012,5,14,6,30,208,68,556,3.3000000000000003,13,75.38
2012,5,14,7,30,427,92,750,3,16,63.51
2012,5,14,8,30,637,108,849,2,19,51.52
2012,5,14,9,30,818,118,910,1,21,39.71
2012,5,14,10,30,953,123,946,0.30000000000000004,23,28.7
2012,5,14,11,30,1031,125,965,0.5,24,20.22
2012,5,14,12,30,1047,123,973,1.1,25,18.400000000000002
2012,5,14,13,30,998,119,968,1.6,26,24.77
2012,5,14,14,30,891,103,962,2.1,27,35.07
2012,5,14,15,30,730,94,925,2.4000000000000004,26,46.660000000000004
2012,5,14,16,30,530,83,858,2.5,25,58.620000000000005
2012,5,14,17,30,311,65,736,1.9000000000000001,23,70.55
2012,5,14,18,30,101,39,457,1.3,20,82.2
2012,5,14,19,30,0,0,0,1.3,17,93.3
2012,5,14,20,30,0,0,0,1.3,16,103.5
2012,5,14,21,30,0,0,0,1.3,15,112.35000000000001
2012,5,14,22,30,0,0,0,1.2000000000000002,15,119.2
2012,5,14,23,30,0,0,0,1,14,123.29
2012,5,15,0,30,0,0,0,0.9,13,124
2012,5,15,1,30,0,0,0,1,12,121.21000000000001
2012,5,15,2,30,0,0,0,1.3,10,115.37
2012,5,15,3,30,0,0,0,1.8,9,107.23
2012,5,15,4,30,0,0,0,2.6,9,97.5
2012,5,15,5,30,34,22,215,3.8000000000000003,10,86.71000000000001
2012,5,15,6,30,220,61,627,4.5,14,75.25
2012,5,15,7,30,440,82,800,4.4,18,63.39
2012,5,15,8,30,652,93,896,4.1000000000000005,22,51.4
2012,5,15,9,30,831,101,946,3.8000000000000003,25,39.57
2012,5,15,10,30,963,107,974,3.7,27,28.54
2012,5,15,11,30,1039,111,987,3.8000000000000003,28,20.01
2012,5,15,12,30,1052,112,988,3.9000000000000004,29,18.17
2012,5,15,13,30,1001,111,978,4,30,24.59
2012,5,15,14,30,891,104,959,4.1000000000000005,30,34.93
2012,5,15,15,30,728,96,918,4.4,29,46.53
2012,5,15,16,30,528,86,846,4.5,28,58.49
2012,5,15,17,30,308,69,713,3.8000000000000003,26,70.42
2012,5,15,18,30,100,41,424,2.8000000000000003,22,82.06
2012,5,15,19,30,0,0,0,2.9000000000000004,19,93.14
2012,5,15,20,30,0,0,0,3.3000000000000003,18,103.33
2012,5,15,21,30,0,0,0,3.3000000000000003,17,112.16
2012,5,15,22,30,0,0,0,3.2,16,118.99000000000001
2012,5,15,23,30,0,0,0,3,15,123.06
2012,5,16,0,30,0,0,0,2.9000000000000004,13,123.77
2012,5,16,1,30,0,0,0,3,13,120.99000000000001
2012,5,16,2,30,0,0,0,3.4000000000000004,12,115.17
2012,5,16,3,30,0,0,0,3.8000000000000003,11,107.06
2012,5,16,4,30,0,0,0,3.9000000000000004,11,97.35000000000001
2012,5,16,5,30,32,23,145,4.4,12,86.57000000000001
2012,5,16,6,30,209,75,522,5,15,75.12
2012,5,16,7,30,422,107,700,5.5,19,63.27
2012,5,16,8,30,631,125,809,5.800000000000001,23,51.28
2012,5,16,9,30,810,137,871,5.9,26,39.45
2012,5,16,10,30,942,147,903,5.800000000000001,28,28.39
2012,5,16,11,30,662,501,170,5.5,29,19.81
2012,5,16,12,30,121,119,2,5.2,30,17.94
2012,5,16,13,30,639,481,173,5,30,24.41
2012,5,16,14,30,776,332,540,5.1000000000000005,29,34.78
2012,5,16,15,30,197,190,10,5.300000000000001,28,46.4
2012,5,16,16,30,418,196,423,5,27,58.370000000000005
2012,5,16,17,30,285,115,506,3.7,25,70.29
2012,5,16,18,30,3,3,0,2.2,22,81.92
2012,5,16,19,30,0,0,0,1.7000000000000002,19,92.99
2012,5,16,20,30,0,0,0,1.5,17,103.16
2012,5,16,21,30,0,0,0,1.4000000000000001,15,111.97
2012,5,16,22,30,0,0,0,1.4000000000000001,14,118.78
2012,5,16,23,30,0,0,0,1.4000000000000001,14,122.84
2012,5,17,0,30,0,0,0,1.5,13,123.55
2012,5,17,1,30,0,0,0,1.5,12,120.78
2012,5,17,2,30,0,0,0,1.4000000000000001,12,114.98
2012,5,17,3,30,0,0,0,1.1,12,106.89
2012,5,17,4,30,0,0,0,0.8,12,97.2
2012,5,17,5,30,33,25,140,0.7000000000000001,14,86.44
2012,5,17,6,30,209,80,498,1.1,17,75
2012,5,17,7,30,419,119,664,2.1,21,63.160000000000004
2012,5,17,8,30,627,139,779,3.3000000000000003,24,51.17
2012,5,17,9,30,800,165,821,3.9000000000000004,27,39.33
2012,5,17,10,30,927,185,842,4.1000000000000005,28,28.240000000000002
2012,5,17,11,30,1021,136,939,4,29,19.61
2012,5,17,12,30,1038,130,953,3.8000000000000003,30,17.73
2012,5,17,13,30,990,123,950,3.7,31,24.240000000000002
2012,5,17,14,30,649,403,299,3.8000000000000003,31,34.64
2012,5,17,15,30,670,179,711,4,30,46.27
2012,5,17,16,30,451,171,532,4,29,58.24
2012,5,17,17,30,250,111,409,3,27,70.16
2012,5,17,18,30,101,45,388,1.9000000000000001,23,81.78
2012,5,17,19,30,0,0,0,1.9000000000000001,20,92.84
2012,5,17,20,30,0,0,0,2.5,19,102.99000000000001
2012,5,17,21,30,0,0,0,2.8000000000000003,18,111.78
2012,5,17,22,30,0,0,0,2.8000000000000003,17,118.57000000000001
2012,5,17,23,30,0,0,0,2.7,16,122.62
2012,5,18,0,30,0,0,0,2.5,15,123.33
2012,5,18,1,30,0,0,0,2.2,15,120.57000000000001
2012,5,18,2,30,0,0,0,1.8,15,114.79
2012,5,18,3,30,0,0,0,1.5,14,106.72
2012,5,18,4,30,0,0,0,1.6,14,97.05
2012,5,18,5,30,32,25,109,2.2,15,86.31
2012,5,18,6,30,209,81,491,3,17,74.89
2012,5,18,7,30,426,106,706,4,20,63.050000000000004
2012,5,18,8,30,638,118,828,5.1000000000000005,23,51.06
2012,5,18,9,30,819,123,898,6,25,39.21
2012,5,18,10,30,953,130,932,6.800000000000001,27,28.1
2012,5,18,11,30,1028,141,940,7.300000000000001,28,19.42
2012,5,18,12,30,1040,147,935,7.4,28,17.51
2012,5,18,13,30,991,144,926,7.4,28,24.07
2012,5,18,14,30,883,134,908,7.4,28,34.5
2012,5,18,15,30,720,128,855,7.2,27,46.15
2012,5,18,16,30,463,174,547,6.800000000000001,26,58.120000000000005
2012,5,18,17,30,30,30,0,5.800000000000001,24,70.04
2012,5,18,18,30,2,2,0,4.1000000000000005,21,81.65
2012,5,18,19,30,0,0,0,2.9000000000000004,18,92.69
2012,5,18,20,30,0,0,0,2.6,16,102.83
2012,5,18,21,30,0,0,0,2.4000000000000004,15,111.59
2012,5,18,22,30,0,0,0,2,13,118.37
2012,5,18,23,30,0,0,0,1.7000000000000002,13,122.41
2012,5,19,0,30,0,0,0,1.5,12,123.12
2012,5,19,1,30,0,0,0,1.4000000000000001,11,120.37
2012,5,19,2,30,0,0,0,1.3,10,114.61
2012,5,19,3,30,0,0,0,1.2000000000000002,9,106.57000000000001
2012,5,19,4,30,0,0,0,1.1,9,96.92
2012,5,19,5,30,40,23,247,1.7000000000000002,11,86.19
2012,5,19,6,30,227,59,637,2.7,14,74.78
2012,5,19,7,30,444,80,801,3.4000000000000004,17,62.95
2012,5,19,8,30,654,92,891,3.8000000000000003,19,50.96
2012,5,19,9,30,831,103,938,3.9000000000000004,21,39.1
2012,5,19,10,30,962,111,963,3.9000000000000004,22,27.97
2012,5,19,11,30,1038,114,977,4,23,19.23
2012,5,19,12,30,1049,118,975,4.1000000000000005,24,17.3
2012,5,19,13,30,999,117,964,4.2,25,23.900000000000002
2012,5,19,14,30,893,106,953,4.3,25,34.37
2012,5,19,15,30,733,97,915,4.2,25,46.02
2012,5,19,16,30,535,86,848,4,24,58
2012,5,19,17,30,318,69,723,3,22,69.91
2012,5,19,18,30,109,43,448,1.7000000000000002,19,81.51
2012,5,19,19,30,0,0,0,1.3,16,92.54
2012,5,19,20,30,0,0,0,1.3,15,102.66
2012,5,19,21,30,0,0,0,1.3,15,111.41
2012,5,19,22,30,0,0,0,1.2000000000000002,14,118.17
2012,5,19,23,30,0,0,0,1.1,14,122.2
2012,5,20,0,30,0,0,0,1,14,122.91
2012,5,20,1,30,0,0,0,1.1,13,120.18
2012,5,20,2,30,0,0,0,1.2000000000000002,12,114.44
2012,5,20,3,30,0,0,0,1.3,11,106.41
2012,5,20,4,30,0,0,0,1.3,10,96.78
2012,5,20,5,30,41,25,236,1.5,12,86.08
2012,5,20,6,30,229,61,634,2.2,16,74.67
2012,5,20,7,30,447,82,799,2.5,20,62.85
2012,5,20,8,30,656,94,890,2.2,24,50.86
2012,5,20,9,30,834,105,938,1.8,25,39
2012,5,20,10,30,965,112,965,1.5,27,27.84
2012,5,20,11,30,1041,115,980,1.2000000000000002,28,19.06
2012,5,20,12,30,1054,116,981,1.1,28,17.1
2012,5,20,13,30,1004,114,971,1,29,23.740000000000002
2012,5,20,14,30,896,105,956,1,29,34.230000000000004
2012,5,20,15,30,736,96,919,1,29,45.9
2012,5,20,16,30,539,83,856,1.2000000000000002,28,57.88
2012,5,20,17,30,321,67,737,1,26,69.79
2012,5,20,18,30,112,41,477,0.9,23,81.38
2012,5,20,19,30,0,0,0,1.1,20,92.4
2012,5,20,20,30,0,0,0,1.1,20,102.5
2012,5,20,21,30,0,0,0,1.1,19,111.24000000000001
2012,5,20,22,30,0,0,0,1.1,18,117.98
2012,5,20,23,30,0,0,0,1.2000000000000002,17,122
2012,5,21,0,30,0,0,0,1.4000000000000001,16,122.71000000000001
2012,5,21,1,30,0,0,0,1.5,14,119.99000000000001
2012,5,21,2,30,0,0,0,1.5,12,114.27
2012,5,21,3,30,0,0,0,1.6,11,106.27
2012,5,21,4,30,0,0,0,2,11,96.66
2012,5,21,5,30,41,24,236,3.3000000000000003,13,85.96000000000001
2012,5,21,6,30,225,62,615,4.7,16,74.57000000000001
2012,5,21,7,30,440,84,778,4.9,20,62.76
2012,5,21,8,30,647,97,870,4.5,24,50.77
2012,5,21,9,30,824,108,919,3.7,27,38.9
2012,5,21,10,30,955,116,948,2.8000000000000003,29,27.71
2012,5,21,11,30,1027,128,949,2,31,18.89
2012,5,21,12,30,1041,130,952,1.4000000000000001,32,16.9
2012,5,21,13,30,993,129,942,1,32,23.580000000000002
2012,5,21,14,30,893,105,950,0.8,33,34.1
2012,5,21,15,30,734,98,912,0.8,32,45.78
2012,5,21,16,30,538,86,846,0.8,31,57.76
2012,5,21,17,30,321,69,725,0.7000000000000001,29,69.67
2012,5,21,18,30,114,42,468,0.8,26,81.25
2012,5,21,19,30,0,0,0,0.9,23,92.25
2012,5,21,20,30,0,0,0,0.7000000000000001,22,102.35000000000001
2012,5,21,21,30,0,0,0,0.7000000000000001,21,111.06
2012,5,21,22,30,0,0,0,0.9,20,117.79
2012,5,21,23,30,0,0,0,1.1,18,121.8
2012,5,22,0,30,0,0,0,1.4000000000000001,17,122.51
2012,5,22,1,30,0,0,0,1.6,15,119.81
2012,5,22,2,30,0,0,0,1.5,14,114.11
2012,5,22,3,30,0,0,0,1.3,14,106.13
2012,5,22,4,30,0,0,0,0.9,14,96.54
2012,5,22,5,30,43,26,233,0.6000000000000001,16,85.86
2012,5,22,6,30,206,66,521,0.8,20,74.48
2012,5,22,7,30,447,89,778,1.9000000000000001,25,62.67
2012,5,22,8,30,655,102,872,3.2,28,50.68
2012,5,22,9,30,832,112,923,3.9000000000000004,29,38.800000000000004
2012,5,22,10,30,964,121,951,4.4,31,27.6
2012,5,22,11,30,1040,123,968,4.9,32,18.72
2012,5,22,12,30,1050,128,963,5.4,32,16.7
2012,5,22,13,30,998,125,951,5.800000000000001,33,23.42
2012,5,22,14,30,893,106,949,6,33,33.97
2012,5,22,15,30,735,94,917,6.1000000000000005,32,45.660000000000004
2012,5,22,16,30,454,164,542,5.9,31,57.64
2012,5,22,17,30,321,71,716,4.800000000000001,30,69.54
2012,5,22,18,30,113,45,445,3.3000000000000003,26,81.12
2012,5,22,19,30,0,0,0,2.9000000000000004,23,92.11
2012,5,22,20,30,0,0,0,3,22,102.19
2012,5,22,21,30,0,0,0,2.9000000000000004,20,110.89
2012,5,22,22,30,0,0,0,2.6,19,117.60000000000001
2012,5,22,23,30,0,0,0,2.5,17,121.61
2012,5,23,0,30,0,0,0,2.5,16,122.32000000000001
2012,5,23,1,30,0,0,0,2.2,15,119.63
2012,5,23,2,30,0,0,0,2,15,113.95
2012,5,23,3,30,0,0,0,2,14,105.99000000000001
2012,5,23,4,30,0,0,0,2,14,96.42
2012,5,23,5,30,43,26,226,2.6,16,85.76
2012,5,23,6,30,227,67,592,4,20,74.39
2012,5,23,7,30,440,93,754,5.1000000000000005,23,62.59
2012,5,23,8,30,648,107,852,5.2,25,50.6
2012,5,23,9,30,824,120,903,5.1000000000000005,27,38.72
2012,5,23,10,30,956,125,936,5.5,28,27.490000000000002
2012,5,23,11,30,1033,124,958,6.1000000000000005,30,18.56
2012,5,23,12,30,1044,128,955,7.1000000000000005,31,16.52
2012,5,23,13,30,993,127,942,8,31,23.27
2012,5,23,14,30,887,113,932,8.6,32,33.85
2012,5,23,15,30,728,105,889,9.1,31,45.550000000000004
2012,5,23,16,30,537,83,844,9.3,30,57.53
2012,5,23,17,30,269,119,427,8.8,28,69.43
2012,5,23,18,30,96,53,271,7.300000000000001,25,80.99
2012,5,23,19,30,0,0,0,5.6000000000000005,22,91.98
2012,5,23,20,30,0,0,0,4.800000000000001,20,102.04
2012,5,23,21,30,0,0,0,4.2,18,110.73
2012,5,23,22,30,0,0,0,3.5,16,117.43
2012,5,23,23,30,0,0,0,2.7,14,121.42
2012,5,24,0,30,0,0,0,1.9000000000000001,13,122.14
2012,5,24,1,30,0,0,0,1.6,12,119.46000000000001
2012,5,24,2,30,0,0,0,1.6,11,113.8
2012,5,24,3,30,0,0,0,1.6,10,105.86
2012,5,24,4,30,0,0,0,1.8,10,96.31
2012,5,24,5,30,42,27,195,2.8000000000000003,11,85.66
2012,5,24,6,30,226,69,579,4,14,74.3
2012,5,24,7,30,443,93,758,4.6000000000000005,17,62.51
2012,5,24,8,30,651,108,853,4.800000000000001,18,50.52
2012,5,24,9,30,829,119,908,4.800000000000001,20,38.63
2012,5,24,10,30,962,126,940,4.9,22,27.38
2012,5,24,11,30,1039,130,958,4.800000000000001,23,18.41
2012,5,24,12,30,1053,130,962,4.4,24,16.330000000000002
2012,5,24,13,30,1004,127,953,3.9000000000000004,25,23.12
2012,5,24,14,30,897,114,941,3.3000000000000003,26,33.72
2012,5,24,15,30,734,107,893,2.9000000000000004,26,45.43
2012,5,24,16,30,534,96,814,2.2,25,57.410000000000004
2012,5,24,17,30,319,75,691,1,24,69.31
2012,5,24,18,30,94,50,279,0.5,21,80.87
2012,5,24,19,30,0,0,0,1,19,91.84
2012,5,24,20,30,0,0,0,1.7000000000000002,19,101.89
2012,5,24,21,30,0,0,0,2.8000000000000003,19,110.57000000000001
2012,5,24,22,30,0,0,0,3.3000000000000003,18,117.25
2012,5,24,23,30,0,0,0,2.9000000000000004,17,121.24000000000001
2012,5,25,0,30,0,0,0,2.3000000000000003,15,121.96000000000001
2012,5,25,1,30,0,0,0,2,14,119.3
2012,5,25,2,30,0,0,0,2,14,113.66
2012,5,25,3,30,0,0,0,2.2,13,105.74000000000001
2012,5,25,4,30,0,0,0,2.4000000000000004,13,96.2
2012,5,25,5,30,46,26,262,3.4000000000000004,15,85.57000000000001
2012,5,25,6,30,231,61,625,4.9,18,74.22
2012,5,25,7,30,444,83,779,5.6000000000000005,20,62.440000000000005
2012,5,25,8,30,648,98,863,5.800000000000001,22,50.45
2012,5,25,9,30,824,107,916,6.1000000000000005,24,38.56
2012,5,25,10,30,955,112,948,6.5,27,27.29
2012,5,25,11,30,1029,119,958,7,28,18.27
2012,5,25,12,30,1044,118,964,7.6000000000000005,29,16.16
2012,5,25,13,30,997,112,960,8.200000000000001,30,22.97
2012,5,25,14,30,894,95,959,8.6,30,33.6
2012,5,25,15,30,737,87,924,8.8,29,45.32
2012,5,25,16,30,542,78,859,8.6,28,57.300000000000004
2012,5,25,17,30,328,64,741,7.7,27,69.19
2012,5,25,18,30,120,42,485,5.5,24,80.75
2012,5,25,19,30,0,0,0,3.3000000000000003,21,91.71000000000001
2012,5,25,20,30,0,0,0,2.5,19,101.75
2012,5,25,21,30,0,0,0,2,17,110.41
2012,5,25,22,30,0,0,0,1.7000000000000002,16,117.08
2012,5,25,23,30,0,0,0,1.5,14,121.07000000000001
2012,5,26,0,30,0,0,0,1.3,14,121.79
2012,5,26,1,30,0,0,0,1.3,13,119.14
2012,5,26,2,30,0,0,0,1.4000000000000001,12,113.52
2012,5,26,3,30,0,0,0,1.7000000000000002,12,105.62
2012,5,26,4,30,0,0,0,2.2,12,96.10000000000001
2012,5,26,5,30,47,27,256,3.4000000000000004,13,85.48
2012,5,26,6,30,234,64,623,5.1000000000000005,17,74.15
2012,5,26,7,30,450,85,788,6.5,20,62.370000000000005
2012,5,26,8,30,657,96,880,7.7,22,50.39
2012,5,26,9,30,831,110,920,8.5,24,38.480000000000004
2012,5,26,10,30,960,117,947,9.1,25,27.2
2012,5,26,11,30,1034,121,960,9.700000000000001,26,18.13
2012,5,26,12,30,1045,125,957,10.200000000000001,26,15.98
2012,5,26,13,30,996,125,944,10.700000000000001,25,22.830000000000002
2012,5,26,14,30,894,117,931,10.9,24,33.480000000000004
2012,5,26,15,30,742,113,893,10.700000000000001,23,45.21
2012,5,26,16,30,557,95,853,9.8,20,57.19
2012,5,26,17,30,346,73,765,8.1,18,69.08
2012,5,26,18,30,131,45,529,5.5,15,80.63
2012,5,26,19,30,0,0,0,3.2,13,91.58
2012,5,26,20,30,0,0,0,2.3000000000000003,11,101.60000000000001
2012,5,26,21,30,0,0,0,2.1,10,110.25
2012,5,26,22,30,0,0,0,2.1,9,116.92
2012,5,26,23,30,0,0,0,2.4000000000000004,8,120.9
2012,5,27,0,30,0,0,0,2.6,8,121.63
2012,5,27,1,30,0,0,0,2.4000000000000004,7,118.99000000000001
2012,5,27,2,30,0,0,0,1.9000000000000001,6,113.39
2012,5,27,3,30,0,0,0,1.4000000000000001,5,105.51
2012,5,27,4,30,0,0,0,1.1,5,96.01
2012,5,27,5,30,51,27,295,1.5,7,85.4
2012,5,27,6,30,244,61,667,2.4000000000000004,10,74.08
2012,5,27,7,30,462,81,820,3.1,13,62.31
2012,5,27,8,30,670,97,897,3.6,15,50.33
2012,5,27,9,30,849,110,942,3.9000000000000004,16,38.42
2012,5,27,10,30,982,118,970,4.1000000000000005,17,27.11
2012,5,27,11,30,1058,124,982,4.4,19,18
2012,5,27,12,30,1072,126,984,4.6000000000000005,20,15.82
2012,5,27,13,30,1023,123,975,4.9,20,22.69
2012,5,27,14,30,917,111,965,5,21,33.36
2012,5,27,15,30,756,104,924,5,20,45.1
2012,5,27,16,30,557,93,853,4.6000000000000005,19,57.09
2012,5,27,17,30,338,76,732,3.7,18,68.97
2012,5,27,18,30,126,48,474,2.1,15,80.51
2012,5,27,19,30,0,0,0,1.2000000000000002,12,91.45
2012,5,27,20,30,0,0,0,1.1,12,101.46000000000001
2012,5,27,21,30,0,0,0,1.1,12,110.10000000000001
2012,5,27,22,30,0,0,0,1.1,11,116.76
2012,5,27,23,30,0,0,0,1.1,10,120.73
2012,5,28,0,30,0,0,0,1.2000000000000002,9,121.47
2012,5,28,1,30,0,0,0,1.2000000000000002,8,118.85000000000001
2012,5,28,2,30,0,0,0,1.2000000000000002,7,113.26
2012,5,28,3,30,0,0,0,1.3,6,105.4
2012,5,28,4,30,0,0,0,1.2000000000000002,6,95.92
2012,5,28,5,30,51,29,274,1.2000000000000002,9,85.33
2012,5,28,6,30,243,64,650,1,13,74.01
2012,5,28,7,30,462,84,812,1.1,16,62.25
2012,5,28,8,30,673,95,903,1.9000000000000001,19,50.27
2012,5,28,9,30,851,104,953,2.4000000000000004,21,38.36
2012,5,28,10,30,984,110,981,2.7,22,27.03
2012,5,28,11,30,1055,128,974,3,23,17.88
2012,5,28,12,30,1068,132,972,3.1,24,15.66
2012,5,28,13,30,1019,130,963,3.2,25,22.55
2012,5,28,14,30,919,105,973,3.2,25,33.25
2012,5,28,15,30,760,96,940,3.1,25,44.99
2012,5,28,16,30,563,85,877,2.8000000000000003,24,56.980000000000004
2012,5,28,17,30,343,71,753,2.1,22,68.86
2012,5,28,18,30,131,46,513,1.3,19,80.39
2012,5,28,19,30,0,0,0,1.2000000000000002,16,91.32000000000001
2012,5,28,20,30,0,0,0,1.2000000000000002,14,101.33
2012,5,28,21,30,0,0,0,1.2000000000000002,14,109.96000000000001
2012,5,28,22,30,0,0,0,1.3,13,116.60000000000001
2012,5,28,23,30,0,0,0,1.3,12,120.57000000000001
2012,5,29,0,30,0,0,0,1.3,11,121.32000000000001
2012,5,29,1,30,0,0,0,1.3,10,118.71000000000001
2012,5,29,2,30,0,0,0,1.3,9,113.15
2012,5,29,3,30,0,0,0,1.3,8,105.3
2012,5,29,4,30,0,0,0,1.3,8,95.83
2012,5,29,5,30,56,26,359,1.6,11,85.26
2012,5,29,6,30,254,55,719,2.2,16,73.95
2012,5,29,7,30,477,72,867,2.3000000000000003,20,62.2
2012,5,29,8,30,687,85,941,2.3000000000000003,23,50.22
2012,5,29,9,30,867,93,986,2.4000000000000004,25,38.300000000000004
2012,5,29,10,30,1001,98,1013,2.5,27,26.96
2012,5,29,11,30,1076,107,1017,2.5,28,17.76
2012,5,29,12,30,1090,109,1017,2.5,29,15.5
2012,5,29,13,30,1040,107,1009,2.7,30,22.42
2012,5,29,14,30,934,94,1003,3.1,30,33.14
2012,5,29,15,30,773,89,965,3.6,29,44.89
2012,5,29,16,30,573,80,901,3.8000000000000003,28,56.88
2012,5,29,17,30,352,68,783,3,26,68.75
2012,5,29,18,30,136,44,545,1.8,21,80.28
2012,5,29,19,30,0,0,0,1.5,18,91.2
2012,5,29,20,30,0,0,0,1.5,16,101.2
2012,5,29,21,30,0,0,0,1.5,15,109.81
2012,5,29,22,30,0,0,0,1.5,14,116.45
2012,5,29,23,30,0,0,0,1.5,13,120.42
2012,5,30,0,30,0,0,0,1.5,12,121.17
2012,5,30,1,30,0,0,0,1.4000000000000001,12,118.58
2012,5,30,2,30,0,0,0,1.2000000000000002,11,113.03
2012,5,30,3,30,0,0,0,1.2000000000000002,10,105.21000000000001
2012,5,30,4,30,0,0,0,1.2000000000000002,10,95.76
2012,5,30,5,30,54,28,301,1.4000000000000001,13,85.19
2012,5,30,6,30,247,63,662,1.8,16,73.9
2012,5,30,7,30,465,84,815,2.2,20,62.15
2012,5,30,8,30,674,99,897,2.7,23,50.17
2012,5,30,9,30,851,111,941,3.3000000000000003,26,38.25
2012,5,30,10,30,982,121,966,3.7,28,26.89
2012,5,30,11,30,1056,129,973,4.1000000000000005,29,17.650000000000002
2012,5,30,12,30,1068,132,971,4.6000000000000005,30,15.35
2012,5,30,13,30,1017,132,956,5,31,22.29
2012,5,30,14,30,911,121,941,5.4,31,33.03
2012,5,30,15,30,751,114,897,5.6000000000000005,30,44.79
2012,5,30,16,30,554,100,828,5.4,29,56.77
2012,5,30,17,30,339,79,713,4.2,27,68.65
2012,5,30,18,30,130,50,469,2.5,23,80.17
2012,5,30,19,30,0,0,0,1.8,19,91.08
2012,5,30,20,30,0,0,0,1.7000000000000002,17,101.07000000000001
2012,5,30,21,30,0,0,0,1.7000000000000002,16,109.68
2012,5,30,22,30,0,0,0,1.7000000000000002,15,116.31
2012,5,30,23,30,0,0,0,1.7000000000000002,14,120.28
2012,5,31,0,30,0,0,0,1.6,13,121.03
2012,5,31,1,30,0,0,0,1.5,13,118.45
2012,5,31,2,30,0,0,0,1.2000000000000002,12,112.92
2012,5,31,3,30,0,0,0,1.1,12,105.12
2012,5,31,4,30,0,0,0,0.9,12,95.68
2012,5,31,5,30,53,28,288,0.7000000000000001,14,85.13
2012,5,31,6,30,241,60,648,0.5,18,73.85000000000001
2012,5,31,7,30,454,79,801,0.8,22,62.1
2012,5,31,8,30,659,90,886,1.7000000000000002,25,50.13
2012,5,31,9,30,833,99,933,2.5,28,38.2
2012,5,31,10,30,962,105,960,3.1,29,26.830000000000002
2012,5,31,11,30,1036,109,972,3.5,30,17.55
2012,5,31,12,30,1049,110,972,3.6,31,15.21
2012,5,31,13,30,1000,109,962,3.7,32,22.17
2012,5,31,14,30,894,105,940,3.7,32,32.92
2012,5,31,15,30,738,99,899,3.6,32,44.69
2012,5,31,16,30,545,89,829,3.5,31,56.67
2012,5,31,17,30,333,74,710,2.7,29,68.54
2012,5,31,18,30,128,48,461,1.7000000000000002,25,80.06
2012,5,31,19,30,0,0,0,1.5,22,90.96000000000001
2012,5,31,20,30,0,0,0,1.6,20,100.95
2012,5,31,21,30,0,0,0,1.5,19,109.54
2012,5,31,22,30,0,0,0,1.3,18,116.17
2012,5,31,23,30,0,0,0,1.2000000000000002,17,120.14
2012,6,1,0,30,0,0,0,1.2000000000000002,16,120.9
2012,6,1,1,30,0,0,0,1.2000000000000002,16,118.33
2012,6,1,2,30,0,0,0,1.2000000000000002,16,112.82000000000001
2012,6,1,3,30,0,0,0,1.1,15,105.04
2012,6,1,4,30,0,0,0,1,15,95.62
2012,6,1,5,30,53,28,288,0.8,17,85.08
2012,6,1,6,30,240,60,645,1.3,21,73.8
2012,6,1,7,30,453,79,798,2.7,25,62.06
2012,6,1,8,30,656,91,881,3.8000000000000003,28,50.1
2012,6,1,9,30,829,100,927,4.2,30,38.160000000000004
2012,6,1,10,30,958,106,953,4.5,31,26.77
2012,6,1,11,30,1029,116,957,4.6000000000000005,32,17.45
2012,6,1,12,30,1042,119,956,4.800000000000001,33,15.07
2012,6,1,13,30,994,119,944,4.800000000000001,34,22.05
2012,6,1,14,30,895,99,947,4.6000000000000005,34,32.82
2012,6,1,15,30,741,92,910,4.4,33,44.59
2012,6,1,16,30,550,82,849,4,32,56.58
2012,6,1,17,30,339,67,740,2.8000000000000003,30,68.44
2012,6,1,18,30,133,44,510,1.6,27,79.95
2012,6,1,19,30,0,0,0,1.3,24,90.85000000000001
2012,6,1,20,30,0,0,0,1.2000000000000002,24,100.82000000000001
2012,6,1,21,30,0,0,0,1.1,23,109.42
2012,6,1,22,30,0,0,0,0.9,23,116.04
2012,6,1,23,30,0,0,0,0.6000000000000001,22,120
2012,6,2,0,30,0,0,0,0.2,21,120.77
2012,6,2,1,30,0,0,0,0.30000000000000004,20,118.22
2012,6,2,2,30,0,0,0,0.8,19,112.73
2012,6,2,3,30,0,0,0,1,17,104.96000000000001
2012,6,2,4,30,0,0,0,1,17,95.55
2012,6,2,5,30,50,32,207,1,18,85.03
2012,6,2,6,30,228,77,537,1.2000000000000002,22,73.76
2012,6,2,7,30,424,91,710,1.2000000000000002,25,62.03
2012,6,2,8,30,632,137,771,1.5,28,50.06
2012,6,2,9,30,799,165,806,2.3000000000000003,30,38.13
2012,6,2,10,30,924,188,823,2.9000000000000004,32,26.72
2012,6,2,11,30,979,249,764,3.4000000000000004,33,17.36
2012,6,2,12,30,991,260,757,3.8000000000000003,34,14.94
2012,6,2,13,30,761,447,338,4.2,34,21.93
2012,6,2,14,30,727,371,422,4.5,34,32.72
2012,6,2,15,30,66,66,0,4.6000000000000005,33,44.49
2012,6,2,16,30,277,243,61,4.4,32,56.480000000000004
2012,6,2,17,30,282,116,449,3.2,30,68.34
2012,6,2,18,30,103,57,260,1.8,26,79.85000000000001
2012,6,2,19,30,0,0,0,1.5,23,90.74
2012,6,2,20,30,0,0,0,1.5,21,100.71000000000001
2012,6,2,21,30,0,0,0,1.8,21,109.29
2012,6,2,22,30,0,0,0,2.3000000000000003,20,115.91
2012,6,2,23,30,0,0,0,2.4000000000000004,19,119.88
2012,6,3,0,30,0,0,0,2.2,18,120.65
2012,6,3,1,30,0,0,0,1.7000000000000002,17,118.11
2012,6,3,2,30,0,0,0,1.2000000000000002,16,112.64
2012,6,3,3,30,0,0,0,0.7000000000000001,15,104.89
2012,6,3,4,30,0,0,0,0.5,15,95.5
2012,6,3,5,30,50,33,187,1,16,84.99
2012,6,3,6,30,230,81,530,1.2000000000000002,20,73.73
2012,6,3,7,30,439,110,700,1.5,24,62
2012,6,3,8,30,642,128,801,2.2,27,50.04
2012,6,3,9,30,816,141,858,2.6,30,38.1
2012,6,3,10,30,946,149,892,2.7,31,26.68
2012,6,3,11,30,1024,147,918,2.8000000000000003,33,17.28
2012,6,3,12,30,1040,145,925,2.9000000000000004,34,14.82
2012,6,3,13,30,995,141,920,3,35,21.82
2012,6,3,14,30,895,125,913,2.9000000000000004,35,32.62
2012,6,3,15,30,668,230,613,2.5,34,44.4
2012,6,3,16,30,489,167,581,1.8,33,56.39
2012,6,3,17,30,335,85,676,0.8,31,68.25
2012,6,3,18,30,104,58,255,1.4000000000000001,28,79.75
2012,6,3,19,30,0,0,0,3.4000000000000004,25,90.63
2012,6,3,20,30,0,0,0,4.4,23,100.59
2012,6,3,21,30,0,0,0,4.1000000000000005,22,109.17
2012,6,3,22,30,0,0,0,3.4000000000000004,21,115.78
2012,6,3,23,30,0,0,0,2.9000000000000004,21,119.75
2012,6,4,0,30,0,0,0,2.6,20,120.54
2012,6,4,1,30,0,0,0,2.3000000000000003,20,118.01
2012,6,4,2,30,0,0,0,2,19,112.56
2012,6,4,3,30,0,0,0,1.8,18,104.82000000000001
2012,6,4,4,30,0,0,0,1.9000000000000001,18,95.45
2012,6,4,5,30,25,25,0,2.6,20,84.95
2012,6,4,6,30,134,109,89,3.4000000000000004,22,73.7
2012,6,4,7,30,316,197,253,3.8000000000000003,24,61.980000000000004
2012,6,4,8,30,496,280,335,4.2,27,50.01
2012,6,4,9,30,496,393,130,4.4,28,38.07
2012,6,4,10,30,645,465,201,4.3,29,26.64
2012,6,4,11,30,618,502,122,4.2,30,17.2
2012,6,4,12,30,749,507,250,4.1000000000000005,31,14.700000000000001
2012,6,4,13,30,995,136,924,4,32,21.71
2012,6,4,14,30,898,121,920,3.8000000000000003,33,32.52
2012,6,4,15,30,661,239,589,3.4000000000000004,32,44.31
2012,6,4,16,30,395,242,276,2.9000000000000004,31,56.300000000000004
2012,6,4,17,30,169,147,58,1.9000000000000001,29,68.15
2012,6,4,18,30,8,8,0,1.1,26,79.65
2012,6,4,19,30,0,0,0,1.1,22,90.53
2012,6,4,20,30,0,0,0,1.3,20,100.49000000000001
2012,6,4,21,30,0,0,0,1.6,19,109.06
2012,6,4,22,30,0,0,0,1.6,18,115.67
2012,6,4,23,30,0,0,0,1.3,17,119.64
2012,6,5,0,30,0,0,0,1,15,120.43
2012,6,5,1,30,0,0,0,1,14,117.92
2012,6,5,2,30,0,0,0,1.3,13,112.48
2012,6,5,3,30,0,0,0,1.5,13,104.76
2012,6,5,4,30,0,0,0,1.8,13,95.4
2012,6,5,5,30,55,30,278,2.8000000000000003,15,84.91
2012,6,5,6,30,245,64,644,3.6,19,73.67
2012,6,5,7,30,462,81,810,4,23,61.96
2012,6,5,8,30,666,96,886,4.5,26,50
2012,6,5,9,30,842,104,936,4.6000000000000005,28,38.050000000000004
2012,6,5,10,30,973,111,964,4.800000000000001,29,26.6
2012,6,5,11,30,1050,115,978,5,31,17.13
2012,6,5,12,30,1064,119,976,5.4,32,14.59
2012,6,5,13,30,1015,121,961,5.6000000000000005,32,21.61
2012,6,5,14,30,910,114,942,5.800000000000001,33,32.43
2012,6,5,15,30,754,104,907,5.9,32,44.22
2012,6,5,16,30,561,90,848,5.9,31,56.21
2012,6,5,17,30,348,73,734,5.1000000000000005,29,68.06
2012,6,5,18,30,138,50,484,3.4000000000000004,26,79.55
2012,6,5,19,30,0,0,0,2.3000000000000003,22,90.43
2012,6,5,20,30,0,0,0,2.3000000000000003,20,100.38
2012,6,5,21,30,0,0,0,2.2,19,108.95
2012,6,5,22,30,0,0,0,2.1,18,115.56
2012,6,5,23,30,0,0,0,1.8,16,119.53
2012,6,6,0,30,0,0,0,1.5,15,120.33
2012,6,6,1,30,0,0,0,1.3,14,117.84
2012,6,6,2,30,0,0,0,1.1,13,112.41
2012,6,6,3,30,0,0,0,0.8,13,104.71000000000001
2012,6,6,4,30,0,0,0,0.30000000000000004,13,95.36
2012,6,6,5,30,55,32,257,0.6000000000000001,15,84.88
2012,6,6,6,30,244,67,628,1.5,19,73.65
2012,6,6,7,30,461,86,797,2.3000000000000003,22,61.940000000000005
2012,6,6,8,30,670,96,892,2.6,25,49.980000000000004
2012,6,6,9,30,848,104,945,2.7,26,38.04
2012,6,6,10,30,982,109,976,2.7,28,26.57
2012,6,6,11,30,1058,116,985,2.7,29,17.07
2012,6,6,12,30,1073,117,987,2.7,30,14.48
2012,6,6,13,30,1026,115,978,2.8000000000000003,31,21.51
2012,6,6,14,30,923,103,970,2.9000000000000004,32,32.34
2012,6,6,15,30,766,96,932,3,31,44.13
2012,6,6,16,30,570,89,863,3.1,30,56.120000000000005
2012,6,6,17,30,353,76,738,2.2,28,67.97
2012,6,6,18,30,142,52,492,1.2000000000000002,25,79.46000000000001
2012,6,6,19,30,0,0,0,1,22,90.33
2012,6,6,20,30,0,0,0,0.7000000000000001,22,100.28
2012,6,6,21,30,0,0,0,0.9,21,108.85000000000001
2012,6,6,22,30,0,0,0,1.5,19,115.45
2012,6,6,23,30,0,0,0,1.9000000000000001,17,119.43
2012,6,7,0,30,0,0,0,2,15,120.24000000000001
2012,6,7,1,30,0,0,0,1.8,14,117.76
2012,6,7,2,30,0,0,0,1.5,13,112.35000000000001
2012,6,7,3,30,0,0,0,1.2000000000000002,12,104.66
2012,6,7,4,30,0,0,0,0.9,12,95.33
2012,6,7,5,30,56,31,283,0.9,14,84.86
2012,6,7,6,30,246,66,640,1.2000000000000002,17,73.63
2012,6,7,7,30,461,87,795,1.8,21,61.93
2012,6,7,8,30,667,99,883,2.4000000000000004,24,49.97
2012,6,7,9,30,844,109,932,2.6,26,38.02
2012,6,7,10,30,975,117,959,2.7,28,26.55
2012,6,7,11,30,1052,122,972,2.7,29,17.01
2012,6,7,12,30,1067,123,975,2.7,30,14.38
2012,6,7,13,30,1021,120,967,2.7,31,21.41
2012,6,7,14,30,916,112,950,2.6,31,32.25
2012,6,7,15,30,760,103,914,2.5,31,44.050000000000004
2012,6,7,16,30,567,92,849,2.4000000000000004,30,56.04
2012,6,7,17,30,353,76,735,1.7000000000000002,28,67.89
2012,6,7,18,30,143,52,496,1.1,25,79.37
2012,6,7,19,30,0,0,0,1.1,22,90.24
2012,6,7,20,30,0,0,0,1.1,21,100.18
2012,6,7,21,30,0,0,0,1.1,20,108.75
2012,6,7,22,30,0,0,0,1,19,115.35000000000001
2012,6,7,23,30,0,0,0,1,18,119.33
2012,6,8,0,30,0,0,0,1.2000000000000002,17,120.15
2012,6,8,1,30,0,0,0,1.5,15,117.68
2012,6,8,2,30,0,0,0,1.7000000000000002,14,112.29
2012,6,8,3,30,0,0,0,1.6,14,104.62
2012,6,8,4,30,0,0,0,1.3,14,95.3
2012,6,8,5,30,57,30,300,1.4000000000000001,16,84.84
2012,6,8,6,30,246,64,647,2,20,73.62
2012,6,8,7,30,460,85,797,2.9000000000000004,24,61.92
2012,6,8,8,30,667,96,887,3.6,27,49.97
2012,6,8,9,30,843,106,935,3.9000000000000004,29,38.02
2012,6,8,10,30,975,111,965,4.2,30,26.53
2012,6,8,11,30,1053,111,984,4.6000000000000005,31,16.96
2012,6,8,12,30,1069,110,988,4.9,32,14.290000000000001
2012,6,8,13,30,1023,108,981,5.1000000000000005,33,21.32
2012,6,8,14,30,919,101,966,5.2,33,32.17
2012,6,8,15,30,764,95,929,5.1000000000000005,33,43.97
2012,6,8,16,30,571,85,868,4.9,32,55.96
2012,6,8,17,30,358,69,764,3.9000000000000004,30,67.81
2012,6,8,18,30,148,47,539,2.5,26,79.29
2012,6,8,19,30,0,0,0,2.2,23,90.15
2012,6,8,20,30,0,0,0,2.5,21,100.09
2012,6,8,21,30,0,0,0,2.5,20,108.65
2012,6,8,22,30,0,0,0,2.4000000000000004,19,115.25
2012,6,8,23,30,0,0,0,2.2,17,119.24000000000001
2012,6,9,0,30,0,0,0,1.9000000000000001,16,120.07000000000001
2012,6,9,1,30,0,0,0,1.7000000000000002,15,117.62
2012,6,9,2,30,0,0,0,1.5,14,112.24000000000001
2012,6,9,3,30,0,0,0,1.2000000000000002,14,104.58
2012,6,9,4,30,0,0,0,1.1,14,95.27
2012,6,9,5,30,56,31,274,1.5,16,84.82000000000001
2012,6,9,6,30,243,67,626,2.4000000000000004,20,73.61
2012,6,9,7,30,457,87,785,3.8000000000000003,24,61.92
2012,6,9,8,30,662,101,873,4.9,26,49.97
2012,6,9,9,30,838,110,923,5.300000000000001,28,38.01
2012,6,9,10,30,969,116,953,5.5,29,26.52
2012,6,9,11,30,1047,117,972,5.6000000000000005,31,16.92
2012,6,9,12,30,1061,119,972,5.9,32,14.200000000000001
2012,6,9,13,30,1015,118,961,6,32,21.23
2012,6,9,14,30,911,110,944,6.1000000000000005,33,32.08
2012,6,9,15,30,754,104,902,6.1000000000000005,32,43.89
2012,6,9,16,30,561,94,833,6,31,55.88
2012,6,9,17,30,349,78,715,5.300000000000001,30,67.73
2012,6,9,18,30,142,53,477,3.9000000000000004,27,79.21000000000001
2012,6,9,19,30,0,0,0,2.9000000000000004,24,90.07000000000001
2012,6,9,20,30,0,0,0,2.7,22,100
2012,6,9,21,30,0,0,0,2.4000000000000004,20,108.56
2012,6,9,22,30,0,0,0,2.3000000000000003,19,115.17
2012,6,9,23,30,0,0,0,2.6,17,119.16
2012,6,10,0,30,0,0,0,3.5,16,120
2012,6,10,1,30,0,0,0,4,14,117.56
2012,6,10,2,30,0,0,0,3.9000000000000004,12,112.2
2012,6,10,3,30,0,0,0,3.8000000000000003,11,104.55
2012,6,10,4,30,0,0,0,3.7,10,95.25
2012,6,10,5,30,58,30,319,4,11,84.81
2012,6,10,6,30,250,60,671,4.5,13,73.61
2012,6,10,7,30,466,78,824,4.9,16,61.92
2012,6,10,8,30,674,89,909,5,19,49.97
2012,6,10,9,30,851,97,958,4.9,21,38.01
2012,6,10,10,30,984,101,986,4.800000000000001,23,26.51
2012,6,10,11,30,1059,112,989,4.800000000000001,25,16.88
2012,6,10,12,30,1075,114,990,4.9,26,14.120000000000001
2012,6,10,13,30,1030,111,984,4.9,26,21.150000000000002
2012,6,10,14,30,931,94,986,5,27,32.01
2012,6,10,15,30,776,87,954,4.9,26,43.81
2012,6,10,16,30,583,77,899,4.7,25,55.800000000000004
2012,6,10,17,30,367,66,792,4,24,67.65
2012,6,10,18,30,155,45,582,2.5,20,79.13
2012,6,10,19,30,0,0,0,1.5,17,89.99
2012,6,10,20,30,0,0,0,1.4000000000000001,15,99.92
2012,6,10,21,30,0,0,0,1.4000000000000001,14,108.48
2012,6,10,22,30,0,0,0,1.4000000000000001,14,115.08
2012,6,10,23,30,0,0,0,1.3,13,119.08
2012,6,11,0,30,0,0,0,1.3,13,119.93
2012,6,11,1,30,0,0,0,1.2000000000000002,12,117.5
2012,6,11,2,30,0,0,0,1.2000000000000002,11,112.16
2012,6,11,3,30,0,0,0,1.2000000000000002,11,104.53
2012,6,11,4,30,0,0,0,1.1,11,95.24
2012,6,11,5,30,61,28,359,1.4000000000000001,13,84.81
2012,6,11,6,30,253,56,697,1.3,17,73.61
2012,6,11,7,30,469,74,839,1.2000000000000002,21,61.93
2012,6,11,8,30,675,85,917,1.8,24,49.980000000000004
2012,6,11,9,30,850,95,959,2.4000000000000004,26,38.02
2012,6,11,10,30,981,101,983,2.7,28,26.51
2012,6,11,11,30,1060,100,1002,3,29,16.85
2012,6,11,12,30,1076,101,1005,3.2,30,14.040000000000001
2012,6,11,13,30,1031,99,998,3.4000000000000004,31,21.07
2012,6,11,14,30,927,93,982,3.4000000000000004,31,31.93
2012,6,11,15,30,773,86,952,3.4000000000000004,30,43.74
2012,6,11,16,30,581,76,896,3.3000000000000003,29,55.730000000000004
2012,6,11,17,30,366,65,788,2.5,27,67.57000000000001
2012,6,11,18,30,155,44,582,1.5,23,79.05
2012,6,11,19,30,0,0,0,1.3,20,89.91
2012,6,11,20,30,0,0,0,1.4000000000000001,19,99.84
2012,6,11,21,30,0,0,0,1.3,19,108.4
2012,6,11,22,30,0,0,0,1.2000000000000002,19,115.01
2012,6,11,23,30,0,0,0,1,19,119.01
2012,6,12,0,30,0,0,0,1,19,119.87
2012,6,12,1,30,0,0,0,1,18,117.46000000000001
2012,6,12,2,30,0,0,0,1.1,17,112.13
2012,6,12,3,30,0,0,0,1.2000000000000002,15,104.51
2012,6,12,4,30,0,0,0,1.3,15,95.23
2012,6,12,5,30,54,32,253,2,17,84.81
2012,6,12,6,30,242,65,627,3.1,21,73.62
2012,6,12,7,30,454,84,785,3.7,24,61.940000000000005
2012,6,12,8,30,657,97,871,3.8000000000000003,27,49.99
2012,6,12,9,30,830,108,916,3.5,30,38.03
2012,6,12,10,30,960,115,944,3,31,26.51
2012,6,12,11,30,1038,117,962,2.6,32,16.830000000000002
2012,6,12,12,30,1056,118,967,2.4000000000000004,33,13.98
2012,6,12,13,30,1013,116,960,2.5,33,20.990000000000002
2012,6,12,14,30,914,106,951,2.9000000000000004,33,31.86
2012,6,12,15,30,762,99,917,3.3000000000000003,33,43.67
2012,6,12,16,30,572,88,859,3.6,32,55.660000000000004
2012,6,12,17,30,361,72,755,3,30,67.5
2012,6,12,18,30,153,49,542,1.9000000000000001,26,78.98
2012,6,12,19,30,0,0,0,1.4000000000000001,22,89.84
2012,6,12,20,30,0,0,0,1.3,22,99.77
2012,6,12,21,30,0,0,0,1.2000000000000002,22,108.32000000000001
2012,6,12,22,30,0,0,0,0.9,21,114.94
2012,6,12,23,30,0,0,0,0.7000000000000001,20,118.94
2012,6,13,0,30,0,0,0,0.5,19,119.82000000000001
2012,6,13,1,30,0,0,0,0.5,18,117.42
2012,6,13,2,30,0,0,0,0.6000000000000001,16,112.10000000000001
2012,6,13,3,30,0,0,0,0.8,15,104.49000000000001
2012,6,13,4,30,0,0,0,0.9,15,95.23
2012,6,13,5,30,59,29,326,1.2000000000000002,17,84.81
2012,6,13,6,30,251,60,675,1.8,21,73.63
2012,6,13,7,30,467,78,825,2,25,61.95
2012,6,13,8,30,674,90,908,1.9000000000000001,28,50
2012,6,13,9,30,850,99,953,2.1,31,38.04
2012,6,13,10,30,982,105,979,2.4000000000000004,32,26.52
2012,6,13,11,30,1057,114,985,2.5,33,16.81
2012,6,13,12,30,1073,116,985,2.5,34,13.91
2012,6,13,13,30,1027,116,975,2.6,34,20.92
2012,6,13,14,30,926,105,965,2.8000000000000003,34,31.79
2012,6,13,15,30,772,99,929,3.1,34,43.6
2012,6,13,16,30,580,89,869,3.4000000000000004,33,55.59
2012,6,13,17,30,366,74,761,2.7,30,67.44
2012,6,13,18,30,155,50,549,1.7000000000000002,26,78.91
2012,6,13,19,30,0,0,0,1.5,23,89.77
2012,6,13,20,30,0,0,0,1.4000000000000001,21,99.7
2012,6,13,21,30,0,0,0,1.4000000000000001,20,108.26
2012,6,13,22,30,0,0,0,1.4000000000000001,19,114.87
2012,6,13,23,30,0,0,0,1.6,18,118.89
2012,6,14,0,30,0,0,0,1.9000000000000001,17,119.77
2012,6,14,1,30,0,0,0,2,16,117.39
2012,6,14,2,30,0,0,0,1.7000000000000002,15,112.08
2012,6,14,3,30,0,0,0,1.3,14,104.48
2012,6,14,4,30,0,0,0,1,14,95.23
2012,6,14,5,30,57,30,308,0.8,16,84.82000000000001
2012,6,14,6,30,246,63,651,1.1,20,73.64
2012,6,14,7,30,460,83,802,1.8,24,61.97
2012,6,14,8,30,665,95,887,2.3000000000000003,27,50.02
2012,6,14,9,30,840,105,933,2.5,29,38.06
2012,6,14,10,30,972,113,960,2.6,31,26.53
2012,6,14,11,30,1051,114,978,2.7,32,16.8
2012,6,14,12,30,1067,115,980,2.9000000000000004,33,13.86
2012,6,14,13,30,1022,114,972,3,33,20.86
2012,6,14,14,30,920,108,954,3,33,31.720000000000002
2012,6,14,15,30,767,101,917,3,33,43.54
2012,6,14,16,30,575,91,855,3,32,55.53
2012,6,14,17,30,363,76,745,2.3000000000000003,30,67.37
2012,6,14,18,30,153,52,525,1.4000000000000001,26,78.84
2012,6,14,19,30,0,0,0,1.3,23,89.7
2012,6,14,20,30,0,0,0,1.4000000000000001,21,99.63
2012,6,14,21,30,0,0,0,1.5,20,108.19
2012,6,14,22,30,0,0,0,1.5,19,114.81
2012,6,14,23,30,0,0,0,1.7000000000000002,18,118.84
2012,6,15,0,30,0,0,0,1.8,17,119.73
2012,6,15,1,30,0,0,0,1.7000000000000002,15,117.36
2012,6,15,2,30,0,0,0,1.4000000000000001,14,112.07000000000001
2012,6,15,3,30,0,0,0,1.1,14,104.48
2012,6,15,4,30,0,0,0,0.7000000000000001,14,95.23
2012,6,15,5,30,57,29,311,0.8,16,84.83
2012,6,15,6,30,245,62,650,1.2000000000000002,20,73.66
2012,6,15,7,30,458,82,801,1.9000000000000001,24,61.99
2012,6,15,8,30,663,94,885,2.7,27,50.050000000000004
2012,6,15,9,30,838,104,932,3,30,38.08
2012,6,15,10,30,968,111,958,3.2,31,26.54
2012,6,15,11,30,1044,117,967,3.4000000000000004,32,16.79
2012,6,15,12,30,1058,120,966,3.6,33,13.81
2012,6,15,13,30,1011,120,953,3.6,33,20.79
2012,6,15,14,30,908,112,934,3.5,33,31.66
2012,6,15,15,30,753,107,890,3.3000000000000003,33,43.480000000000004
2012,6,15,16,30,562,97,820,3,32,55.46
2012,6,15,17,30,352,81,701,2.2,30,67.31
2012,6,15,18,30,147,55,469,1.4000000000000001,26,78.78
2012,6,15,19,30,0,0,0,1.3,23,89.64
2012,6,15,20,30,0,0,0,1.3,22,99.57000000000001
2012,6,15,21,30,0,0,0,1.3,22,108.14
2012,6,15,22,30,0,0,0,1.2000000000000002,21,114.76
2012,6,15,23,30,0,0,0,1.2000000000000002,20,118.79
2012,6,16,0,30,0,0,0,1.1,20,119.7
2012,6,16,1,30,0,0,0,1.1,19,117.34
2012,6,16,2,30,0,0,0,1,19,112.06
2012,6,16,3,30,0,0,0,0.9,18,104.49000000000001
2012,6,16,4,30,0,0,0,0.9,18,95.25
2012,6,16,5,30,53,32,234,1.1,19,84.85000000000001
2012,6,16,6,30,235,72,580,1.6,23,73.68
2012,6,16,7,30,445,94,746,1.6,26,62.01
2012,6,16,8,30,648,108,841,1.1,29,50.07
2012,6,16,9,30,823,117,898,1.2000000000000002,31,38.11
2012,6,16,10,30,956,122,932,1.6,32,26.560000000000002
2012,6,16,11,30,1034,125,949,2,33,16.79
2012,6,16,12,30,1052,125,954,2.4000000000000004,34,13.77
2012,6,16,13,30,1009,122,948,2.6,34,20.740000000000002
2012,6,16,14,30,908,115,930,2.6,34,31.6
2012,6,16,15,30,757,106,897,2.4000000000000004,33,43.42
2012,6,16,16,30,569,93,838,2.2,32,55.410000000000004
2012,6,16,17,30,360,75,735,1.6,31,67.25
2012,6,16,18,30,154,50,529,1,28,78.73
2012,6,16,19,30,0,0,0,1,25,89.58
2012,6,16,20,30,0,0,0,1.1,24,99.52
2012,6,16,21,30,0,0,0,1.2000000000000002,23,108.08
2012,6,16,22,30,0,0,0,1.2000000000000002,22,114.71000000000001
2012,6,16,23,30,0,0,0,1.2000000000000002,20,118.75
2012,6,17,0,30,0,0,0,1.2000000000000002,19,119.67
2012,6,17,1,30,0,0,0,1.1,18,117.33
2012,6,17,2,30,0,0,0,0.9,17,112.06
2012,6,17,3,30,0,0,0,0.7000000000000001,16,104.49000000000001
2012,6,17,4,30,0,0,0,0.5,16,95.26
2012,6,17,5,30,56,29,303,0.6000000000000001,17,84.87
2012,6,17,6,30,243,63,642,0.9,21,73.71000000000001
2012,6,17,7,30,456,83,796,1.7000000000000002,25,62.04
2012,6,17,8,30,661,95,883,2.9000000000000004,28,50.1
2012,6,17,9,30,836,104,930,3.7,31,38.14
2012,6,17,10,30,968,110,959,4.1000000000000005,32,26.59
2012,6,17,11,30,1045,112,974,4.5,33,16.8
2012,6,17,12,30,1061,113,976,4.9,34,13.74
2012,6,17,13,30,1016,111,966,5.300000000000001,35,20.68
2012,6,17,14,30,917,97,962,5.6000000000000005,35,31.55
2012,6,17,15,30,764,90,928,5.800000000000001,34,43.36
2012,6,17,16,30,575,80,871,5.6000000000000005,33,55.35
2012,6,17,17,30,365,67,768,4.5,32,67.2
2012,6,17,18,30,157,45,571,2.7,28,78.67
2012,6,17,19,30,0,0,0,1.9000000000000001,24,89.53
2012,6,17,20,30,0,0,0,2.1,22,99.47
2012,6,17,21,30,0,0,0,2.2,21,108.04
2012,6,17,22,30,0,0,0,2.2,20,114.67
2012,6,17,23,30,0,0,0,2.1,19,118.72
2012,6,18,0,30,0,0,0,1.8,18,119.65
2012,6,18,1,30,0,0,0,1.6,17,117.32000000000001
2012,6,18,2,30,0,0,0,1.4000000000000001,17,112.07000000000001
2012,6,18,3,30,0,0,0,1.2000000000000002,17,104.51
2012,6,18,4,30,0,0,0,1.1,17,95.28
2012,6,18,5,30,57,28,324,1.5,19,84.9
2012,6,18,6,30,244,61,655,2.6,24,73.74
2012,6,18,7,30,457,81,803,4,27,62.08
2012,6,18,8,30,662,92,890,4.800000000000001,30,50.14
2012,6,18,9,30,837,102,934,4.9,31,38.17
2012,6,18,10,30,968,110,959,5,32,26.62
2012,6,18,11,30,1048,111,978,5.1000000000000005,33,16.81
2012,6,18,12,30,1067,111,984,5.4,34,13.71
2012,6,18,13,30,1025,106,981,5.5,34,20.64
2012,6,18,14,30,926,99,969,5.5,34,31.5
2012,6,18,15,30,776,90,942,5.4,34,43.31
2012,6,18,16,30,587,78,893,5.2,33,55.300000000000004
2012,6,18,17,30,375,64,798,4,31,67.15
2012,6,18,18,30,163,45,600,2.4000000000000004,27,78.62
2012,6,18,19,30,0,0,0,1.8,24,89.48
2012,6,18,20,30,0,0,0,2,22,99.42
2012,6,18,21,30,0,0,0,2.2,21,108
2012,6,18,22,30,0,0,0,2.3000000000000003,20,114.64
2012,6,18,23,30,0,0,0,2.2,19,118.7
2012,6,19,0,30,0,0,0,1.9000000000000001,17,119.64
2012,6,19,1,30,0,0,0,1.6,16,117.32000000000001
2012,6,19,2,30,0,0,0,1.4000000000000001,16,112.08
2012,6,19,3,30,0,0,0,1.1,16,104.53
2012,6,19,4,30,0,0,0,0.9,16,95.31
2012,6,19,5,30,56,28,312,1.2000000000000002,18,84.93
2012,6,19,6,30,243,61,650,2.2,22,73.77
2012,6,19,7,30,454,82,796,3.4000000000000004,26,62.11
2012,6,19,8,30,659,95,881,3.9000000000000004,29,50.18
2012,6,19,9,30,835,105,930,3.6,30,38.21
2012,6,19,10,30,968,111,959,3.5,31,26.650000000000002
2012,6,19,11,30,1045,118,968,3.6,32,16.830000000000002
2012,6,19,12,30,1062,119,970,3.7,33,13.69
2012,6,19,13,30,1018,118,961,3.8000000000000003,34,20.59
2012,6,19,14,30,919,105,954,4,35,31.45
2012,6,19,15,30,767,97,920,4.1000000000000005,34,43.26
2012,6,19,16,30,578,86,862,4,33,55.25
2012,6,19,17,30,368,70,766,3,31,67.1
2012,6,19,18,30,159,48,563,1.7000000000000002,27,78.58
2012,6,19,19,30,0,0,0,1.4000000000000001,24,89.44
2012,6,19,20,30,0,0,0,1.4000000000000001,22,99.38
2012,6,19,21,30,0,0,0,1.6,21,107.96000000000001
2012,6,19,22,30,0,0,0,1.9000000000000001,20,114.61
2012,6,19,23,30,0,0,0,2.5,20,118.68
2012,6,20,0,30,0,0,0,2.7,19,119.64
2012,6,20,1,30,0,0,0,2.4000000000000004,18,117.33
2012,6,20,2,30,0,0,0,1.9000000000000001,16,112.09
2012,6,20,3,30,0,0,0,1.8,15,104.55
2012,6,20,4,30,0,0,0,2,15,95.34
2012,6,20,5,30,58,26,358,2.8000000000000003,17,84.97
2012,6,20,6,30,248,55,691,3.7,21,73.81
2012,6,20,7,30,462,72,835,4.4,24,62.15
2012,6,20,8,30,669,82,917,4.9,27,50.22
2012,6,20,9,30,847,90,963,5,29,38.25
2012,6,20,10,30,980,94,991,5,31,26.69
2012,6,20,11,30,1059,98,1003,5.1000000000000005,32,16.86
2012,6,20,12,30,1077,99,1005,5.2,33,13.67
2012,6,20,13,30,1033,98,999,5.300000000000001,34,20.55
2012,6,20,14,30,933,89,988,5.2,33,31.41
2012,6,20,15,30,781,83,958,5,33,43.22
2012,6,20,16,30,591,74,906,4.7,32,55.21
2012,6,20,17,30,380,59,821,3.6,30,67.05
2012,6,20,18,30,168,41,637,2.2,26,78.53
2012,6,20,19,30,0,0,0,1.6,23,89.4
2012,6,20,20,30,0,0,0,1.5,21,99.34
2012,6,20,21,30,0,0,0,1.5,20,107.93
2012,6,20,22,30,0,0,0,1.5,18,114.59
2012,6,20,23,30,0,0,0,1.5,18,118.67
2012,6,21,0,30,0,0,0,1.7000000000000002,17,119.64
2012,6,21,1,30,0,0,0,2,16,117.34
2012,6,21,2,30,0,0,0,2.3000000000000003,16,112.12
2012,6,21,3,30,0,0,0,2.5,15,104.58
2012,6,21,4,30,0,0,0,2.9000000000000004,15,95.38
2012,6,21,5,30,55,27,324,3.8000000000000003,18,85.01
2012,6,21,6,30,238,60,641,4.800000000000001,22,73.85000000000001
2012,6,21,7,30,446,81,782,5,26,62.190000000000005
2012,6,21,8,30,648,90,873,4.5,29,50.26
2012,6,21,9,30,821,100,919,4,31,38.29
2012,6,21,10,30,952,106,946,3.6,34,26.73
2012,6,21,11,30,1030,110,961,3.4000000000000004,35,16.89
2012,6,21,12,30,1048,112,963,3.2,36,13.67
2012,6,21,13,30,1006,111,955,3,37,20.52
2012,6,21,14,30,908,100,945,2.9000000000000004,37,31.37
2012,6,21,15,30,757,94,908,2.8000000000000003,37,43.18
2012,6,21,16,30,568,86,843,2.8000000000000003,36,55.17
2012,6,21,17,30,359,73,733,2.4000000000000004,34,67.01
2012,6,21,18,30,153,52,503,1.9000000000000001,31,78.5
2012,6,21,19,30,0,0,0,2.2,28,89.36
2012,6,21,20,30,0,0,0,2.6,26,99.31
2012,6,21,21,30,0,0,0,2.4000000000000004,24,107.91
2012,6,21,22,30,0,0,0,1.9000000000000001,23,114.58
2012,6,21,23,30,0,0,0,1.4000000000000001,21,118.67
2012,6,22,0,30,0,0,0,1.3,19,119.65
2012,6,22,1,30,0,0,0,1.2000000000000002,18,117.36
2012,6,22,2,30,0,0,0,1.2000000000000002,17,112.15
2012,6,22,3,30,0,0,0,1.3,16,104.62
2012,6,22,4,30,0,0,0,1.7000000000000002,16,95.42
2012,6,22,5,30,53,28,292,2.8000000000000003,18,85.05
2012,6,22,6,30,237,65,619,3.2,22,73.9
2012,6,22,7,30,447,88,770,3.1,26,62.24
2012,6,22,8,30,650,104,855,3.5,30,50.31
2012,6,22,9,30,826,114,907,3.9000000000000004,32,38.34
2012,6,22,10,30,958,121,938,4.3,35,26.77
2012,6,22,11,30,1034,131,943,4.9,36,16.92
2012,6,22,12,30,1051,134,944,5.6000000000000005,37,13.67
2012,6,22,13,30,1007,132,934,6,38,20.490000000000002
2012,6,22,14,30,913,110,940,6,38,31.330000000000002
2012,6,22,15,30,761,104,899,5.9,37,43.14
2012,6,22,16,30,572,93,836,5.800000000000001,36,55.13
2012,6,22,17,30,361,79,719,4.9,34,66.98
2012,6,22,18,30,157,51,530,3.4000000000000004,30,78.46000000000001
2012,6,22,19,30,0,0,0,2.5,27,89.33
2012,6,22,20,30,0,0,0,2.5,25,99.29
2012,6,22,21,30,0,0,0,2.4000000000000004,24,107.89
2012,6,22,22,30,0,0,0,2.2,22,114.57000000000001
2012,6,22,23,30,0,0,0,1.9000000000000001,21,118.67
2012,6,23,0,30,0,0,0,1.5,19,119.66
2012,6,23,1,30,0,0,0,1.2000000000000002,19,117.39
2012,6,23,2,30,0,0,0,0.9,19,112.18
2012,6,23,3,30,0,0,0,0.6000000000000001,18,104.66
2012,6,23,4,30,0,0,0,0.7000000000000001,18,95.46000000000001
2012,6,23,5,30,50,29,243,1.3,21,85.10000000000001
2012,6,23,6,30,227,72,562,2.1,25,73.95
2012,6,23,7,30,433,99,718,3.2,29,62.29
2012,6,23,8,30,637,108,829,3.8000000000000003,32,50.36
2012,6,23,9,30,808,123,874,3.8000000000000003,34,38.39
2012,6,23,10,30,933,141,888,3.7,35,26.82
2012,6,23,11,30,1011,142,908,3.7,36,16.96
2012,6,23,12,30,1021,162,883,3.7,37,13.68
2012,6,23,13,30,972,175,850,3.6,38,20.47
2012,6,23,14,30,887,132,883,3.3000000000000003,38,31.3
2012,6,23,15,30,701,209,673,3,37,43.1
2012,6,23,16,30,437,235,353,2.5,36,55.09
2012,6,23,17,30,140,135,13,1.5,34,66.95
2012,6,23,18,30,87,73,71,1,31,78.43
2012,6,23,19,30,0,0,0,1.9000000000000001,28,89.31
2012,6,23,20,30,0,0,0,4.3,26,99.27
2012,6,23,21,30,0,0,0,6.1000000000000005,25,107.88
2012,6,23,22,30,0,0,0,5.4,24,114.57000000000001
2012,6,23,23,30,0,0,0,3.6,24,118.68
2012,6,24,0,30,0,0,0,2,23,119.68
2012,6,24,1,30,0,0,0,1.2000000000000002,22,117.42
2012,6,24,2,30,0,0,0,1.4000000000000001,22,112.22
2012,6,24,3,30,0,0,0,1.8,21,104.71000000000001
2012,6,24,4,30,0,0,0,2,21,95.51
2012,6,24,5,30,41,30,129,2.4000000000000004,22,85.15
2012,6,24,6,30,205,90,418,2.6,24,74
2012,6,24,7,30,405,125,604,2,28,62.34
2012,6,24,8,30,613,124,768,1.2000000000000002,31,50.410000000000004
2012,6,24,9,30,787,136,831,0.8,33,38.44
2012,6,24,10,30,917,151,858,0.6000000000000001,35,26.87
2012,6,24,11,30,989,170,856,0.5,36,17.01
2012,6,24,12,30,1000,193,830,0.5,37,13.69
2012,6,24,13,30,952,210,791,0.6000000000000001,37,20.45
2012,6,24,14,30,872,156,837,1.1,38,31.27
2012,6,24,15,30,719,156,770,1.6,37,43.07
2012,6,24,16,30,220,207,21,1.8,36,55.06
2012,6,24,17,30,334,110,572,1.3,35,66.92
2012,6,24,18,30,141,66,377,0.7000000000000001,32,78.41
2012,6,24,19,30,0,0,0,0.5,30,89.29
2012,6,24,20,30,0,0,0,0.6000000000000001,28,99.26
2012,6,24,21,30,0,0,0,1,27,107.87
2012,6,24,22,30,0,0,0,1.4000000000000001,25,114.57000000000001
2012,6,24,23,30,0,0,0,1.6,24,118.7
2012,6,25,0,30,0,0,0,1.5,23,119.71000000000001
2012,6,25,1,30,0,0,0,1.2000000000000002,22,117.46000000000001
2012,6,25,2,30,0,0,0,1.1,21,112.27
2012,6,25,3,30,0,0,0,1.1,19,104.76
2012,6,25,4,30,0,0,0,1.2000000000000002,19,95.57000000000001
2012,6,25,5,30,48,27,245,1.9000000000000001,21,85.2
2012,6,25,6,30,223,67,565,1.9000000000000001,25,74.06
2012,6,25,7,30,426,93,719,1.2000000000000002,28,62.4
2012,6,25,8,30,624,108,811,1.4000000000000001,31,50.47
2012,6,25,9,30,794,123,858,2,33,38.5
2012,6,25,10,30,921,136,880,2.3000000000000003,34,26.93
2012,6,25,11,30,993,151,880,2.4000000000000004,35,17.06
2012,6,25,12,30,1003,170,858,2.4000000000000004,36,13.71
2012,6,25,13,30,912,404,541,2.3000000000000003,37,20.44
2012,6,25,14,30,251,238,15,2.2,37,31.25
2012,6,25,15,30,245,234,15,2.2,36,43.050000000000004
2012,6,25,16,30,344,263,141,2.2,35,55.04
2012,6,25,17,30,235,162,185,2,34,66.89
2012,6,25,18,30,128,62,329,1.4000000000000001,31,78.39
2012,6,25,19,30,0,0,0,1.1,28,89.27
2012,6,25,20,30,0,0,0,1.1,26,99.25
2012,6,25,21,30,0,0,0,1.1,26,107.87
2012,6,25,22,30,0,0,0,1.1,25,114.58
2012,6,25,23,30,0,0,0,1.2000000000000002,24,118.72
2012,6,26,0,30,0,0,0,1.2000000000000002,23,119.75
2012,6,26,1,30,0,0,0,1.4000000000000001,22,117.5
2012,6,26,2,30,0,0,0,1.4000000000000001,21,112.32000000000001
2012,6,26,3,30,0,0,0,1.2000000000000002,21,104.81
2012,6,26,4,30,0,0,0,1,21,95.62
2012,6,26,5,30,44,29,184,0.9,23,85.26
2012,6,26,6,30,221,66,564,1.2000000000000002,26,74.11
2012,6,26,7,30,339,177,351,1.9000000000000001,29,62.46
2012,6,26,8,30,349,291,90,2.7,31,50.53
2012,6,26,9,30,793,111,872,3.2,33,38.56
2012,6,26,10,30,922,120,899,3.4000000000000004,34,26.990000000000002
2012,6,26,11,30,995,132,903,3.5,35,17.12
2012,6,26,12,30,93,93,0,3.6,36,13.74
2012,6,26,13,30,737,478,276,3.5,36,20.43
2012,6,26,14,30,161,154,8,3.4000000000000004,36,31.23
2012,6,26,15,30,89,89,0,3.3000000000000003,35,43.02
2012,6,26,16,30,30,30,0,3,34,55.01
2012,6,26,17,30,57,57,0,2.2,33,66.87
2012,6,26,18,30,51,51,0,1.3,30,78.37
2012,6,26,19,30,0,0,0,1.2000000000000002,28,89.26
2012,6,26,20,30,0,0,0,1.6,26,99.24000000000001
2012,6,26,21,30,0,0,0,1.9000000000000001,25,107.88
2012,6,26,22,30,0,0,0,1.7000000000000002,25,114.60000000000001
2012,6,26,23,30,0,0,0,1.3,24,118.75
2012,6,27,0,30,0,0,0,1.1,24,119.79
2012,6,27,1,30,0,0,0,1.2000000000000002,23,117.56
2012,6,27,2,30,0,0,0,1.3,22,112.38
2012,6,27,3,30,0,0,0,1.3,21,104.88
2012,6,27,4,30,0,0,0,1.3,21,95.69
2012,6,27,5,30,40,29,144,1.8,23,85.32000000000001
2012,6,27,6,30,44,44,0,2.2,25,74.18
2012,6,27,7,30,265,200,141,2.2,28,62.52
2012,6,27,8,30,627,86,852,2.5,31,50.59
2012,6,27,9,30,798,97,897,2.8000000000000003,33,38.62
2012,6,27,10,30,927,106,921,3,34,27.05
2012,6,27,11,30,519,461,61,3,35,17.18
2012,6,27,12,30,850,487,373,3.1,36,13.77
2012,6,27,13,30,254,239,15,3.3000000000000003,37,20.43
2012,6,27,14,30,656,394,307,3.4000000000000004,37,31.21
2012,6,27,15,30,317,293,32,3.5,36,43.01
2012,6,27,16,30,14,14,0,3.4000000000000004,35,55
2012,6,27,17,30,8,8,0,2.7,34,66.86
2012,6,27,18,30,34,34,0,1.7000000000000002,31,78.36
2012,6,27,19,30,0,0,0,1.8,28,89.25
2012,6,27,20,30,0,0,0,3.3000000000000003,26,99.24000000000001
2012,6,27,21,30,0,0,0,4.800000000000001,25,107.89
2012,6,27,22,30,0,0,0,5.4,23,114.62
2012,6,27,23,30,0,0,0,4.9,22,118.79
2012,6,28,0,30,0,0,0,3.9000000000000004,21,119.84
2012,6,28,1,30,0,0,0,3,20,117.61
2012,6,28,2,30,0,0,0,2.3000000000000003,19,112.44
2012,6,28,3,30,0,0,0,1.6,18,104.94
2012,6,28,4,30,0,0,0,1.3,18,95.75
2012,6,28,5,30,34,27,90,1.5,20,85.39
2012,6,28,6,30,223,57,611,1.8,23,74.24
2012,6,28,7,30,425,78,755,2.2,26,62.59
2012,6,28,8,30,622,89,841,2.6,29,50.65
2012,6,28,9,30,792,100,886,2.8000000000000003,32,38.69
2012,6,28,10,30,817,411,456,2.9000000000000004,33,27.12
2012,6,28,11,30,998,116,923,2.9000000000000004,34,17.25
2012,6,28,12,30,898,502,407,2.8000000000000003,35,13.82
2012,6,28,13,30,370,344,28,2.6,36,20.43
2012,6,28,14,30,728,377,410,2.4000000000000004,36,31.2
2012,6,28,15,30,737,100,870,2.2,35,42.99
2012,6,28,16,30,554,89,811,2.1,34,54.980000000000004
2012,6,28,17,30,353,73,711,1.9000000000000001,33,66.84
2012,6,28,18,30,154,49,519,1.4000000000000001,31,78.35000000000001
2012,6,28,19,30,0,0,0,1.1,28,89.25
2012,6,28,20,30,0,0,0,1.2000000000000002,26,99.25
2012,6,28,21,30,0,0,0,1.2000000000000002,25,107.91
2012,6,28,22,30,0,0,0,1.2000000000000002,24,114.65
2012,6,28,23,30,0,0,0,1.2000000000000002,24,118.83
2012,6,29,0,30,0,0,0,1.3,23,119.89
2012,6,29,1,30,0,0,0,1.4000000000000001,22,117.68
2012,6,29,2,30,0,0,0,1.3,21,112.51
2012,6,29,3,30,0,0,0,1.2000000000000002,20,105.01
2012,6,29,4,30,0,0,0,1.1,20,95.82000000000001
2012,6,29,5,30,42,25,205,1.1,22,85.46000000000001
2012,6,29,6,30,15,15,0,1.6,26,74.31
2012,6,29,7,30,400,102,647,2.4000000000000004,29,62.65
2012,6,29,8,30,619,101,817,2.9000000000000004,32,50.72
2012,6,29,9,30,791,112,871,3,33,38.76
2012,6,29,10,30,923,119,903,3.2,34,27.19
2012,6,29,11,30,1003,120,925,3.3000000000000003,35,17.32
2012,6,29,12,30,1024,121,930,3.3000000000000003,36,13.870000000000001
2012,6,29,13,30,985,119,923,3.3000000000000003,37,20.44
2012,6,29,14,30,893,104,922,3.3000000000000003,37,31.2
2012,6,29,15,30,749,94,895,3.3000000000000003,36,42.980000000000004
2012,6,29,16,30,568,82,847,3.4000000000000004,35,54.97
2012,6,29,17,30,363,67,752,2.7,34,66.84
2012,6,29,18,30,160,45,568,1.7000000000000002,30,78.35000000000001
2012,6,29,19,30,0,0,0,1.3,27,89.26
2012,6,29,20,30,0,0,0,1.3,25,99.26
2012,6,29,21,30,0,0,0,1.3,25,107.93
2012,6,29,22,30,0,0,0,1.5,24,114.69
2012,6,29,23,30,0,0,0,1.6,23,118.88
2012,6,30,0,30,0,0,0,1.5,21,119.96000000000001
2012,6,30,1,30,0,0,0,1.4000000000000001,20,117.75
2012,6,30,2,30,0,0,0,1.3,20,112.59
2012,6,30,3,30,0,0,0,1.2000000000000002,19,105.09
2012,6,30,4,30,0,0,0,1.1,19,95.9
2012,6,30,5,30,47,24,296,0.9,21,85.54
2012,6,30,6,30,226,58,622,1.1,25,74.38
2012,6,30,7,30,433,81,768,1.7000000000000002,29,62.72
2012,6,30,8,30,636,92,861,2.1,32,50.79
2012,6,30,9,30,811,100,913,2.5,33,38.83
2012,6,30,10,30,945,103,947,2.9000000000000004,35,27.26
2012,6,30,11,30,1027,100,972,3.2,36,17.400000000000002
2012,6,30,12,30,1049,98,979,3.3000000000000003,36,13.92
2012,6,30,13,30,1009,96,973,3.1,37,20.46
2012,6,30,14,30,907,99,944,2.8000000000000003,37,31.19
2012,6,30,15,30,759,91,912,2.4000000000000004,36,42.97
2012,6,30,16,30,572,82,853,2,35,54.96
2012,6,30,17,30,293,141,387,1.3,34,66.83
2012,6,30,18,30,128,68,294,0.7000000000000001,31,78.35000000000001
2012,6,30,19,30,0,0,0,0.6000000000000001,29,89.27
2012,6,30,20,30,0,0,0,0.6000000000000001,28,99.28
2012,6,30,21,30,0,0,0,0.6000000000000001,27,107.96000000000001
2012,6,30,22,30,0,0,0,0.7000000000000001,26,114.73
2012,6,30,23,30,0,0,0,0.7000000000000001,25,118.94
2012,7,1,0,30,0,0,0,0.7000000000000001,23,120.02
2012,7,1,1,30,0,0,0,0.9,22,117.83
2012,7,1,2,30,0,0,0,1.2000000000000002,20,112.67
2012,7,1,3,30,0,0,0,1.6,20,105.17
2012,7,1,4,30,0,0,0,2.2,20,95.98
2012,7,1,5,30,45,25,257,3.3000000000000003,21,85.61
2012,7,1,6,30,220,64,583,3.9000000000000004,24,74.46000000000001
2012,7,1,7,30,425,91,730,3.7,28,62.800000000000004
2012,7,1,8,30,626,104,826,3.3000000000000003,31,50.86
2012,7,1,9,30,246,235,14,3,34,38.9
2012,7,1,10,30,929,132,897,2.8000000000000003,35,27.34
2012,7,1,11,30,1015,118,939,2.6,36,17.48
2012,7,1,12,30,1035,120,942,2.6,37,13.99
2012,7,1,13,30,994,119,934,2.7,38,20.48
2012,7,1,14,30,898,109,922,2.9000000000000004,38,31.2
2012,7,1,15,30,749,102,884,3.1,37,42.97
2012,7,1,16,30,562,94,816,3.2,36,54.96
2012,7,1,17,30,354,82,691,2.6,34,66.83
2012,7,1,18,30,113,70,208,1.7000000000000002,31,78.35000000000001
2012,7,1,19,30,0,0,0,1.4000000000000001,28,89.28
2012,7,1,20,30,0,0,0,1.4000000000000001,27,99.3
2012,7,1,21,30,0,0,0,1.2000000000000002,26,107.99000000000001
2012,7,1,22,30,0,0,0,1.1,25,114.78
2012,7,1,23,30,0,0,0,0.8,25,119
2012,7,2,0,30,0,0,0,0.30000000000000004,24,120.10000000000001
2012,7,2,1,30,0,0,0,0.2,23,117.91
2012,7,2,2,30,0,0,0,0.4,23,112.75
2012,7,2,3,30,0,0,0,0.7000000000000001,22,105.26
2012,7,2,4,30,0,0,0,1,22,96.06
2012,7,2,5,30,10,10,0,1.1,23,85.69
2012,7,2,6,30,56,56,0,0.9,25,74.54
2012,7,2,7,30,365,146,480,1.2000000000000002,28,62.870000000000005
2012,7,2,8,30,604,128,756,2.3000000000000003,31,50.94
2012,7,2,9,30,775,143,812,3,33,38.980000000000004
2012,7,2,10,30,903,154,844,3.5,34,27.42
2012,7,2,11,30,973,178,834,4.1000000000000005,35,17.57
2012,7,2,12,30,993,177,841,5,35,14.06
2012,7,2,13,30,955,171,836,5.6000000000000005,36,20.51
2012,7,2,14,30,871,134,862,5.9,35,31.21
2012,7,2,15,30,728,119,833,6,34,42.97
2012,7,2,16,30,549,101,779,5.800000000000001,33,54.96
2012,7,2,17,30,274,147,323,5.1000000000000005,32,66.84
2012,7,2,18,30,5,5,0,3.5,30,78.36
2012,7,2,19,30,0,0,0,2.1,27,89.3
2012,7,2,20,30,0,0,0,1.6,25,99.33
2012,7,2,21,30,0,0,0,1.2000000000000002,25,108.04
2012,7,2,22,30,0,0,0,0.8,25,114.84
2012,7,2,23,30,0,0,0,0.7000000000000001,24,119.07000000000001
2012,7,3,0,30,0,0,0,0.9,23,120.18
2012,7,3,1,30,0,0,0,1.1,22,118
2012,7,3,2,30,0,0,0,1.1,22,112.84
2012,7,3,3,30,0,0,0,0.9,21,105.35000000000001
2012,7,3,4,30,0,0,0,0.9,21,96.15
2012,7,3,5,30,24,23,5,1.2000000000000002,22,85.78
2012,7,3,6,30,204,75,487,1.5,24,74.62
2012,7,3,7,30,265,196,151,0.9,27,62.95
2012,7,3,8,30,544,207,536,0.6000000000000001,30,51.01
2012,7,3,9,30,685,274,528,0.9,32,39.050000000000004
2012,7,3,10,30,818,409,460,1.2000000000000002,33,27.5
2012,7,3,11,30,842,476,383,1.6,34,17.66
2012,7,3,12,30,996,161,861,2,35,14.13
2012,7,3,13,30,958,157,855,2.5,36,20.54
2012,7,3,14,30,872,124,875,3.1,36,31.220000000000002
2012,7,3,15,30,683,241,605,3.9000000000000004,35,42.980000000000004
2012,7,3,16,30,548,99,782,4.6000000000000005,34,54.97
2012,7,3,17,30,282,142,356,5.2,33,66.85
2012,7,3,18,30,87,73,66,4.9,30,78.38
2012,7,3,19,30,0,0,0,3.6,27,89.32000000000001
2012,7,3,20,30,0,0,0,2.1,25,99.37
2012,7,3,21,30,0,0,0,1.2000000000000002,24,108.08
2012,7,3,22,30,0,0,0,1.1,24,114.9
2012,7,3,23,30,0,0,0,1.3,23,119.15
2012,7,4,0,30,0,0,0,1.4000000000000001,22,120.27
2012,7,4,1,30,0,0,0,1.2000000000000002,22,118.09
2012,7,4,2,30,0,0,0,0.8,22,112.94
2012,7,4,3,30,0,0,0,0.7000000000000001,21,105.44
2012,7,4,4,30,0,0,0,0.8,21,96.24000000000001
2012,7,4,5,30,6,6,0,0.9,21,85.86
2012,7,4,6,30,34,34,0,1.1,21,74.7
2012,7,4,7,30,333,171,356,1.7000000000000002,22,63.03
2012,7,4,8,30,534,214,508,2.5,24,51.09
2012,7,4,9,30,757,150,782,3,26,39.13
2012,7,4,10,30,888,155,827,2.9000000000000004,28,27.59
2012,7,4,11,30,961,178,821,2.4000000000000004,29,17.76
2012,7,4,12,30,848,486,373,2,30,14.22
2012,7,4,13,30,750,472,297,2,31,20.580000000000002
2012,7,4,14,30,563,438,146,2.3000000000000003,31,31.240000000000002
2012,7,4,15,30,558,341,295,2.8000000000000003,31,42.99
2012,7,4,16,30,526,126,698,3.3000000000000003,30,54.980000000000004
2012,7,4,17,30,154,144,26,3.6,28,66.86
2012,7,4,18,30,90,74,81,4.3,26,78.4
2012,7,4,19,30,0,0,0,5.1000000000000005,24,89.35000000000001
2012,7,4,20,30,0,0,0,4.5,22,99.41
2012,7,4,21,30,0,0,0,3.1,21,108.14
2012,7,4,22,30,0,0,0,2.2,20,114.97
2012,7,4,23,30,0,0,0,1.9000000000000001,20,119.23
2012,7,5,0,30,0,0,0,1.6,19,120.37
2012,7,5,1,30,0,0,0,1.3,19,118.2
2012,7,5,2,30,0,0,0,0.9,18,113.04
2012,7,5,3,30,0,0,0,0.8,18,105.54
2012,7,5,4,30,0,0,0,1.1,18,96.34
2012,7,5,5,30,16,16,0,1.6,19,85.95
2012,7,5,6,30,33,33,0,2,21,74.79
2012,7,5,7,30,180,168,27,2.1,23,63.120000000000005
2012,7,5,8,30,520,226,468,2.2,24,51.18
2012,7,5,9,30,539,385,198,2.2,26,39.22
2012,7,5,10,30,887,150,831,2.1,27,27.68
2012,7,5,11,30,966,154,853,2.1,28,17.86
2012,7,5,12,30,781,487,303,2,29,14.31
2012,7,5,13,30,247,232,15,1.8,29,20.62
2012,7,5,14,30,54,54,0,1.6,28,31.26
2012,7,5,15,30,173,167,8,1.3,28,43.01
2012,7,5,16,30,525,132,685,1.1,27,55
2012,7,5,17,30,331,99,589,0.8,27,66.88
2012,7,5,18,30,141,60,400,0.5,26,78.43
2012,7,5,19,30,0,0,0,0.5,24,89.39
2012,7,5,20,30,0,0,0,0.6000000000000001,23,99.45
2012,7,5,21,30,0,0,0,0.7000000000000001,22,108.2
2012,7,5,22,30,0,0,0,0.9,21,115.04
2012,7,5,23,30,0,0,0,1.1,20,119.32000000000001
2012,7,6,0,30,0,0,0,1.4000000000000001,19,120.47
2012,7,6,1,30,0,0,0,1.4000000000000001,18,118.3
2012,7,6,2,30,0,0,0,1.2000000000000002,18,113.15
2012,7,6,3,30,0,0,0,1,17,105.64
2012,7,6,4,30,0,0,0,0.9,17,96.43
2012,7,6,5,30,37,24,177,1.2000000000000002,19,86.05
2012,7,6,6,30,204,66,529,0.7000000000000001,21,74.88
2012,7,6,7,30,406,91,700,0.7000000000000001,24,63.2
2012,7,6,8,30,604,108,793,1.5,26,51.26
2012,7,6,9,30,778,117,854,1.9000000000000001,28,39.300000000000004
2012,7,6,10,30,911,122,891,2.2,29,27.77
2012,7,6,11,30,995,113,927,2.5,30,17.97
2012,7,6,12,30,1016,114,931,2.6,31,14.41
2012,7,6,13,30,976,112,923,2.4000000000000004,32,20.68
2012,7,6,14,30,198,186,13,2,32,31.29
2012,7,6,15,30,165,159,8,1.7000000000000002,31,43.03
2012,7,6,16,30,550,90,803,1.3,30,55.02
2012,7,6,17,30,347,75,694,1,29,66.91
2012,7,6,18,30,148,51,485,0.6000000000000001,27,78.46000000000001
2012,7,6,19,30,0,0,0,0.5,26,89.42
2012,7,6,20,30,0,0,0,0.5,25,99.51
2012,7,6,21,30,0,0,0,0.7000000000000001,24,108.26
2012,7,6,22,30,0,0,0,0.9,23,115.12
2012,7,6,23,30,0,0,0,1.1,23,119.42
2012,7,7,0,30,0,0,0,1.6,22,120.58
2012,7,7,1,30,0,0,0,2.3000000000000003,21,118.42
2012,7,7,2,30,0,0,0,2.9000000000000004,21,113.26
2012,7,7,3,30,0,0,0,3.2,20,105.75
2012,7,7,4,30,0,0,0,3.4000000000000004,20,96.54
2012,7,7,5,30,24,22,24,3.8000000000000003,21,86.14
2012,7,7,6,30,58,58,0,4.2,23,74.97
2012,7,7,7,30,309,181,284,4.2,24,63.29
2012,7,7,8,30,380,287,149,4,25,51.35
2012,7,7,9,30,766,112,846,3.8000000000000003,26,39.39
2012,7,7,10,30,895,121,875,3.5,27,27.87
2012,7,7,11,30,964,153,852,3.2,28,18.080000000000002
2012,7,7,12,30,984,156,854,3.1,28,14.51
2012,7,7,13,30,945,154,845,3.2,28,20.73
2012,7,7,14,30,863,110,881,3.5,28,31.32
2012,7,7,15,30,720,102,845,4,27,43.050000000000004
2012,7,7,16,30,541,90,787,4.2,26,55.04
2012,7,7,17,30,29,29,0,4.1000000000000005,25,66.93
2012,7,7,18,30,12,12,0,3.6,23,78.49
2012,7,7,19,30,0,0,0,3.1,22,89.47
2012,7,7,20,30,0,0,0,3.2,21,99.56
2012,7,7,21,30,0,0,0,3.5,20,108.34
2012,7,7,22,30,0,0,0,3.5,20,115.21000000000001
2012,7,7,23,30,0,0,0,3.4000000000000004,19,119.52
2012,7,8,0,30,0,0,0,3.2,19,120.69
2012,7,8,1,30,0,0,0,2.9000000000000004,18,118.54
2012,7,8,2,30,0,0,0,2.6,18,113.38
2012,7,8,3,30,0,0,0,2.4000000000000004,18,105.86
2012,7,8,4,30,0,0,0,2.5,18,96.64
2012,7,8,5,30,24,21,36,3.2,19,86.24
2012,7,8,6,30,72,72,0,3.7,22,75.06
2012,7,8,7,30,213,184,64,3.8000000000000003,24,63.38
2012,7,8,8,30,602,85,829,3.7,26,51.43
2012,7,8,9,30,773,95,877,3.4000000000000004,27,39.480000000000004
2012,7,8,10,30,902,104,903,3,28,27.97
2012,7,8,11,30,983,99,930,2.5,29,18.19
2012,7,8,12,30,1003,103,929,2.2,29,14.620000000000001
2012,7,8,13,30,964,104,920,1.8,29,20.8
2012,7,8,14,30,870,98,903,1.6,29,31.36
2012,7,8,15,30,726,92,868,1.6,28,43.08
2012,7,8,16,30,477,188,504,1.7000000000000002,27,55.07
2012,7,8,17,30,174,154,51,1.4000000000000001,26,66.97
2012,7,8,18,30,10,10,0,1.2000000000000002,24,78.53
2012,7,8,19,30,0,0,0,1.7000000000000002,22,89.52
2012,7,8,20,30,0,0,0,2.4000000000000004,22,99.63
2012,7,8,21,30,0,0,0,2.8000000000000003,21,108.41
2012,7,8,22,30,0,0,0,2.8000000000000003,20,115.31
2012,7,8,23,30,0,0,0,2.5,19,119.63
2012,7,9,0,30,0,0,0,2.3000000000000003,19,120.81
2012,7,9,1,30,0,0,0,2.2,19,118.66
2012,7,9,2,30,0,0,0,2.1,18,113.5
2012,7,9,3,30,0,0,0,2.1,18,105.98
2012,7,9,4,30,0,0,0,2.5,18,96.75
2012,7,9,5,30,35,21,216,3.4000000000000004,19,86.34
2012,7,9,6,30,204,57,574,3.9000000000000004,22,75.16
2012,7,9,7,30,406,77,736,3.5,25,63.47
2012,7,9,8,30,602,94,817,2.7,27,51.52
2012,7,9,9,30,774,104,869,1.8,29,39.57
2012,7,9,10,30,906,111,901,0.9,30,28.07
2012,7,9,11,30,988,112,923,0.6000000000000001,31,18.31
2012,7,9,12,30,1010,112,929,1.1,32,14.74
2012,7,9,13,30,973,107,926,1.8,33,20.87
2012,7,9,14,30,879,100,913,2.2,33,31.400000000000002
2012,7,9,15,30,735,92,880,2.4000000000000004,33,43.12
2012,7,9,16,30,553,83,822,2.3000000000000003,32,55.11
2012,7,9,17,30,350,69,720,1.7000000000000002,30,67.01
2012,7,9,18,30,5,5,0,1.1,27,78.58
2012,7,9,19,30,0,0,0,0.9,25,89.58
2012,7,9,20,30,0,0,0,1.2000000000000002,24,99.7
2012,7,9,21,30,0,0,0,2.5,23,108.5
2012,7,9,22,30,0,0,0,3.6,21,115.41
2012,7,9,23,30,0,0,0,4.1000000000000005,21,119.75
2012,7,10,0,30,0,0,0,4.3,20,120.94
2012,7,10,1,30,0,0,0,4.1000000000000005,20,118.79
2012,7,10,2,30,0,0,0,3.9000000000000004,19,113.63
2012,7,10,3,30,0,0,0,3.5,18,106.10000000000001
2012,7,10,4,30,0,0,0,3.3000000000000003,18,96.86
2012,7,10,5,30,33,22,177,3.7,20,86.45
2012,7,10,6,30,199,64,532,4.3,22,75.26
2012,7,10,7,30,401,87,705,4.2,25,63.57
2012,7,10,8,30,600,103,800,3.7,27,51.620000000000005
2012,7,10,9,30,773,113,856,3,29,39.67
2012,7,10,10,30,905,120,890,2.3000000000000003,30,28.17
2012,7,10,11,30,987,117,917,1.6,31,18.44
2012,7,10,12,30,1008,119,920,1,32,14.86
2012,7,10,13,30,969,119,909,0.9,33,20.94
2012,7,10,14,30,875,108,898,1.2000000000000002,33,31.45
2012,7,10,15,30,728,102,858,1.5,32,43.160000000000004
2012,7,10,16,30,545,93,792,1.8,31,55.14
2012,7,10,17,30,344,75,690,2,30,67.05
2012,7,10,18,30,124,61,323,1.9000000000000001,28,78.63
2012,7,10,19,30,0,0,0,2,25,89.64
2012,7,10,20,30,0,0,0,2.3000000000000003,24,99.77
2012,7,10,21,30,0,0,0,2.5,23,108.59
2012,7,10,22,30,0,0,0,2.7,22,115.52
2012,7,10,23,30,0,0,0,3,22,119.87
2012,7,11,0,30,0,0,0,3.4000000000000004,21,121.07000000000001
2012,7,11,1,30,0,0,0,3.6,20,118.93
2012,7,11,2,30,0,0,0,3.6,19,113.76
2012,7,11,3,30,0,0,0,3.3000000000000003,19,106.22
2012,7,11,4,30,0,0,0,2.9000000000000004,19,96.98
2012,7,11,5,30,33,21,199,2.8000000000000003,20,86.56
2012,7,11,6,30,201,57,567,2.9000000000000004,22,75.36
2012,7,11,7,30,403,78,732,3,25,63.660000000000004
2012,7,11,8,30,599,95,814,3,28,51.71
2012,7,11,9,30,772,106,866,2.7,30,39.76
2012,7,11,10,30,904,113,898,2.2,31,28.28
2012,7,11,11,30,984,117,914,1.6,32,18.57
2012,7,11,12,30,1006,117,920,1,33,15
2012,7,11,13,30,967,116,911,0.6000000000000001,34,21.02
2012,7,11,14,30,873,109,895,0.5,34,31.51
2012,7,11,15,30,634,278,487,0.8,33,43.2
2012,7,11,16,30,480,184,518,1.2000000000000002,32,55.19
2012,7,11,17,30,345,72,701,1.4000000000000001,31,67.1
2012,7,11,18,30,134,53,411,1.3,28,78.68
2012,7,11,19,30,0,0,0,1.3,26,89.7
2012,7,11,20,30,0,0,0,1.5,24,99.85000000000001
2012,7,11,21,30,0,0,0,2,24,108.68
2012,7,11,22,30,0,0,0,3.1,23,115.63
2012,7,11,23,30,0,0,0,4,23,120
2012,7,12,0,30,0,0,0,4.2,22,121.21000000000001
2012,7,12,1,30,0,0,0,3.8000000000000003,21,119.07000000000001
2012,7,12,2,30,0,0,0,3,20,113.9
2012,7,12,3,30,0,0,0,2.3000000000000003,19,106.35000000000001
2012,7,12,4,30,0,0,0,2.2,19,97.10000000000001
2012,7,12,5,30,32,20,221,2.8000000000000003,20,86.67
2012,7,12,6,30,201,55,581,3.1,23,75.46000000000001
2012,7,12,7,30,403,77,738,2.6,26,63.76
2012,7,12,8,30,600,93,819,1.9000000000000001,29,51.81
2012,7,12,9,30,771,105,867,1,31,39.86
2012,7,12,10,30,902,113,897,0.5,33,28.39
2012,7,12,11,30,983,114,917,0.7000000000000001,34,18.7
2012,7,12,12,30,1004,115,921,1,35,15.13
2012,7,12,13,30,966,113,914,1.1,36,21.11
2012,7,12,14,30,871,104,900,0.8,36,31.57
2012,7,12,15,30,656,224,593,0.8,35,43.25
2012,7,12,16,30,540,92,784,1.8,34,55.24
2012,7,12,17,30,334,83,648,2.5,31,67.15
2012,7,12,18,30,95,71,123,2.1,28,78.74
2012,7,12,19,30,0,0,0,1.3,26,89.77
2012,7,12,20,30,0,0,0,0.7000000000000001,25,99.94
2012,7,12,21,30,0,0,0,0.7000000000000001,24,108.79
2012,7,12,22,30,0,0,0,1.4000000000000001,23,115.75
2012,7,12,23,30,0,0,0,2.4000000000000004,22,120.14
2012,7,13,0,30,0,0,0,2.9000000000000004,22,121.36
2012,7,13,1,30,0,0,0,2.8000000000000003,21,119.22
2012,7,13,2,30,0,0,0,2.5,21,114.04
2012,7,13,3,30,0,0,0,1.9000000000000001,20,106.48
2012,7,13,4,30,0,0,0,1.3,20,97.22
2012,7,13,5,30,15,15,0,1.2000000000000002,20,86.78
2012,7,13,6,30,108,93,59,1.5,21,75.56
2012,7,13,7,30,387,97,658,1.5,23,63.86
2012,7,13,8,30,438,279,256,1.4000000000000001,26,51.9
2012,7,13,9,30,734,240,643,1.2000000000000002,28,39.96
2012,7,13,10,30,881,145,837,0.9,29,28.5
2012,7,13,11,30,815,454,381,0.7000000000000001,30,18.84
2012,7,13,12,30,143,137,6,0.8,30,15.280000000000001
2012,7,13,13,30,242,227,15,1.2000000000000002,30,21.21
2012,7,13,14,30,841,162,797,1.6,30,31.63
2012,7,13,15,30,699,147,758,1.9000000000000001,30,43.31
2012,7,13,16,30,99,99,0,1.9000000000000001,29,55.29
2012,7,13,17,30,146,138,20,1.4000000000000001,28,67.21000000000001
2012,7,13,18,30,44,44,0,0.8,27,78.81
2012,7,13,19,30,0,0,0,0.7000000000000001,25,89.85000000000001
2012,7,13,20,30,0,0,0,0.8,24,100.03
2012,7,13,21,30,0,0,0,0.8,23,108.89
2012,7,13,22,30,0,0,0,1.1,22,115.88
2012,7,13,23,30,0,0,0,1.6,21,120.28
2012,7,14,0,30,0,0,0,1.5,20,121.51
2012,7,14,1,30,0,0,0,1.2000000000000002,20,119.37
2012,7,14,2,30,0,0,0,0.8,20,114.19
2012,7,14,3,30,0,0,0,0.4,20,106.62
2012,7,14,4,30,0,0,0,0.2,20,97.34
2012,7,14,5,30,4,4,0,0.7000000000000001,20,86.89
2012,7,14,6,30,173,71,413,1.5,21,75.67
2012,7,14,7,30,385,99,651,1.7000000000000002,23,63.96
2012,7,14,8,30,582,117,755,1,25,52
2012,7,14,9,30,614,347,348,1.1,27,40.07
2012,7,14,10,30,847,246,685,2.3000000000000003,28,28.61
2012,7,14,11,30,783,448,354,3.3000000000000003,29,18.98
2012,7,14,12,30,160,151,9,3.8000000000000003,29,15.43
2012,7,14,13,30,333,314,20,3.7,30,21.31
2012,7,14,14,30,507,423,98,2.9000000000000004,30,31.7
2012,7,14,15,30,22,22,0,1.8,29,43.37
2012,7,14,16,30,12,12,0,1.9000000000000001,28,55.35
2012,7,14,17,30,230,159,184,2.9000000000000004,26,67.27
2012,7,14,18,30,77,69,44,3.1,24,78.88
2012,7,14,19,30,0,0,0,2.7,22,89.93
2012,7,14,20,30,0,0,0,2.2,22,100.12
2012,7,14,21,30,0,0,0,1.7000000000000002,21,109.01
2012,7,14,22,30,0,0,0,1.2000000000000002,21,116.01
2012,7,14,23,30,0,0,0,0.9,20,120.43
2012,7,15,0,30,0,0,0,0.9,20,121.67
2012,7,15,1,30,0,0,0,0.8,19,119.53
2012,7,15,2,30,0,0,0,0.8,19,114.34
2012,7,15,3,30,0,0,0,0.8,19,106.76
2012,7,15,4,30,0,0,0,1,19,97.47
2012,7,15,5,30,21,21,0,1.7000000000000002,20,87.01
2012,7,15,6,30,21,21,0,2.5,22,75.78
2012,7,15,7,30,260,186,168,3,24,64.06
2012,7,15,8,30,392,287,170,3.4000000000000004,25,52.11
2012,7,15,9,30,213,204,12,3.5,26,40.17
2012,7,15,10,30,286,271,17,3.3000000000000003,27,28.73
2012,7,15,11,30,312,294,18,3,27,19.13
2012,7,15,12,30,564,463,104,2.7,27,15.59
2012,7,15,13,30,344,319,26,2.4000000000000004,27,21.42
2012,7,15,14,30,299,283,18,2.4000000000000004,27,31.78
2012,7,15,15,30,325,298,36,2.5,26,43.43
2012,7,15,16,30,25,25,0,2.3000000000000003,25,55.410000000000004
2012,7,15,17,30,24,24,0,1.5,24,67.34
2012,7,15,18,30,85,70,82,0.6000000000000001,23,78.96000000000001
2012,7,15,19,30,0,0,0,0.4,22,90.02
2012,7,15,20,30,0,0,0,0.7000000000000001,21,100.23
2012,7,15,21,30,0,0,0,1.1,20,109.13
2012,7,15,22,30,0,0,0,1.6,20,116.15
2012,7,15,23,30,0,0,0,2,19,120.59
2012,7,16,0,30,0,0,0,1.8,19,121.84
2012,7,16,1,30,0,0,0,1.1,18,119.69
2012,7,16,2,30,0,0,0,0.30000000000000004,18,114.49000000000001
2012,7,16,3,30,0,0,0,0.1,17,106.9
2012,7,16,4,30,0,0,0,0.30000000000000004,17,97.60000000000001
2012,7,16,5,30,1,1,0,0.30000000000000004,18,87.13
2012,7,16,6,30,21,21,0,0.7000000000000001,20,75.89
2012,7,16,7,30,300,173,293,1.2000000000000002,22,64.17
2012,7,16,8,30,589,100,799,1.4000000000000001,24,52.21
2012,7,16,9,30,765,109,859,1.7000000000000002,25,40.28
2012,7,16,10,30,900,114,896,2.1,27,28.85
2012,7,16,11,30,987,101,938,2.3000000000000003,28,19.28
2012,7,16,12,30,1012,100,947,2.4000000000000004,29,15.75
2012,7,16,13,30,975,97,943,2.4000000000000004,30,21.53
2012,7,16,14,30,878,100,916,2.4000000000000004,30,31.86
2012,7,16,15,30,734,92,884,2.4000000000000004,30,43.5
2012,7,16,16,30,551,81,830,2.4000000000000004,29,55.480000000000004
2012,7,16,17,30,347,66,731,1.8,28,67.41
2012,7,16,18,30,145,44,531,1.1,25,79.04
2012,7,16,19,30,0,0,0,0.9,23,90.11
2012,7,16,20,30,0,0,0,0.8,23,100.33
2012,7,16,21,30,0,0,0,0.8,22,109.26
2012,7,16,22,30,0,0,0,0.8,22,116.29
2012,7,16,23,30,0,0,0,0.8,21,120.75
2012,7,17,0,30,0,0,0,1,20,122.01
2012,7,17,1,30,0,0,0,1.1,20,119.86
2012,7,17,2,30,0,0,0,1.1,20,114.65
2012,7,17,3,30,0,0,0,1.1,19,107.05
2012,7,17,4,30,0,0,0,1,19,97.74000000000001
2012,7,17,5,30,27,17,202,1.5,20,87.25
2012,7,17,6,30,195,52,592,2.3000000000000003,22,76
2012,7,17,7,30,401,72,758,2.8000000000000003,25,64.28
2012,7,17,8,30,603,83,850,2.9000000000000004,27,52.31
2012,7,17,9,30,779,93,900,2.9000000000000004,28,40.39
2012,7,17,10,30,559,448,127,3.1,29,28.98
2012,7,17,11,30,999,95,957,3.4000000000000004,30,19.43
2012,7,17,12,30,1022,95,963,3.5,31,15.92
2012,7,17,13,30,984,94,957,3.6,32,21.66
2012,7,17,14,30,890,82,952,3.5,32,31.95
2012,7,17,15,30,745,75,923,3.4000000000000004,32,43.58
2012,7,17,16,30,561,67,873,3.2,31,55.56
2012,7,17,17,30,355,55,783,2.4000000000000004,29,67.49
2012,7,17,18,30,150,38,592,1.4000000000000001,26,79.12
2012,7,17,19,30,0,0,0,1.1,23,90.21000000000001
2012,7,17,20,30,0,0,0,1.1,23,100.45
2012,7,17,21,30,0,0,0,1.1,22,109.39
2012,7,17,22,30,0,0,0,1,21,116.45
2012,7,17,23,30,0,0,0,1,21,120.92
2012,7,18,0,30,0,0,0,1,20,122.18
2012,7,18,1,30,0,0,0,1,19,120.03
2012,7,18,2,30,0,0,0,1,19,114.82000000000001
2012,7,18,3,30,0,0,0,1,18,107.2
2012,7,18,4,30,0,0,0,1.2000000000000002,18,97.87
2012,7,18,5,30,26,17,196,1.8,20,87.38
2012,7,18,6,30,194,51,595,2.3000000000000003,23,76.12
2012,7,18,7,30,399,70,762,2.3000000000000003,26,64.38
2012,7,18,8,30,599,83,846,2.1,29,52.42
2012,7,18,9,30,774,92,896,2.1,31,40.5
2012,7,18,10,30,908,99,925,2.1,32,29.1
2012,7,18,11,30,988,107,934,2.1,33,19.59
2012,7,18,12,30,1010,111,935,2.1,34,16.1
2012,7,18,13,30,971,112,925,2,35,21.78
2012,7,18,14,30,875,105,909,1.8,35,32.04
2012,7,18,15,30,729,99,871,1.6,34,43.660000000000004
2012,7,18,16,30,400,245,274,1.4000000000000001,33,55.63
2012,7,18,17,30,218,158,158,0.9,32,67.57000000000001
2012,7,18,18,30,93,67,139,0.5,29,79.22
2012,7,18,19,30,0,0,0,0.30000000000000004,27,90.32000000000001
2012,7,18,20,30,0,0,0,0.5,26,100.57000000000001
2012,7,18,21,30,0,0,0,1.2000000000000002,25,109.53
2012,7,18,22,30,0,0,0,1.8,24,116.60000000000001
2012,7,18,23,30,0,0,0,2.2,23,121.09
2012,7,19,0,30,0,0,0,2.2,22,122.36
2012,7,19,1,30,0,0,0,1.7000000000000002,22,120.21000000000001
2012,7,19,2,30,0,0,0,1.4000000000000001,21,114.98
2012,7,19,3,30,0,0,0,1.1,20,107.35000000000001
2012,7,19,4,30,0,0,0,1.5,20,98.01
2012,7,19,5,30,10,10,0,3.1,20,87.5
2012,7,19,6,30,83,81,8,4.6000000000000005,21,76.23
2012,7,19,7,30,375,89,663,4.7,23,64.49
2012,7,19,8,30,579,92,799,3.8000000000000003,25,52.53
2012,7,19,9,30,754,98,864,3.2,28,40.61
2012,7,19,10,30,888,105,896,3.4000000000000004,30,29.23
2012,7,19,11,30,966,117,902,3.6,31,19.76
2012,7,19,12,30,989,117,908,3.6,31,16.28
2012,7,19,13,30,952,115,901,3.5,31,21.92
2012,7,19,14,30,863,93,909,3.2,31,32.15
2012,7,19,15,30,719,88,874,2.8000000000000003,31,43.75
2012,7,19,16,30,11,11,0,2.4000000000000004,31,55.72
2012,7,19,17,30,162,146,41,1.6,29,67.66
2012,7,19,18,30,71,65,30,1,27,79.31
2012,7,19,19,30,0,0,0,1,25,90.43
2012,7,19,20,30,0,0,0,0.9,25,100.69
2012,7,19,21,30,0,0,0,0.7000000000000001,25,109.67
2012,7,19,22,30,0,0,0,0.6000000000000001,24,116.77
2012,7,19,23,30,0,0,0,0.8,23,121.27
2012,7,20,0,30,0,0,0,1,22,122.55
2012,7,20,1,30,0,0,0,1.3,21,120.4
2012,7,20,2,30,0,0,0,1.6,20,115.16
2012,7,20,3,30,0,0,0,1.8,19,107.51
2012,7,20,4,30,0,0,0,1.9000000000000001,19,98.15
2012,7,20,5,30,21,16,120,2.6,20,87.63
2012,7,20,6,30,181,56,529,3.5,23,76.35000000000001
2012,7,20,7,30,384,78,712,3.9000000000000004,26,64.6
2012,7,20,8,30,583,95,804,4.1000000000000005,29,52.64
2012,7,20,9,30,759,104,864,4,31,40.72
2012,7,20,10,30,895,109,902,3.9000000000000004,32,29.36
2012,7,20,11,30,976,120,910,3.8000000000000003,33,19.92
2012,7,20,12,30,1003,117,923,3.7,34,16.47
2012,7,20,13,30,968,112,923,3.6,35,22.06
2012,7,20,14,30,877,97,921,3.4000000000000004,35,32.25
2012,7,20,15,30,732,89,890,3.1,34,43.84
2012,7,20,16,30,547,79,833,2.8000000000000003,33,55.81
2012,7,20,17,30,342,65,731,1.8,32,67.75
2012,7,20,18,30,139,43,520,1,29,79.41
2012,7,20,19,30,0,0,0,0.9,27,90.54
2012,7,20,20,30,0,0,0,0.9,25,100.82000000000001
2012,7,20,21,30,0,0,0,0.8,24,109.82000000000001
2012,7,20,22,30,0,0,0,0.8,23,116.94
2012,7,20,23,30,0,0,0,0.7000000000000001,22,121.46000000000001
2012,7,21,0,30,0,0,0,0.6000000000000001,21,122.74000000000001
2012,7,21,1,30,0,0,0,0.4,20,120.59
2012,7,21,2,30,0,0,0,0.4,20,115.33
2012,7,21,3,30,0,0,0,0.6000000000000001,19,107.67
2012,7,21,4,30,0,0,0,0.8,19,98.29
2012,7,21,5,30,20,15,124,1.6,20,87.76
2012,7,21,6,30,149,76,309,2.4000000000000004,23,76.47
2012,7,21,7,30,369,90,653,2.4000000000000004,26,64.72
2012,7,21,8,30,582,102,793,2.1,29,52.75
2012,7,21,9,30,759,112,855,1.9000000000000001,31,40.84
2012,7,21,10,30,894,118,891,1.9000000000000001,32,29.490000000000002
2012,7,21,11,30,982,107,931,2.1,33,20.1
2012,7,21,12,30,1004,108,935,2.2,34,16.66
2012,7,21,13,30,966,106,928,2.3000000000000003,34,22.21
2012,7,21,14,30,740,318,500,2.4000000000000004,34,32.36
2012,7,21,15,30,724,92,876,2.4000000000000004,34,43.94
2012,7,21,16,30,539,83,814,2.2,33,55.9
2012,7,21,17,30,333,70,698,1.5,31,67.85
2012,7,21,18,30,133,46,477,0.6000000000000001,29,79.52
2012,7,21,19,30,0,0,0,0.30000000000000004,27,90.66
2012,7,21,20,30,0,0,0,0.5,26,100.96000000000001
2012,7,21,21,30,0,0,0,0.7000000000000001,24,109.98
2012,7,21,22,30,0,0,0,0.6000000000000001,24,117.11
2012,7,21,23,30,0,0,0,0.6000000000000001,23,121.65
2012,7,22,0,30,0,0,0,1.3,22,122.94
2012,7,22,1,30,0,0,0,2.2,21,120.78
2012,7,22,2,30,0,0,0,3,20,115.51
2012,7,22,3,30,0,0,0,3.9000000000000004,20,107.83
2012,7,22,4,30,0,0,0,4.4,19,98.44
2012,7,22,5,30,18,18,0,4.2,19,87.89
2012,7,22,6,30,176,57,513,3.9000000000000004,19,76.59
2012,7,22,7,30,379,77,710,3.3000000000000003,21,64.83
2012,7,22,8,30,578,94,802,2.5,23,52.86
2012,7,22,9,30,754,101,864,2,26,40.96
2012,7,22,10,30,889,107,899,2,27,29.63
2012,7,22,11,30,973,104,926,2.1,28,20.27
2012,7,22,12,30,997,104,932,2,29,16.86
2012,7,22,13,30,961,102,929,1.7000000000000002,29,22.36
2012,7,22,14,30,867,96,914,1.3,30,32.480000000000004
2012,7,22,15,30,723,87,883,0.9,30,44.04
2012,7,22,16,30,540,77,828,0.7000000000000001,30,56
2012,7,22,17,30,312,86,603,0.7000000000000001,29,67.95
2012,7,22,18,30,86,65,120,0.8,27,79.63
2012,7,22,19,30,0,0,0,0.9,25,90.79
2012,7,22,20,30,0,0,0,0.8,24,101.10000000000001
2012,7,22,21,30,0,0,0,0.6000000000000001,24,110.14
2012,7,22,22,30,0,0,0,0.8,23,117.3
2012,7,22,23,30,0,0,0,1.7000000000000002,21,121.85000000000001
2012,7,23,0,30,0,0,0,2.8000000000000003,21,123.15
2012,7,23,1,30,0,0,0,3.1,20,120.98
2012,7,23,2,30,0,0,0,2.6,20,115.7
2012,7,23,3,30,0,0,0,1.8,20,108
2012,7,23,4,30,0,0,0,1.4000000000000001,19,98.59
2012,7,23,5,30,18,14,121,2,20,88.02
2012,7,23,6,30,176,54,531,2.8000000000000003,23,76.71000000000001
2012,7,23,7,30,378,76,714,2.9000000000000004,26,64.95
2012,7,23,8,30,578,90,810,2.7,28,52.97
2012,7,23,9,30,754,99,869,2.7,30,41.08
2012,7,23,10,30,889,104,903,2.7,31,29.77
2012,7,23,11,30,974,100,933,2.8000000000000003,32,20.45
2012,7,23,12,30,997,101,937,3,33,17.07
2012,7,23,13,30,959,100,930,3.3000000000000003,33,22.52
2012,7,23,14,30,860,103,898,3.7,33,32.61
2012,7,23,15,30,618,273,481,4,32,44.15
2012,7,23,16,30,484,149,600,4.1000000000000005,31,56.11
2012,7,23,17,30,151,139,32,3.7,30,68.06
2012,7,23,18,30,8,8,0,2.6,27,79.75
2012,7,23,19,30,0,0,0,1.8,25,90.92
2012,7,23,20,30,0,0,0,1.6,23,101.25
2012,7,23,21,30,0,0,0,1.4000000000000001,23,110.31
2012,7,23,22,30,0,0,0,1.3,22,117.48
2012,7,23,23,30,0,0,0,1.2000000000000002,21,122.05
2012,7,24,0,30,0,0,0,1.1,21,123.36
2012,7,24,1,30,0,0,0,0.9,21,121.18
2012,7,24,2,30,0,0,0,0.7000000000000001,21,115.88
2012,7,24,3,30,0,0,0,0.7000000000000001,20,108.17
2012,7,24,4,30,0,0,0,0.7000000000000001,20,98.74000000000001
2012,7,24,5,30,15,13,61,1.1,20,88.16
2012,7,24,6,30,166,64,450,1.8,22,76.84
2012,7,24,7,30,366,90,654,2.3000000000000003,23,65.06
2012,7,24,8,30,564,108,758,2.7,24,53.09
2012,7,24,9,30,737,120,819,3,25,41.2
2012,7,24,10,30,660,436,257,3.3000000000000003,26,29.91
2012,7,24,11,30,471,427,46,3.6,26,20.63
2012,7,24,12,30,676,506,177,3.9000000000000004,26,17.28
2012,7,24,13,30,170,161,10,4,25,22.69
2012,7,24,14,30,236,224,14,3.8000000000000003,25,32.730000000000004
2012,7,24,15,30,485,349,189,3.4000000000000004,25,44.26
2012,7,24,16,30,10,10,0,2.9000000000000004,25,56.22
2012,7,24,17,30,12,12,0,2,24,68.18
2012,7,24,18,30,58,58,0,1.1,22,79.87
2012,7,24,19,30,0,0,0,0.8,21,91.06
2012,7,24,20,30,0,0,0,0.8,20,101.4
2012,7,24,21,30,0,0,0,0.8,19,110.48
2012,7,24,22,30,0,0,0,0.9,19,117.68
2012,7,24,23,30,0,0,0,1,18,122.26
2012,7,25,0,30,0,0,0,1.1,18,123.57000000000001
2012,7,25,1,30,0,0,0,1.1,18,121.39
2012,7,25,2,30,0,0,0,1,17,116.08
2012,7,25,3,30,0,0,0,1,17,108.34
2012,7,25,4,30,0,0,0,0.9,17,98.89
2012,7,25,5,30,16,13,108,1.2000000000000002,18,88.3
2012,7,25,6,30,177,53,551,2.1,21,76.96000000000001
2012,7,25,7,30,384,74,739,3.2,25,65.18
2012,7,25,8,30,589,88,837,4.1000000000000005,28,53.2
2012,7,25,9,30,769,97,894,4.800000000000001,30,41.32
2012,7,25,10,30,907,103,928,5.2,31,30.05
2012,7,25,11,30,991,106,947,5.5,32,20.82
2012,7,25,12,30,1015,106,952,5.6000000000000005,33,17.490000000000002
2012,7,25,13,30,977,104,947,5.800000000000001,34,22.87
2012,7,25,14,30,881,96,934,5.9,33,32.87
2012,7,25,15,30,733,88,902,5.800000000000001,33,44.38
2012,7,25,16,30,546,78,844,5.5,32,56.33
2012,7,25,17,30,336,65,734,4.3,30,68.29
2012,7,25,18,30,130,42,507,2.7,27,80
2012,7,25,19,30,0,0,0,1.9000000000000001,24,91.2
2012,7,25,20,30,0,0,0,1.8,22,101.56
2012,7,25,21,30,0,0,0,1.7000000000000002,22,110.66
2012,7,25,22,30,0,0,0,1.5,21,117.88
2012,7,25,23,30,0,0,0,1.3,21,122.48
2012,7,26,0,30,0,0,0,1.2000000000000002,20,123.79
2012,7,26,1,30,0,0,0,1.2000000000000002,20,121.60000000000001
2012,7,26,2,30,0,0,0,1.2000000000000002,19,116.27
2012,7,26,3,30,0,0,0,1.2000000000000002,19,108.51
2012,7,26,4,30,0,0,0,1.2000000000000002,19,99.05
2012,7,26,5,30,14,12,84,1.5,20,88.43
2012,7,26,6,30,172,57,518,2.3000000000000003,23,77.09
2012,7,26,7,30,377,81,708,2.7,27,65.3
2012,7,26,8,30,581,94,815,2.7,30,53.32
2012,7,26,9,30,758,103,874,2.5,32,41.44
2012,7,26,10,30,895,108,911,2.2,34,30.2
2012,7,26,11,30,979,111,929,1.8,35,21.01
2012,7,26,12,30,1002,112,934,1.3,35,17.72
2012,7,26,13,30,964,110,927,1,36,23.05
2012,7,26,14,30,869,103,912,0.9,36,33.01
2012,7,26,15,30,721,97,875,1,35,44.51
2012,7,26,16,30,536,85,815,1.1,34,56.45
2012,7,26,17,30,329,70,705,0.8,32,68.42
2012,7,26,18,30,4,4,0,0.30000000000000004,29,80.13
2012,7,26,19,30,0,0,0,0.4,27,91.34
2012,7,26,20,30,0,0,0,1.8,26,101.73
2012,7,26,21,30,0,0,0,3.4000000000000004,25,110.84
2012,7,26,22,30,0,0,0,4.3,23,118.08
2012,7,26,23,30,0,0,0,4.800000000000001,23,122.7
2012,7,27,0,30,0,0,0,5,22,124.02
2012,7,27,1,30,0,0,0,5.1000000000000005,22,121.82000000000001
2012,7,27,2,30,0,0,0,5,22,116.47
2012,7,27,3,30,0,0,0,4.6000000000000005,21,108.69
2012,7,27,4,30,0,0,0,4.2,21,99.2
2012,7,27,5,30,9,9,0,4.3,21,88.57000000000001
2012,7,27,6,30,123,80,194,4.6000000000000005,23,77.22
2012,7,27,7,30,247,175,171,4.7,25,65.42
2012,7,27,8,30,432,262,284,4.5,27,53.44
2012,7,27,9,30,653,292,482,4.2,28,41.57
2012,7,27,10,30,661,432,265,4,29,30.35
2012,7,27,11,30,65,65,0,3.9000000000000004,30,21.21
2012,7,27,12,30,183,172,11,4,30,17.95
2012,7,27,13,30,290,270,21,4.1000000000000005,29,23.23
2012,7,27,14,30,411,372,46,4.1000000000000005,28,33.160000000000004
2012,7,27,15,30,278,262,23,3.5,27,44.64
2012,7,27,16,30,145,144,2,2.6,26,56.58
2012,7,27,17,30,132,127,13,1.7000000000000002,24,68.55
2012,7,27,18,30,71,60,64,1.5,23,80.27
2012,7,27,19,30,0,0,0,2.5,21,91.49
2012,7,27,20,30,0,0,0,3.5,21,101.9
2012,7,27,21,30,0,0,0,3.4000000000000004,21,111.03
2012,7,27,22,30,0,0,0,2.5,21,118.29
2012,7,27,23,30,0,0,0,1.6,20,122.92
2012,7,28,0,30,0,0,0,1.2000000000000002,20,124.25
2012,7,28,1,30,0,0,0,1.1,20,122.04
2012,7,28,2,30,0,0,0,1.1,20,116.67
2012,7,28,3,30,0,0,0,1.3,19,108.87
2012,7,28,4,30,0,0,0,1.7000000000000002,19,99.36
2012,7,28,5,30,12,10,67,2.5,20,88.72
2012,7,28,6,30,53,53,0,3.3000000000000003,22,77.34
2012,7,28,7,30,367,79,695,3.2,26,65.54
2012,7,28,8,30,568,94,798,3,29,53.56
2012,7,28,9,30,743,104,856,3,30,41.7
2012,7,28,10,30,877,111,888,3.1,31,30.5
2012,7,28,11,30,955,123,893,3.2,32,21.41
2012,7,28,12,30,811,354,480,3.2,32,18.18
2012,7,28,13,30,864,319,593,3.2,32,23.43
2012,7,28,14,30,842,110,876,3.2,32,33.31
2012,7,28,15,30,113,113,0,3.1,31,44.77
2012,7,28,16,30,80,80,0,2.9000000000000004,30,56.71
2012,7,28,17,30,229,143,236,2,29,68.68
2012,7,28,18,30,3,3,0,1.1,27,80.41
2012,7,28,19,30,0,0,0,0.9,25,91.65
2012,7,28,20,30,0,0,0,0.7000000000000001,24,102.07000000000001
2012,7,28,21,30,0,0,0,0.7000000000000001,24,111.23
2012,7,28,22,30,0,0,0,0.7000000000000001,23,118.51
2012,7,28,23,30,0,0,0,0.7000000000000001,22,123.16
2012,7,29,0,30,0,0,0,0.7000000000000001,22,124.49000000000001
2012,7,29,1,30,0,0,0,0.7000000000000001,21,122.27
2012,7,29,2,30,0,0,0,0.7000000000000001,21,116.88
2012,7,29,3,30,0,0,0,0.7000000000000001,20,109.05
2012,7,29,4,30,0,0,0,0.7000000000000001,20,99.52
2012,7,29,5,30,6,6,0,1.1,20,88.86
2012,7,29,6,30,91,79,56,1.8,21,77.47
2012,7,29,7,30,315,137,431,2.5,23,65.66
2012,7,29,8,30,565,94,794,2.8000000000000003,25,53.68
2012,7,29,9,30,741,107,850,2.5,27,41.83
2012,7,29,10,30,875,118,879,2,28,30.66
2012,7,29,11,30,957,120,900,1.7000000000000002,29,21.61
2012,7,29,12,30,977,130,892,1.5,30,18.42
2012,7,29,13,30,297,280,17,1.4000000000000001,30,23.62
2012,7,29,14,30,839,128,851,1.4000000000000001,30,33.47
2012,7,29,15,30,75,75,0,1.6,29,44.910000000000004
2012,7,29,16,30,510,100,749,1.9000000000000001,29,56.85
2012,7,29,17,30,246,133,311,1.8,28,68.82000000000001
2012,7,29,18,30,112,47,399,1.5,25,80.56
2012,7,29,19,30,0,0,0,1.4000000000000001,23,91.81
2012,7,29,20,30,0,0,0,1.4000000000000001,23,102.25
2012,7,29,21,30,0,0,0,1.2000000000000002,22,111.43
2012,7,29,22,30,0,0,0,1.1,21,118.73
2012,7,29,23,30,0,0,0,0.9,21,123.39
2012,7,30,0,30,0,0,0,0.8,21,124.73
2012,7,30,1,30,0,0,0,0.8,21,122.5
2012,7,30,2,30,0,0,0,0.9,20,117.08
2012,7,30,3,30,0,0,0,1,19,109.23
2012,7,30,4,30,0,0,0,1,19,99.68
2012,7,30,5,30,0,0,0,1.3,20,89
2012,7,30,6,30,161,54,498,2,22,77.61
2012,7,30,7,30,364,78,698,2.4000000000000004,25,65.79
2012,7,30,8,30,566,91,804,2.5,28,53.800000000000004
2012,7,30,9,30,741,103,858,2.5,29,41.96
2012,7,30,10,30,874,116,883,2.5,30,30.810000000000002
2012,7,30,11,30,957,120,901,2.3000000000000003,31,21.82
2012,7,30,12,30,979,126,900,2.2,31,18.66
2012,7,30,13,30,942,124,895,2,32,23.830000000000002
2012,7,30,14,30,850,107,893,1.9000000000000001,32,33.64
2012,7,30,15,30,703,98,856,2,32,45.06
2012,7,30,16,30,517,88,787,2.2,31,56.99
2012,7,30,17,30,311,72,665,1.9000000000000001,29,68.97
2012,7,30,18,30,112,44,420,1.5,26,80.72
2012,7,30,19,30,0,0,0,1.5,24,91.98
2012,7,30,20,30,0,0,0,1.6,24,102.43
2012,7,30,21,30,0,0,0,1.5,23,111.63
2012,7,30,22,30,0,0,0,1.2000000000000002,23,118.96000000000001
2012,7,30,23,30,0,0,0,1.2000000000000002,22,123.64
2012,7,31,0,30,0,0,0,1.2000000000000002,22,124.97
2012,7,31,1,30,0,0,0,1.3,21,122.73
2012,7,31,2,30,0,0,0,1.4000000000000001,21,117.3
2012,7,31,3,30,0,0,0,1.3,20,109.42
2012,7,31,4,30,0,0,0,1.2000000000000002,20,99.85000000000001
2012,7,31,5,30,0,0,0,1.5,21,89.15
2012,7,31,6,30,150,56,442,1.8,23,77.74
2012,7,31,7,30,353,87,651,1.8,26,65.91
2012,7,31,8,30,430,257,293,1.7000000000000002,29,53.93
2012,7,31,9,30,689,256,584,2,30,42.09
2012,7,31,10,30,876,113,890,2.6,31,30.970000000000002
2012,7,31,11,30,961,111,917,3.2,31,22.03
2012,7,31,12,30,982,115,916,3.6,32,18.91
2012,7,31,13,30,350,330,22,3.8000000000000003,32,24.04
2012,7,31,14,30,34,34,0,3.9000000000000004,31,33.81
2012,7,31,15,30,69,69,0,3.9000000000000004,30,45.21
2012,7,31,16,30,27,27,0,3.8000000000000003,29,57.13
2012,7,31,17,30,27,27,0,3.2,28,69.11
2012,7,31,18,30,56,54,16,2.2,25,80.87
2012,7,31,19,30,0,0,0,1.7000000000000002,24,92.15
2012,7,31,20,30,0,0,0,1.5,23,102.62
2012,7,31,21,30,0,0,0,1.5,23,111.85000000000001
2012,7,31,22,30,0,0,0,1.8,22,119.19
2012,7,31,23,30,0,0,0,2.6,22,123.89
2012,8,1,0,30,0,0,0,3.4000000000000004,21,125.23
2012,8,1,1,30,0,0,0,3.8000000000000003,20,122.97
2012,8,1,2,30,0,0,0,3.5,19,117.51
2012,8,1,3,30,0,0,0,2.7,19,109.61
2012,8,1,4,30,0,0,0,1.8,19,100.01
2012,8,1,5,30,0,0,0,1,19,89.29
2012,8,1,6,30,156,54,484,0.8,21,77.87
2012,8,1,7,30,313,132,446,1.5,23,66.04
2012,8,1,8,30,565,85,817,2.4000000000000004,25,54.050000000000004
2012,8,1,9,30,742,95,873,2.8000000000000003,26,42.230000000000004
2012,8,1,10,30,877,102,905,3.1,27,31.14
2012,8,1,11,30,960,100,929,3.4000000000000004,28,22.25
2012,8,1,12,30,982,105,928,3.6,29,19.17
2012,8,1,13,30,941,108,913,3.7,29,24.26
2012,8,1,14,30,844,102,895,3.8000000000000003,29,33.99
2012,8,1,15,30,694,99,847,3.8000000000000003,28,45.37
2012,8,1,16,30,508,90,773,3.6,27,57.28
2012,8,1,17,30,303,74,647,2.8000000000000003,26,69.27
2012,8,1,18,30,106,44,400,1.6,24,81.04
2012,8,1,19,30,0,0,0,1.1,22,92.33
2012,8,1,20,30,0,0,0,1,22,102.82000000000001
2012,8,1,21,30,0,0,0,1,21,112.06
2012,8,1,22,30,0,0,0,0.9,21,119.43
2012,8,1,23,30,0,0,0,0.8,20,124.14
2012,8,2,0,30,0,0,0,0.8,20,125.48
2012,8,2,1,30,0,0,0,0.7000000000000001,19,123.21000000000001
2012,8,2,2,30,0,0,0,0.6000000000000001,19,117.73
2012,8,2,3,30,0,0,0,0.5,18,109.8
2012,8,2,4,30,0,0,0,0.4,18,100.18
2012,8,2,5,30,0,0,0,0.8,19,89.44
2012,8,2,6,30,161,44,565,1.4000000000000001,22,78
2012,8,2,7,30,366,63,749,2,25,66.16
2012,8,2,8,30,569,75,844,2.4000000000000004,27,54.18
2012,8,2,9,30,745,84,894,2.6,28,42.36
2012,8,2,10,30,521,430,106,2.8000000000000003,29,31.3
2012,8,2,11,30,196,185,12,3,30,22.47
2012,8,2,12,30,590,488,107,3.2,31,19.43
2012,8,2,13,30,433,397,39,3.3000000000000003,31,24.48
2012,8,2,14,30,245,233,14,3.3000000000000003,30,34.17
2012,8,2,15,30,113,113,0,3,29,45.53
2012,8,2,16,30,206,194,21,2.5,28,57.44
2012,8,2,17,30,305,66,679,1.7000000000000002,27,69.43
2012,8,2,18,30,81,52,190,1.1,25,81.2
2012,8,2,19,30,0,0,0,1,23,92.51
2012,8,2,20,30,0,0,0,1,22,103.02
2012,8,2,21,30,0,0,0,1,21,112.28
2012,8,2,22,30,0,0,0,1,21,119.67
2012,8,2,23,30,0,0,0,0.9,21,124.4
2012,8,3,0,30,0,0,0,0.8,20,125.74000000000001
2012,8,3,1,30,0,0,0,0.7000000000000001,20,123.46000000000001
2012,8,3,2,30,0,0,0,0.5,19,117.95
2012,8,3,3,30,0,0,0,0.2,19,109.99000000000001
2012,8,3,4,30,0,0,0,0.1,19,100.35000000000001
2012,8,3,5,30,0,0,0,0.2,20,89.59
2012,8,3,6,30,107,75,159,0.30000000000000004,22,78.14
2012,8,3,7,30,289,147,354,0.7000000000000001,24,66.29
2012,8,3,8,30,530,152,648,1.3,27,54.300000000000004
2012,8,3,9,30,633,289,466,1.8,29,42.5
2012,8,3,10,30,728,377,411,2.2,30,31.470000000000002
2012,8,3,11,30,230,216,14,2.5,30,22.69
2012,8,3,12,30,487,439,50,2.7,30,19.69
2012,8,3,13,30,756,422,367,2.7,30,24.71
2012,8,3,14,30,576,420,188,2.4000000000000004,30,34.36
2012,8,3,15,30,196,189,10,2.1,30,45.7
2012,8,3,16,30,69,69,0,1.8,29,57.6
2012,8,3,17,30,158,137,59,1.2000000000000002,28,69.59
2012,8,3,18,30,38,38,0,0.9,25,81.38
2012,8,3,19,30,0,0,0,1.3,23,92.7
2012,8,3,20,30,0,0,0,1.5,22,103.22
2012,8,3,21,30,0,0,0,1.5,22,112.51
2012,8,3,22,30,0,0,0,1.4000000000000001,21,119.92
2012,8,3,23,30,0,0,0,1.3,20,124.66
2012,8,4,0,30,0,0,0,1.2000000000000002,20,126.01
2012,8,4,1,30,0,0,0,1,19,123.7
2012,8,4,2,30,0,0,0,0.8,18,118.17
2012,8,4,3,30,0,0,0,0.7000000000000001,17,110.19
2012,8,4,4,30,0,0,0,0.7000000000000001,17,100.52
2012,8,4,5,30,0,0,0,1.4000000000000001,18,89.74
2012,8,4,6,30,17,17,0,1.8,21,78.27
2012,8,4,7,30,349,77,682,1.1,24,66.42
2012,8,4,8,30,561,96,801,0.6000000000000001,27,54.43
2012,8,4,9,30,741,106,863,0.7000000000000001,30,42.64
2012,8,4,10,30,879,114,898,1.2000000000000002,31,31.64
2012,8,4,11,30,965,110,928,1.7000000000000002,32,22.92
2012,8,4,12,30,988,112,931,2.1,33,19.96
2012,8,4,13,30,948,113,920,2.3000000000000003,34,24.95
2012,8,4,14,30,849,107,901,2.3000000000000003,34,34.56
2012,8,4,15,30,699,100,860,2.1,33,45.88
2012,8,4,16,30,511,87,795,1.6,32,57.77
2012,8,4,17,30,303,69,676,0.8,30,69.76
2012,8,4,18,30,102,41,414,1.2000000000000002,27,81.56
2012,8,4,19,30,0,0,0,3.1,25,92.89
2012,8,4,20,30,0,0,0,5,24,103.43
2012,8,4,21,30,0,0,0,4.9,23,112.74000000000001
2012,8,4,22,30,0,0,0,3.5,22,120.18
2012,8,4,23,30,0,0,0,2.5,21,124.93
2012,8,5,0,30,0,0,0,2.4000000000000004,20,126.28
2012,8,5,1,30,0,0,0,2.8000000000000003,20,123.96000000000001
2012,8,5,2,30,0,0,0,3.1,20,118.4
2012,8,5,3,30,0,0,0,3.4000000000000004,20,110.38
2012,8,5,4,30,0,0,0,3.8000000000000003,20,100.69
2012,8,5,5,30,0,0,0,4.2,20,89.89
2012,8,5,6,30,148,54,466,4.5,21,78.41
2012,8,5,7,30,311,124,472,4.6000000000000005,23,66.55
2012,8,5,8,30,552,98,783,4.4,25,54.56
2012,8,5,9,30,673,260,563,4.1000000000000005,26,42.78
2012,8,5,10,30,696,389,361,4,28,31.810000000000002
2012,8,5,11,30,937,135,872,3.9000000000000004,29,23.150000000000002
2012,8,5,12,30,954,149,857,3.7,29,20.23
2012,8,5,13,30,279,264,16,3.5,28,25.19
2012,8,5,14,30,286,271,18,3.2,26,34.76
2012,8,5,15,30,489,332,227,2.8000000000000003,25,46.050000000000004
2012,8,5,16,30,165,161,7,2.2,23,57.94
2012,8,5,17,30,177,139,110,1.4000000000000001,22,69.94
2012,8,5,18,30,87,49,267,1.7000000000000002,21,81.74
2012,8,5,19,30,0,0,0,2.9000000000000004,20,93.08
2012,8,5,20,30,0,0,0,3.4000000000000004,20,103.65
2012,8,5,21,30,0,0,0,3.2,20,112.98
2012,8,5,22,30,0,0,0,2.8000000000000003,20,120.43
2012,8,5,23,30,0,0,0,2.5,19,125.21000000000001
2012,8,6,0,30,0,0,0,2.2,19,126.55
2012,8,6,1,30,0,0,0,2,19,124.21000000000001
2012,8,6,2,30,0,0,0,1.8,18,118.62
2012,8,6,3,30,0,0,0,1.6,18,110.58
2012,8,6,4,30,0,0,0,1.5,18,100.86
2012,8,6,5,30,0,0,0,1.9000000000000001,19,90.04
2012,8,6,6,30,61,61,0,2.2,21,78.55
2012,8,6,7,30,292,138,387,1.9000000000000001,24,66.68
2012,8,6,8,30,457,221,407,1.6,27,54.69
2012,8,6,9,30,729,108,847,1.6,29,42.93
2012,8,6,10,30,597,408,223,2,30,31.990000000000002
2012,8,6,11,30,946,123,896,2.4000000000000004,31,23.38
2012,8,6,12,30,968,123,902,2.8000000000000003,31,20.51
2012,8,6,13,30,929,120,895,3.3000000000000003,32,25.44
2012,8,6,14,30,837,96,904,3.8000000000000003,31,34.96
2012,8,6,15,30,689,86,871,4.1000000000000005,31,46.24
2012,8,6,16,30,504,74,814,4.1000000000000005,30,58.120000000000005
2012,8,6,17,30,298,58,705,3.3000000000000003,28,70.11
2012,8,6,18,30,99,34,463,2.1,25,81.92
2012,8,6,19,30,0,0,0,1.5,23,93.29
2012,8,6,20,30,0,0,0,1.2000000000000002,22,103.87
2012,8,6,21,30,0,0,0,1.1,21,113.22
2012,8,6,22,30,0,0,0,0.9,21,120.7
2012,8,6,23,30,0,0,0,0.8,21,125.48
2012,8,7,0,30,0,0,0,0.8,21,126.83
2012,8,7,1,30,0,0,0,0.8,20,124.47
2012,8,7,2,30,0,0,0,0.8,19,118.85000000000001
2012,8,7,3,30,0,0,0,0.9,18,110.78
2012,8,7,4,30,0,0,0,1,17,101.03
2012,8,7,5,30,0,0,0,1.4000000000000001,18,90.19
2012,8,7,6,30,147,47,508,1.9000000000000001,20,78.69
2012,8,7,7,30,350,73,705,1.5,24,66.81
2012,8,7,8,30,555,84,817,1.2000000000000002,27,54.82
2012,8,7,9,30,734,94,875,1.5,30,43.07
2012,8,7,10,30,871,100,910,1.9000000000000001,31,32.17
2012,8,7,11,30,955,97,936,2.2,32,23.62
2012,8,7,12,30,978,97,943,2.5,33,20.79
2012,8,7,13,30,940,94,939,2.7,34,25.69
2012,8,7,14,30,843,85,926,2.8000000000000003,34,35.18
2012,8,7,15,30,695,77,896,2.8000000000000003,33,46.43
2012,8,7,16,30,508,66,840,2.6,32,58.300000000000004
2012,8,7,17,30,300,53,732,1.7000000000000002,30,70.3
2012,8,7,18,30,99,32,489,0.9,27,82.12
2012,8,7,19,30,0,0,0,0.6000000000000001,25,93.49
2012,8,7,20,30,0,0,0,0.30000000000000004,24,104.09
2012,8,7,21,30,0,0,0,0.4,24,113.47
2012,8,7,22,30,0,0,0,1.1,23,120.97
2012,8,7,23,30,0,0,0,1.8,22,125.77
2012,8,8,0,30,0,0,0,2.2,21,127.11
2012,8,8,1,30,0,0,0,2.4000000000000004,20,124.74000000000001
2012,8,8,2,30,0,0,0,2.3000000000000003,19,119.09
2012,8,8,3,30,0,0,0,2.2,18,110.98
2012,8,8,4,30,0,0,0,2.3000000000000003,18,101.21000000000001
2012,8,8,5,30,0,0,0,3,19,90.35000000000001
2012,8,8,6,30,143,51,474,3.9000000000000004,22,78.83
2012,8,8,7,30,347,80,682,4.4,25,66.94
2012,8,8,8,30,548,108,766,4.3,28,54.96
2012,8,8,9,30,727,122,830,3.9000000000000004,31,43.22
2012,8,8,10,30,866,132,868,3.5,33,32.35
2012,8,8,11,30,958,117,918,3,34,23.86
2012,8,8,12,30,980,120,921,2.7,35,21.080000000000002
2012,8,8,13,30,939,121,910,2.3000000000000003,35,25.95
2012,8,8,14,30,842,110,897,1.9000000000000001,35,35.39
2012,8,8,15,30,690,102,856,1.6,34,46.62
2012,8,8,16,30,499,89,784,1.2000000000000002,33,58.49
2012,8,8,17,30,240,110,389,0.7000000000000001,32,70.49
2012,8,8,18,30,90,40,378,0.4,30,82.31
2012,8,8,19,30,0,0,0,0.6000000000000001,28,93.7
2012,8,8,20,30,0,0,0,0.8,27,104.32000000000001
2012,8,8,21,30,0,0,0,0.8,26,113.72
2012,8,8,22,30,0,0,0,0.7000000000000001,26,121.24000000000001
2012,8,8,23,30,0,0,0,0.5,25,126.06
2012,8,9,0,30,0,0,0,0.4,24,127.4
2012,8,9,1,30,0,0,0,0.6000000000000001,23,125
2012,8,9,2,30,0,0,0,0.7000000000000001,22,119.32000000000001
2012,8,9,3,30,0,0,0,0.8,22,111.19
2012,8,9,4,30,0,0,0,0.8,21,101.38
2012,8,9,5,30,0,0,0,1.4000000000000001,22,90.5
2012,8,9,6,30,137,56,426,2.2,24,78.97
2012,8,9,7,30,340,86,651,2.6,27,67.07000000000001
2012,8,9,8,30,546,101,777,2.7,30,55.09
2012,8,9,9,30,724,114,839,2.6,32,43.37
2012,8,9,10,30,861,124,874,2.4000000000000004,34,32.53
2012,8,9,11,30,94,94,0,2.3000000000000003,35,24.11
2012,8,9,12,30,87,87,0,2.2,36,21.37
2012,8,9,13,30,110,110,0,2.1,36,26.21
2012,8,9,14,30,510,409,123,1.8,36,35.62
2012,8,9,15,30,302,278,35,1.6,35,46.83
2012,8,9,16,30,295,232,120,1.4000000000000001,34,58.68
2012,8,9,17,30,185,133,158,0.8,32,70.68
2012,8,9,18,30,13,13,0,0.5,30,82.51
2012,8,9,19,30,0,0,0,1.6,28,93.92
2012,8,9,20,30,0,0,0,3.3000000000000003,26,104.56
2012,8,9,21,30,0,0,0,4.1000000000000005,24,113.98
2012,8,9,22,30,0,0,0,3.8000000000000003,22,121.52
2012,8,9,23,30,0,0,0,3.1,22,126.35000000000001
2012,8,10,0,30,0,0,0,2.4000000000000004,21,127.69
2012,8,10,1,30,0,0,0,2,20,125.27
2012,8,10,2,30,0,0,0,1.7000000000000002,20,119.56
2012,8,10,3,30,0,0,0,1.5,19,111.39
2012,8,10,4,30,0,0,0,1.5,19,101.56
2012,8,10,5,30,0,0,0,2,20,90.66
2012,8,10,6,30,130,51,421,2.5,22,79.11
2012,8,10,7,30,222,162,155,2.2,26,67.2
2012,8,10,8,30,526,133,689,1.2000000000000002,30,55.230000000000004
2012,8,10,9,30,724,120,832,0.6000000000000001,33,43.52
2012,8,10,10,30,862,129,870,0.8,34,32.72
2012,8,10,11,30,951,119,913,1.2000000000000002,35,24.36
2012,8,10,12,30,973,123,914,1.6,36,21.67
2012,8,10,13,30,932,125,901,1.9000000000000001,37,26.48
2012,8,10,14,30,39,39,0,2.2,37,35.84
2012,8,10,15,30,35,35,0,2.4000000000000004,36,47.03
2012,8,10,16,30,486,108,731,2.4000000000000004,35,58.88
2012,8,10,17,30,278,82,598,1.5,32,70.88
2012,8,10,18,30,81,42,307,0.9,30,82.72
2012,8,10,19,30,0,0,0,0.7000000000000001,28,94.14
2012,8,10,20,30,0,0,0,0.6000000000000001,27,104.79
2012,8,10,21,30,0,0,0,0.9,26,114.24000000000001
2012,8,10,22,30,0,0,0,1.2000000000000002,24,121.8
2012,8,10,23,30,0,0,0,1.3,23,126.65
2012,8,11,0,30,0,0,0,1.4000000000000001,22,127.98
2012,8,11,1,30,0,0,0,1.5,21,125.54
2012,8,11,2,30,0,0,0,1.4000000000000001,21,119.8
2012,8,11,3,30,0,0,0,1.2000000000000002,21,111.60000000000001
2012,8,11,4,30,0,0,0,1.1,20,101.74000000000001
2012,8,11,5,30,0,0,0,1.1,21,90.81
2012,8,11,6,30,133,57,404,1.7000000000000002,23,79.25
2012,8,11,7,30,336,91,636,2.4000000000000004,27,67.34
2012,8,11,8,30,541,112,754,2.8000000000000003,30,55.36
2012,8,11,9,30,723,124,827,2.7,32,43.67
2012,8,11,10,30,863,131,871,2.5,34,32.910000000000004
2012,8,11,11,30,951,128,904,2.3000000000000003,35,24.61
2012,8,11,12,30,972,131,907,2.3000000000000003,36,21.97
2012,8,11,13,30,930,131,894,2.5,36,26.75
2012,8,11,14,30,832,117,885,2.9000000000000004,36,36.08
2012,8,11,15,30,679,108,841,3.1,35,47.24
2012,8,11,16,30,454,129,632,3,34,59.08
2012,8,11,17,30,215,118,299,2.2,32,71.08
2012,8,11,18,30,28,28,0,1.3,28,82.93
2012,8,11,19,30,0,0,0,1.3,26,94.36
2012,8,11,20,30,0,0,0,1.4000000000000001,25,105.04
2012,8,11,21,30,0,0,0,1.6,24,114.5
2012,8,11,22,30,0,0,0,1.8,23,122.09
2012,8,11,23,30,0,0,0,2,22,126.95
2012,8,12,0,30,0,0,0,2,21,128.28
2012,8,12,1,30,0,0,0,1.7000000000000002,21,125.82000000000001
2012,8,12,2,30,0,0,0,1.4000000000000001,20,120.04
2012,8,12,3,30,0,0,0,1.2000000000000002,20,111.8
2012,8,12,4,30,0,0,0,1.1,20,101.91
2012,8,12,5,30,0,0,0,1.5,21,90.97
2012,8,12,6,30,135,50,461,2.1,24,79.39
2012,8,12,7,30,341,77,688,1.9000000000000001,28,67.47
2012,8,12,8,30,543,98,786,1,31,55.5
2012,8,12,9,30,650,263,536,0.5,33,43.83
2012,8,12,10,30,442,392,60,0.9,34,33.1
2012,8,12,11,30,671,473,218,1.6,35,24.87
2012,8,12,12,30,417,387,32,2.2,35,22.28
2012,8,12,13,30,120,118,1,2.6,35,27.03
2012,8,12,14,30,554,409,180,2.9000000000000004,35,36.32
2012,8,12,15,30,665,112,818,3,34,47.46
2012,8,12,16,30,315,228,170,3.1,33,59.29
2012,8,12,17,30,44,44,0,2.9000000000000004,30,71.28
2012,8,12,18,30,75,38,309,2.7,27,83.14
2012,8,12,19,30,0,0,0,2.6,25,94.59
2012,8,12,20,30,0,0,0,2.1,24,105.28
2012,8,12,21,30,0,0,0,1.1,24,114.77
2012,8,12,22,30,0,0,0,0.5,23,122.38
2012,8,12,23,30,0,0,0,0.7000000000000001,23,127.26
2012,8,13,0,30,0,0,0,1.7000000000000002,23,128.58
2012,8,13,1,30,0,0,0,3,22,126.10000000000001
2012,8,13,2,30,0,0,0,3.7,21,120.28
2012,8,13,3,30,0,0,0,3.8000000000000003,20,112.01
2012,8,13,4,30,0,0,0,3.9000000000000004,20,102.09
2012,8,13,5,30,0,0,0,4.5,20,91.13
2012,8,13,6,30,45,45,0,5.2,22,79.53
2012,8,13,7,30,104,104,0,5.6000000000000005,24,67.61
2012,8,13,8,30,437,229,369,5.4,27,55.64
2012,8,13,9,30,704,150,769,4.800000000000001,30,43.980000000000004
2012,8,13,10,30,842,162,813,4.1000000000000005,32,33.3
2012,8,13,11,30,928,161,848,3.6,34,25.13
2012,8,13,12,30,950,164,851,3.4000000000000004,35,22.59
2012,8,13,13,30,788,416,418,3.7,36,27.32
2012,8,13,14,30,452,388,80,4.1000000000000005,35,36.56
2012,8,13,15,30,662,130,789,4.5,34,47.68
2012,8,13,16,30,472,111,712,4.800000000000001,33,59.5
2012,8,13,17,30,265,81,579,4.4,31,71.5
2012,8,13,18,30,74,37,315,3.7,28,83.36
2012,8,13,19,30,0,0,0,3.5,25,94.82000000000001
2012,8,13,20,30,0,0,0,2.8000000000000003,24,105.53
2012,8,13,21,30,0,0,0,1.6,22,115.04
2012,8,13,22,30,0,0,0,0.9,22,122.68
2012,8,13,23,30,0,0,0,0.6000000000000001,22,127.57000000000001
2012,8,14,0,30,0,0,0,0.7000000000000001,21,128.89000000000001
2012,8,14,1,30,0,0,0,1,20,126.38000000000001
2012,8,14,2,30,0,0,0,1.1,20,120.53
2012,8,14,3,30,0,0,0,1,19,112.22
2012,8,14,4,30,0,0,0,0.9,18,102.27
2012,8,14,5,30,0,0,0,1.2000000000000002,19,91.28
2012,8,14,6,30,124,54,390,1.8,22,79.67
2012,8,14,7,30,323,93,608,2.3000000000000003,25,67.75
2012,8,14,8,30,524,122,715,2.7,28,55.78
2012,8,14,9,30,140,137,4,3.3000000000000003,30,44.14
2012,8,14,10,30,698,369,394,3.9000000000000004,31,33.49
2012,8,14,11,30,931,136,880,4.4,32,25.39
2012,8,14,12,30,952,136,885,4.800000000000001,33,22.900000000000002
2012,8,14,13,30,744,342,453,5,33,27.61
2012,8,14,14,30,38,38,0,5.1000000000000005,33,36.81
2012,8,14,15,30,135,133,2,5,33,47.9
2012,8,14,16,30,195,184,22,4.800000000000001,32,59.71
2012,8,14,17,30,94,94,0,3.7,30,71.71000000000001
2012,8,14,18,30,72,34,341,2.4000000000000004,27,83.58
2012,8,14,19,30,0,0,0,1.9000000000000001,24,95.05
2012,8,14,20,30,0,0,0,1.9000000000000001,23,105.79
2012,8,14,21,30,0,0,0,1.7000000000000002,22,115.32000000000001
2012,8,14,22,30,0,0,0,1.5,22,122.98
2012,8,14,23,30,0,0,0,1.2000000000000002,21,127.88000000000001
2012,8,15,0,30,0,0,0,1.1,21,129.2
2012,8,15,1,30,0,0,0,1.1,21,126.66
2012,8,15,2,30,0,0,0,1,20,120.78
2012,8,15,3,30,0,0,0,0.9,20,112.43
2012,8,15,4,30,0,0,0,0.8,20,102.45
2012,8,15,5,30,0,0,0,0.8,21,91.44
2012,8,15,6,30,123,54,388,1.1,23,79.82000000000001
2012,8,15,7,30,325,90,623,2,26,67.88
2012,8,15,8,30,520,136,685,3.1,29,55.92
2012,8,15,9,30,702,155,764,3.8000000000000003,31,44.300000000000004
2012,8,15,10,30,842,166,811,4.1000000000000005,32,33.69
2012,8,15,11,30,929,167,845,4.3,33,25.66
2012,8,15,12,30,952,168,853,4.4,34,23.22
2012,8,15,13,30,911,163,846,4.3,34,27.900000000000002
2012,8,15,14,30,820,127,867,4.1000000000000005,34,37.07
2012,8,15,15,30,665,113,827,3.9000000000000004,33,48.13
2012,8,15,16,30,473,95,753,3.5,32,59.93
2012,8,15,17,30,259,76,590,2.3000000000000003,30,71.93
2012,8,15,18,30,65,35,277,1.2000000000000002,26,83.81
2012,8,15,19,30,0,0,0,1.1,25,95.29
2012,8,15,20,30,0,0,0,1.1,24,106.05
2012,8,15,21,30,0,0,0,1.1,23,115.60000000000001
2012,8,15,22,30,0,0,0,1,22,123.28
2012,8,15,23,30,0,0,0,0.9,22,128.2
2012,8,16,0,30,0,0,0,0.9,21,129.51
2012,8,16,1,30,0,0,0,0.9,21,126.95
2012,8,16,2,30,0,0,0,0.9,21,121.02
2012,8,16,3,30,0,0,0,1.2000000000000002,20,112.64
2012,8,16,4,30,0,0,0,1.8,20,102.63
2012,8,16,5,30,0,0,0,2.7,20,91.60000000000001
2012,8,16,6,30,99,58,236,3.4000000000000004,22,79.96000000000001
2012,8,16,7,30,242,148,251,3.7,24,68.02
2012,8,16,8,30,400,244,280,3.3000000000000003,27,56.07
2012,8,16,9,30,513,345,236,2.4000000000000004,30,44.46
2012,8,16,10,30,672,395,333,1.6,32,33.9
2012,8,16,11,30,834,426,453,1.6,34,25.93
2012,8,16,12,30,947,171,846,2.1,35,23.54
2012,8,16,13,30,905,166,838,2.4000000000000004,35,28.2
2012,8,16,14,30,797,170,788,2.3000000000000003,35,37.33
2012,8,16,15,30,644,151,741,2.2,34,48.370000000000005
2012,8,16,16,30,453,127,656,1.9000000000000001,33,60.160000000000004
2012,8,16,17,30,209,106,336,1.2000000000000002,31,72.15
2012,8,16,18,30,13,13,0,0.8,28,84.04
2012,8,16,19,30,0,0,0,0.7000000000000001,27,95.54
2012,8,16,20,30,0,0,0,0.8,26,106.31
2012,8,16,21,30,0,0,0,1,24,115.89
2012,8,16,22,30,0,0,0,1.1,23,123.59
2012,8,16,23,30,0,0,0,1,22,128.52
2012,8,17,0,30,0,0,0,0.8,21,129.83
2012,8,17,1,30,0,0,0,0.7000000000000001,20,127.24000000000001
2012,8,17,2,30,0,0,0,0.7000000000000001,19,121.27
2012,8,17,3,30,0,0,0,0.8,19,112.85000000000001
2012,8,17,4,30,0,0,0,0.8,19,102.81
2012,8,17,5,30,0,0,0,1,20,91.76
2012,8,17,6,30,103,55,281,1.2000000000000002,21,80.10000000000001
2012,8,17,7,30,261,136,338,1.7000000000000002,23,68.16
2012,8,17,8,30,495,170,585,2.5,26,56.21
2012,8,17,9,30,674,189,681,3,28,44.63
2012,8,17,10,30,810,202,735,3.5,29,34.1
2012,8,17,11,30,896,199,776,3.8000000000000003,30,26.21
2012,8,17,12,30,921,191,798,3.9000000000000004,31,23.86
2012,8,17,13,30,885,172,810,3.9000000000000004,32,28.5
2012,8,17,14,30,784,164,782,3.8000000000000003,32,37.59
2012,8,17,15,30,634,143,743,3.5,32,48.61
2012,8,17,16,30,425,133,591,3,31,60.38
2012,8,17,17,30,239,93,482,1.8,29,72.38
2012,8,17,18,30,54,38,167,0.7000000000000001,27,84.28
2012,8,17,19,30,0,0,0,0.5,26,95.79
2012,8,17,20,30,0,0,0,0.5,25,106.58
2012,8,17,21,30,0,0,0,0.7000000000000001,24,116.18
2012,8,17,22,30,0,0,0,1.1,23,123.91
2012,8,17,23,30,0,0,0,1.5,22,128.85
2012,8,18,0,30,0,0,0,1.7000000000000002,22,130.15
2012,8,18,1,30,0,0,0,1.6,21,127.53
2012,8,18,2,30,0,0,0,1.3,20,121.53
2012,8,18,3,30,0,0,0,1,19,113.07000000000001
2012,8,18,4,30,0,0,0,0.8,19,103
2012,8,18,5,30,0,0,0,1,19,91.92
2012,8,18,6,30,111,59,308,1.2000000000000002,21,80.25
2012,8,18,7,30,308,103,555,1,24,68.3
2012,8,18,8,30,514,124,704,1,27,56.36
2012,8,18,9,30,695,139,783,1.4000000000000001,30,44.79
2012,8,18,10,30,835,147,832,1.9000000000000001,32,34.31
2012,8,18,11,30,927,129,891,2.3000000000000003,33,26.48
2012,8,18,12,30,950,128,900,2.9000000000000004,34,24.19
2012,8,18,13,30,908,125,894,3.4000000000000004,35,28.810000000000002
2012,8,18,14,30,798,136,839,3.7,35,37.86
2012,8,18,15,30,644,125,788,3.8000000000000003,34,48.85
2012,8,18,16,30,451,108,699,3.5,33,60.620000000000005
2012,8,18,17,30,240,84,520,2.4000000000000004,30,72.61
2012,8,18,18,30,53,33,210,1.4000000000000001,27,84.51
2012,8,18,19,30,0,0,0,1.2000000000000002,25,96.04
2012,8,18,20,30,0,0,0,1.1,24,106.85000000000001
2012,8,18,21,30,0,0,0,1.1,23,116.47
2012,8,18,22,30,0,0,0,2.1,22,124.22
2012,8,18,23,30,0,0,0,3.4000000000000004,22,129.18
2012,8,19,0,30,0,0,0,4.2,21,130.47
2012,8,19,1,30,0,0,0,4.4,20,127.82000000000001
2012,8,19,2,30,0,0,0,4.5,19,121.78
2012,8,19,3,30,0,0,0,4.5,19,113.28
2012,8,19,4,30,0,0,0,4.4,18,103.18
2012,8,19,5,30,0,0,0,4.4,18,92.08
2012,8,19,6,30,110,57,319,4.9,20,80.4
2012,8,19,7,30,312,100,577,5.1000000000000005,24,68.44
2012,8,19,8,30,514,134,687,4.7,27,56.5
2012,8,19,9,30,696,150,772,4,30,44.96
2012,8,19,10,30,836,159,822,3.2,32,34.53
2012,8,19,11,30,925,153,864,2.4000000000000004,33,26.77
2012,8,19,12,30,947,152,874,1.6,34,24.52
2012,8,19,13,30,905,147,867,1.2000000000000002,35,29.12
2012,8,19,14,30,796,154,815,1.3,35,38.13
2012,8,19,15,30,640,140,763,1.6,34,49.1
2012,8,19,16,30,447,119,673,1.8,33,60.85
2012,8,19,17,30,235,90,489,1.4000000000000001,31,72.85000000000001
2012,8,19,18,30,45,33,138,1,28,84.76
2012,8,19,19,30,0,0,0,1,26,96.29
2012,8,19,20,30,0,0,0,0.9,26,107.12
2012,8,19,21,30,0,0,0,0.7000000000000001,25,116.77
2012,8,19,22,30,0,0,0,0.6000000000000001,24,124.54
2012,8,19,23,30,0,0,0,0.8,24,129.51
2012,8,20,0,30,0,0,0,0.9,23,130.8
2012,8,20,1,30,0,0,0,1,22,128.12
2012,8,20,2,30,0,0,0,1,21,122.03
2012,8,20,3,30,0,0,0,0.9,21,113.49000000000001
2012,8,20,4,30,0,0,0,0.8,20,103.36
2012,8,20,5,30,0,0,0,0.9,21,92.24
2012,8,20,6,30,28,28,0,1.4000000000000001,23,80.54
2012,8,20,7,30,157,141,43,2.3000000000000003,26,68.58
2012,8,20,8,30,23,23,0,3.2,28,56.65
2012,8,20,9,30,66,66,0,3.7,30,45.13
2012,8,20,10,30,223,212,13,4.2,31,34.74
2012,8,20,11,30,283,268,17,4.7,31,27.05
2012,8,20,12,30,513,433,89,5,32,24.86
2012,8,20,13,30,887,144,853,5,31,29.44
2012,8,20,14,30,789,124,849,4.800000000000001,31,38.410000000000004
2012,8,20,15,30,639,104,821,4.5,31,49.35
2012,8,20,16,30,450,85,756,3.9000000000000004,30,61.1
2012,8,20,17,30,243,62,620,2.6,29,73.09
2012,8,20,18,30,53,28,285,1.3,27,85
2012,8,20,19,30,0,0,0,1.1,25,96.55
2012,8,20,20,30,0,0,0,1.1,25,107.4
2012,8,20,21,30,0,0,0,1.1,24,117.07000000000001
2012,8,20,22,30,0,0,0,1.1,23,124.87
2012,8,20,23,30,0,0,0,1.1,23,129.85
2012,8,21,0,30,0,0,0,1.1,22,131.13
2012,8,21,1,30,0,0,0,1,22,128.42000000000002
2012,8,21,2,30,0,0,0,0.7000000000000001,21,122.29
2012,8,21,3,30,0,0,0,0.4,21,113.71000000000001
2012,8,21,4,30,0,0,0,0.30000000000000004,20,103.54
2012,8,21,5,30,0,0,0,0.6000000000000001,20,92.4
2012,8,21,6,30,115,46,428,1.2000000000000002,22,80.69
2012,8,21,7,30,320,76,672,1.5,26,68.73
2012,8,21,8,30,528,94,792,1.2000000000000002,29,56.800000000000004
2012,8,21,9,30,709,108,855,1.1,30,45.300000000000004
2012,8,21,10,30,847,117,890,1.3,32,34.96
2012,8,21,11,30,928,122,907,1.7000000000000002,33,27.34
2012,8,21,12,30,946,126,906,2.3000000000000003,33,25.19
2012,8,21,13,30,898,127,888,2.9000000000000004,33,29.76
2012,8,21,14,30,794,116,867,3.5,32,38.7
2012,8,21,15,30,482,287,300,4.3,31,49.61
2012,8,21,16,30,219,195,50,5.1000000000000005,29,61.34
2012,8,21,17,30,53,53,0,5.1000000000000005,27,73.33
2012,8,21,18,30,21,21,0,4.3,25,85.25
2012,8,21,19,30,0,0,0,3.3000000000000003,24,96.81
2012,8,21,20,30,0,0,0,2.6,23,107.68
2012,8,21,21,30,0,0,0,2.3000000000000003,23,117.38
2012,8,21,22,30,0,0,0,1.9000000000000001,22,125.2
2012,8,21,23,30,0,0,0,1.6,21,130.19
2012,8,22,0,30,0,0,0,1.6,21,131.46
2012,8,22,1,30,0,0,0,1.3,20,128.72
2012,8,22,2,30,0,0,0,0.7000000000000001,20,122.54
2012,8,22,3,30,0,0,0,0.5,19,113.93
2012,8,22,4,30,0,0,0,1.1,19,103.73
2012,8,22,5,30,0,0,0,1.9000000000000001,19,92.56
2012,8,22,6,30,4,4,0,2.5,20,80.83
2012,8,22,7,30,194,149,124,2.8000000000000003,22,68.87
2012,8,22,8,30,161,158,5,3.1,24,56.95
2012,8,22,9,30,88,88,0,3.3000000000000003,26,45.480000000000004
2012,8,22,10,30,60,60,0,3.4000000000000004,28,35.18
2012,8,22,11,30,455,409,51,3.6,29,27.63
2012,8,22,12,30,761,419,378,3.9000000000000004,29,25.54
2012,8,22,13,30,146,140,6,4.1000000000000005,29,30.09
2012,8,22,14,30,787,106,876,4.3,29,38.980000000000004
2012,8,22,15,30,634,93,839,4.2,28,49.870000000000005
2012,8,22,16,30,443,79,766,4,28,61.59
2012,8,22,17,30,128,109,65,3.2,27,73.58
2012,8,22,18,30,25,25,3,2.1,25,85.5
2012,8,22,19,30,0,0,0,1.8,23,97.08
2012,8,22,20,30,0,0,0,1.7000000000000002,22,107.97
2012,8,22,21,30,0,0,0,1.6,21,117.69
2012,8,22,22,30,0,0,0,1.3,20,125.53
2012,8,22,23,30,0,0,0,1.1,19,130.54
2012,8,23,0,30,0,0,0,1,18,131.79
2012,8,23,1,30,0,0,0,0.8,18,129.02
2012,8,23,2,30,0,0,0,0.7000000000000001,18,122.8
2012,8,23,3,30,0,0,0,0.4,18,114.14
2012,8,23,4,30,0,0,0,0.2,17,103.91
2012,8,23,5,30,0,0,0,0.4,17,92.72
2012,8,23,6,30,68,56,79,0.6000000000000001,19,80.98
2012,8,23,7,30,254,128,351,0.6000000000000001,22,69.01
2012,8,23,8,30,383,238,265,1.2000000000000002,23,57.1
2012,8,23,9,30,263,249,20,2,24,45.65
2012,8,23,10,30,118,117,1,2.2,24,35.4
2012,8,23,11,30,85,85,0,1.7000000000000002,25,27.92
2012,8,23,12,30,153,146,7,1,25,25.88
2012,8,23,13,30,344,323,23,0.4,25,30.42
2012,8,23,14,30,435,372,81,0.2,25,39.27
2012,8,23,15,30,306,274,49,0.30000000000000004,24,50.14
2012,8,23,16,30,396,135,552,0.4,23,61.84
2012,8,23,17,30,138,109,103,0.4,22,73.83
2012,8,23,18,30,22,22,0,0.30000000000000004,21,85.76
2012,8,23,19,30,0,0,0,0.4,19,97.35000000000001
2012,8,23,20,30,0,0,0,0.6000000000000001,19,108.25
2012,8,23,21,30,0,0,0,0.7000000000000001,18,118
2012,8,23,22,30,0,0,0,0.8,18,125.86
2012,8,23,23,30,0,0,0,0.8,17,130.88
2012,8,24,0,30,0,0,0,0.9,16,132.13
2012,8,24,1,30,0,0,0,0.9,16,129.32
2012,8,24,2,30,0,0,0,0.8,15,123.06
2012,8,24,3,30,0,0,0,0.7000000000000001,15,114.36
2012,8,24,4,30,0,0,0,0.7000000000000001,15,104.09
2012,8,24,5,30,0,0,0,1.1,15,92.88
2012,8,24,6,30,4,4,0,1.8,17,81.13
2012,8,24,7,30,94,94,0,2.2,18,69.16
2012,8,24,8,30,277,237,75,2.4000000000000004,20,57.26
2012,8,24,9,30,682,129,793,2.6,22,45.83
2012,8,24,10,30,65,65,0,2.6,24,35.63
2012,8,24,11,30,910,123,893,2.6,26,28.22
2012,8,24,12,30,932,121,904,2.7,27,26.23
2012,8,24,13,30,889,115,900,2.9000000000000004,28,30.75
2012,8,24,14,30,787,105,884,3.2,29,39.57
2012,8,24,15,30,632,96,841,3.4000000000000004,29,50.410000000000004
2012,8,24,16,30,438,83,757,3.2,28,62.1
2012,8,24,17,30,227,62,603,2.1,26,74.08
2012,8,24,18,30,40,23,239,1.2000000000000002,22,86.02
2012,8,24,19,30,0,0,0,1.1,20,97.62
2012,8,24,20,30,0,0,0,1,19,108.55
2012,8,24,21,30,0,0,0,0.9,19,118.31
2012,8,24,22,30,0,0,0,0.9,18,126.2
2012,8,24,23,30,0,0,0,0.9,18,131.24
2012,8,25,0,30,0,0,0,0.9,17,132.47
2012,8,25,1,30,0,0,0,0.9,17,129.63
2012,8,25,2,30,0,0,0,0.9,16,123.32000000000001
2012,8,25,3,30,0,0,0,0.8,16,114.58
2012,8,25,4,30,0,0,0,0.8,16,104.28
2012,8,25,5,30,0,0,0,0.8,17,93.04
2012,8,25,6,30,103,47,369,1,19,81.28
2012,8,25,7,30,306,84,629,1.4000000000000001,23,69.3
2012,8,25,8,30,512,112,742,2,26,57.410000000000004
2012,8,25,9,30,695,127,818,2.3000000000000003,28,46.01
2012,8,25,10,30,835,137,861,2.5,30,35.86
2012,8,25,11,30,928,117,923,2.8000000000000003,31,28.52
2012,8,25,12,30,949,119,927,3,32,26.580000000000002
2012,8,25,13,30,904,116,919,3.1,33,31.09
2012,8,25,14,30,804,98,919,3.2,32,39.87
2012,8,25,15,30,646,88,880,3.3000000000000003,32,50.68
2012,8,25,16,30,449,75,806,2.9000000000000004,31,62.36
2012,8,25,17,30,233,55,659,1.9000000000000001,27,74.34
2012,8,25,18,30,39,21,287,1.3,24,86.28
2012,8,25,19,30,0,0,0,1.3,22,97.9
2012,8,25,20,30,0,0,0,1.2000000000000002,22,108.84
2012,8,25,21,30,0,0,0,1.1,22,118.63
2012,8,25,22,30,0,0,0,0.8,21,126.54
2012,8,25,23,30,0,0,0,0.8,20,131.59
2012,8,26,0,30,0,0,0,1.1,19,132.82
2012,8,26,1,30,0,0,0,1.6,17,129.93
2012,8,26,2,30,0,0,0,2,17,123.58
2012,8,26,3,30,0,0,0,2.4000000000000004,16,114.79
2012,8,26,4,30,0,0,0,2.5,16,104.46000000000001
2012,8,26,5,30,0,0,0,2.9000000000000004,17,93.2
2012,8,26,6,30,103,44,396,3.7,19,81.43
2012,8,26,7,30,307,76,659,4.2,23,69.45
2012,8,26,8,30,512,98,771,4.4,27,57.57
2012,8,26,9,30,693,110,842,4.1000000000000005,30,46.2
2012,8,26,10,30,543,413,161,3.7,32,36.09
2012,8,26,11,30,917,109,922,3.4000000000000004,33,28.830000000000002
2012,8,26,12,30,933,115,918,3.3000000000000003,34,26.93
2012,8,26,13,30,885,118,899,3.3000000000000003,34,31.43
2012,8,26,14,30,417,361,72,3.4000000000000004,33,40.17
2012,8,26,15,30,623,94,839,3.4000000000000004,32,50.96
2012,8,26,16,30,428,80,755,3.1,31,62.620000000000005
2012,8,26,17,30,218,59,599,2,28,74.60000000000001
2012,8,26,18,30,34,21,224,1.1,25,86.55
2012,8,26,19,30,0,0,0,1,24,98.18
2012,8,26,20,30,0,0,0,1,23,109.14
2012,8,26,21,30,0,0,0,0.9,23,118.95
2012,8,26,22,30,0,0,0,0.8,22,126.89
2012,8,26,23,30,0,0,0,0.7000000000000001,21,131.95
2012,8,27,0,30,0,0,0,0.9,20,133.16
2012,8,27,1,30,0,0,0,1.3,19,130.24
2012,8,27,2,30,0,0,0,1.6,19,123.84
2012,8,27,3,30,0,0,0,1.8,18,115.01
2012,8,27,4,30,0,0,0,1.8,17,104.65
2012,8,27,5,30,0,0,0,2.2,18,93.36
2012,8,27,6,30,80,49,209,3,20,81.58
2012,8,27,7,30,305,72,669,3.5,24,69.60000000000001
2012,8,27,8,30,510,97,773,3.6,27,57.730000000000004
2012,8,27,9,30,691,110,841,3.4000000000000004,30,46.38
2012,8,27,10,30,828,119,879,3,31,36.32
2012,8,27,11,30,915,106,926,2.5,32,29.13
2012,8,27,12,30,934,104,934,2.3000000000000003,33,27.29
2012,8,27,13,30,889,100,928,2.1,34,31.77
2012,8,27,14,30,785,89,915,1.9000000000000001,34,40.480000000000004
2012,8,27,15,30,628,81,873,1.6,33,51.24
2012,8,27,16,30,433,69,798,1.2000000000000002,32,62.89
2012,8,27,17,30,220,51,645,0.6000000000000001,30,74.87
2012,8,27,18,30,33,18,255,0.6000000000000001,27,86.82000000000001
2012,8,27,19,30,0,0,0,1,25,98.46000000000001
2012,8,27,20,30,0,0,0,1.2000000000000002,23,109.44
2012,8,27,21,30,0,0,0,1.4000000000000001,23,119.27
2012,8,27,22,30,0,0,0,1.7000000000000002,22,127.23
2012,8,27,23,30,0,0,0,1.9000000000000001,22,132.31
2012,8,28,0,30,0,0,0,2.2,21,133.51
2012,8,28,1,30,0,0,0,2.2,20,130.55
2012,8,28,2,30,0,0,0,2.2,19,124.10000000000001
2012,8,28,3,30,0,0,0,2.2,19,115.23
2012,8,28,4,30,0,0,0,2.1,18,104.83
2012,8,28,5,30,0,0,0,2.3000000000000003,19,93.53
2012,8,28,6,30,103,39,447,3,21,81.73
2012,8,28,7,30,311,64,711,3.4000000000000004,25,69.74
2012,8,28,8,30,518,85,813,3.3000000000000003,28,57.88
2012,8,28,9,30,700,96,879,3,31,46.57
2012,8,28,10,30,839,102,917,2.5,32,36.56
2012,8,28,11,30,920,106,934,2.2,33,29.44
2012,8,28,12,30,939,106,940,2,34,27.650000000000002
2012,8,28,13,30,893,103,933,1.7000000000000002,35,32.12
2012,8,28,14,30,790,88,926,1.4000000000000001,35,40.79
2012,8,28,15,30,631,80,885,0.9,34,51.52
2012,8,28,16,30,433,69,806,0.5,33,63.160000000000004
2012,8,28,17,30,218,52,646,0.5,30,75.13
2012,8,28,18,30,30,18,236,0.8,27,87.09
2012,8,28,19,30,0,0,0,0.9,25,98.74000000000001
2012,8,28,20,30,0,0,0,1,24,109.74000000000001
2012,8,28,21,30,0,0,0,1,23,119.60000000000001
2012,8,28,22,30,0,0,0,0.9,22,127.58
2012,8,28,23,30,0,0,0,0.8,22,132.67000000000002
2012,8,29,0,30,0,0,0,1.1,21,133.86
2012,8,29,1,30,0,0,0,1.3,20,130.86
2012,8,29,2,30,0,0,0,1.4000000000000001,19,124.36
2012,8,29,3,30,0,0,0,1.3,18,115.45
2012,8,29,4,30,0,0,0,1.2000000000000002,17,105.01
2012,8,29,5,30,0,0,0,1.1,18,93.69
2012,8,29,6,30,101,38,443,1.4000000000000001,21,81.88
2012,8,29,7,30,308,66,705,1.7000000000000002,25,69.89
2012,8,29,8,30,515,88,807,1.4000000000000001,29,58.04
2012,8,29,9,30,699,99,875,1.1,32,46.75
2012,8,29,10,30,838,106,913,1.1,33,36.800000000000004
2012,8,29,11,30,919,113,928,1.1,34,29.75
2012,8,29,12,30,938,114,933,1.2000000000000002,35,28.01
2012,8,29,13,30,892,112,924,1.5,35,32.47
2012,8,29,14,30,790,90,928,1.7000000000000002,35,41.11
2012,8,29,15,30,628,83,881,1.7000000000000002,34,51.81
2012,8,29,16,30,428,73,792,1.3,33,63.440000000000005
2012,8,29,17,30,210,57,605,0.9,31,75.4
2012,8,29,18,30,26,18,171,1.1,28,87.36
2012,8,29,19,30,0,0,0,1.8,26,99.03
2012,8,29,20,30,0,0,0,2.8000000000000003,25,110.04
2012,8,29,21,30,0,0,0,3.7,24,119.93
2012,8,29,22,30,0,0,0,3.9000000000000004,23,127.94
2012,8,29,23,30,0,0,0,3.5,22,133.04
2012,8,30,0,30,0,0,0,2.8000000000000003,21,134.21
2012,8,30,1,30,0,0,0,2,20,131.17000000000002
2012,8,30,2,30,0,0,0,1.4000000000000001,19,124.63000000000001
2012,8,30,3,30,0,0,0,1.2000000000000002,19,115.66
2012,8,30,4,30,0,0,0,1.2000000000000002,18,105.2
2012,8,30,5,30,0,0,0,1.4000000000000001,19,93.85000000000001
2012,8,30,6,30,95,42,384,2,21,82.03
2012,8,30,7,30,299,74,658,1.7000000000000002,25,70.04
2012,8,30,8,30,506,95,780,0.6000000000000001,28,58.21
2012,8,30,9,30,690,107,854,0.5,31,46.95
2012,8,30,10,30,829,114,896,1.1,32,37.04
2012,8,30,11,30,915,108,932,1.7000000000000002,33,30.07
2012,8,30,12,30,933,109,936,2.2,34,28.38
2012,8,30,13,30,886,107,926,2.4000000000000004,35,32.82
2012,8,30,14,30,778,99,906,2.3000000000000003,34,41.43
2012,8,30,15,30,618,91,858,2.2,33,52.1
2012,8,30,16,30,420,77,773,2.1,32,63.71
2012,8,30,17,30,205,57,600,1.7000000000000002,30,75.68
2012,8,30,18,30,23,16,176,1.4000000000000001,26,87.64
2012,8,30,19,30,0,0,0,1.6,24,99.32000000000001
2012,8,30,20,30,0,0,0,1.7000000000000002,23,110.35000000000001
2012,8,30,21,30,0,0,0,1.6,23,120.26
2012,8,30,22,30,0,0,0,1.4000000000000001,22,128.29
2012,8,30,23,30,0,0,0,1.2000000000000002,22,133.4
2012,8,31,0,30,0,0,0,0.9,21,134.57
2012,8,31,1,30,0,0,0,0.7000000000000001,20,131.49
2012,8,31,2,30,0,0,0,0.6000000000000001,20,124.89
2012,8,31,3,30,0,0,0,0.8,19,115.88
2012,8,31,4,30,0,0,0,1.3,18,105.38
2012,8,31,5,30,0,0,0,2.1,19,94.01
2012,8,31,6,30,94,40,398,2.9000000000000004,21,82.18
2012,8,31,7,30,298,71,672,2.9000000000000004,24,70.19
2012,8,31,8,30,505,93,786,2.2,27,58.370000000000005
2012,8,31,9,30,687,106,853,1.9000000000000001,30,47.14
2012,8,31,10,30,824,114,892,1.9000000000000001,32,37.29
2012,8,31,11,30,901,128,895,1.9000000000000001,33,30.39
2012,8,31,12,30,916,135,890,1.9000000000000001,34,28.75
2012,8,31,13,30,179,170,11,2.1,34,33.17
2012,8,31,14,30,559,350,280,2.3000000000000003,34,41.75
2012,8,31,15,30,394,288,173,2.6,33,52.4
2012,8,31,16,30,395,106,659,2.6,32,63.99
2012,8,31,17,30,186,75,458,1.8,29,75.95
2012,8,31,18,30,17,15,64,1.2000000000000002,27,87.92
2012,8,31,19,30,0,0,0,1.2000000000000002,25,99.61
2012,8,31,20,30,0,0,0,1.2000000000000002,25,110.66
2012,8,31,21,30,0,0,0,1.2000000000000002,24,120.59
2012,8,31,22,30,0,0,0,1.4000000000000001,24,128.65
2012,8,31,23,30,0,0,0,1.7000000000000002,24,133.77
2012,9,1,0,30,0,0,0,1.8,23,134.92000000000002
2012,9,1,1,30,0,0,0,1.5,22,131.8
2012,9,1,2,30,0,0,0,1.1,21,125.15
2012,9,1,3,30,0,0,0,0.9,21,116.10000000000001
2012,9,1,4,30,0,0,0,0.7000000000000001,21,105.57000000000001
2012,9,1,5,30,0,0,0,0.6000000000000001,21,94.18
2012,9,1,6,30,73,48,188,0.30000000000000004,23,82.33
2012,9,1,7,30,263,96,498,0.8,25,70.35000000000001
2012,9,1,8,30,489,106,734,1.8,27,58.53
2012,9,1,9,30,671,116,818,2.4000000000000004,28,47.33
2012,9,1,10,30,808,124,862,2.6,29,37.54
2012,9,1,11,30,359,336,26,2.7,30,30.71
2012,9,1,12,30,542,431,127,2.6,31,29.12
2012,9,1,13,30,649,417,278,2.6,31,33.53
2012,9,1,14,30,709,244,625,2.7,30,42.07
2012,9,1,15,30,93,93,0,2.9000000000000004,29,52.7
2012,9,1,16,30,109,109,0,2.6,28,64.28
2012,9,1,17,30,12,12,0,1.9000000000000001,26,76.23
2012,9,1,18,30,1,1,0,1.4000000000000001,24,88.2
2012,9,1,19,30,0,0,0,1.2000000000000002,23,99.9
2012,9,1,20,30,0,0,0,1,22,110.97
2012,9,1,21,30,0,0,0,0.8,22,120.93
2012,9,1,22,30,0,0,0,0.8,21,129.01
2012,9,1,23,30,0,0,0,0.9,20,134.15
2012,9,2,0,30,0,0,0,0.8,20,135.28
2012,9,2,1,30,0,0,0,0.6000000000000001,20,132.12
2012,9,2,2,30,0,0,0,0.6000000000000001,19,125.41
2012,9,2,3,30,0,0,0,0.6000000000000001,19,116.32000000000001
2012,9,2,4,30,0,0,0,0.5,19,105.75
2012,9,2,5,30,0,0,0,0.5,19,94.34
2012,9,2,6,30,21,21,0,0.30000000000000004,21,82.48
2012,9,2,7,30,209,131,234,0.7000000000000001,23,70.5
2012,9,2,8,30,489,89,771,1.6,25,58.7
2012,9,2,9,30,565,266,443,2.2,27,47.53
2012,9,2,10,30,467,390,97,2.5,28,37.79
2012,9,2,11,30,482,418,73,2.7,29,31.03
2012,9,2,12,30,772,400,427,2.9000000000000004,29,29.490000000000002
2012,9,2,13,30,851,108,895,3.3000000000000003,29,33.89
2012,9,2,14,30,748,90,891,3.5,29,42.4
2012,9,2,15,30,104,104,0,3.4000000000000004,28,53
2012,9,2,16,30,260,185,174,2.9000000000000004,27,64.56
2012,9,2,17,30,10,10,0,1.8,25,76.51
2012,9,2,18,30,0,0,0,0.8,23,88.49
2012,9,2,19,30,0,0,0,0.6000000000000001,23,100.2
2012,9,2,20,30,0,0,0,0.4,22,111.29
2012,9,2,21,30,0,0,0,0.30000000000000004,21,121.27
2012,9,2,22,30,0,0,0,0.30000000000000004,21,129.37
2012,9,2,23,30,0,0,0,0.4,20,134.52
2012,9,3,0,30,0,0,0,0.5,20,135.64000000000001
2012,9,3,1,30,0,0,0,0.5,19,132.43
2012,9,3,2,30,0,0,0,0.4,19,125.68
2012,9,3,3,30,0,0,0,0.30000000000000004,18,116.53
2012,9,3,4,30,0,0,0,0.30000000000000004,18,105.94
2012,9,3,5,30,0,0,0,0.2,18,94.5
2012,9,3,6,30,91,31,469,0.6000000000000001,20,82.63
2012,9,3,7,30,297,54,731,1.6,23,70.65
2012,9,3,8,30,506,68,846,2.4000000000000004,26,58.870000000000005
2012,9,3,9,30,687,77,906,2.7,28,47.730000000000004
2012,9,3,10,30,824,83,941,3,30,38.04
2012,9,3,11,30,901,96,943,3.5,31,31.36
2012,9,3,12,30,917,97,946,3.8000000000000003,31,29.86
2012,9,3,13,30,869,95,936,4,32,34.26
2012,9,3,14,30,761,83,922,4.1000000000000005,31,42.730000000000004
2012,9,3,15,30,601,75,879,4,31,53.300000000000004
2012,9,3,16,30,403,63,799,3.5,30,64.85
2012,9,3,17,30,190,45,631,2.3000000000000003,27,76.8
2012,9,3,18,30,14,10,159,1.4000000000000001,24,88.77
2012,9,3,19,30,0,0,0,1.4000000000000001,22,100.49000000000001
2012,9,3,20,30,0,0,0,1.3,21,111.60000000000001
2012,9,3,21,30,0,0,0,1.2000000000000002,20,121.61
2012,9,3,22,30,0,0,0,1.1,20,129.74
2012,9,3,23,30,0,0,0,0.9,19,134.9
2012,9,4,0,30,0,0,0,0.8,19,136
2012,9,4,1,30,0,0,0,0.8,19,132.75
2012,9,4,2,30,0,0,0,0.7000000000000001,18,125.94
2012,9,4,3,30,0,0,0,0.7000000000000001,18,116.75
2012,9,4,4,30,0,0,0,0.6000000000000001,18,106.12
2012,9,4,5,30,0,0,0,0.4,18,94.66
2012,9,4,6,30,89,33,446,0.5,20,82.79
2012,9,4,7,30,296,58,724,1.4000000000000001,24,70.81
2012,9,4,8,30,506,73,841,2.5,27,59.04
2012,9,4,9,30,689,82,906,3,29,47.93
2012,9,4,10,30,826,87,942,3.4000000000000004,30,38.300000000000004
2012,9,4,11,30,904,94,952,3.9000000000000004,31,31.69
2012,9,4,12,30,919,95,954,4.2,32,30.240000000000002
2012,9,4,13,30,869,95,940,4.4,33,34.63
2012,9,4,14,30,758,88,916,4.5,32,43.06
2012,9,4,15,30,594,81,864,4.5,31,53.61
2012,9,4,16,30,394,70,771,4.1000000000000005,30,65.14
2012,9,4,17,30,181,50,586,2.8000000000000003,27,77.08
2012,9,4,18,30,0,0,0,1.8,24,89.06
2012,9,4,19,30,0,0,0,1.6,23,100.79
2012,9,4,20,30,0,0,0,1.6,22,111.92
2012,9,4,21,30,0,0,0,1.6,21,121.95
2012,9,4,22,30,0,0,0,1.6,20,130.11
2012,9,4,23,30,0,0,0,1.5,19,135.28
2012,9,5,0,30,0,0,0,1.4000000000000001,18,136.36
2012,9,5,1,30,0,0,0,1.2000000000000002,18,133.07
2012,9,5,2,30,0,0,0,1.1,17,126.2
2012,9,5,3,30,0,0,0,1,17,116.97
2012,9,5,4,30,0,0,0,0.7000000000000001,17,106.3
2012,9,5,5,30,0,0,0,0.5,17,94.83
2012,9,5,6,30,85,36,401,0.5,19,82.94
2012,9,5,7,30,294,65,703,1.1,23,70.96000000000001
2012,9,5,8,30,510,79,842,1.9000000000000001,26,59.21
2012,9,5,9,30,697,87,914,2.5,29,48.14
2012,9,5,10,30,839,91,956,3,31,38.56
2012,9,5,11,30,923,90,982,3.4000000000000004,32,32.02
2012,9,5,12,30,941,89,989,3.7,33,30.62
2012,9,5,13,30,892,86,983,3.8000000000000003,33,34.99
2012,9,5,14,30,782,76,971,3.9000000000000004,32,43.4
2012,9,5,15,30,616,69,929,3.8000000000000003,31,53.92
2012,9,5,16,30,411,58,850,3.1,30,65.44
2012,9,5,17,30,190,42,678,1.9000000000000001,26,77.37
2012,9,5,18,30,0,0,0,1.4000000000000001,23,89.35000000000001
2012,9,5,19,30,0,0,0,1.4000000000000001,21,101.10000000000001
2012,9,5,20,30,0,0,0,1.3,20,112.24000000000001
2012,9,5,21,30,0,0,0,1.2000000000000002,20,122.29
2012,9,5,22,30,0,0,0,1,19,130.47
2012,9,5,23,30,0,0,0,0.9,19,135.66
2012,9,6,0,30,0,0,0,0.8,19,136.73
2012,9,6,1,30,0,0,0,0.7000000000000001,19,133.38
2012,9,6,2,30,0,0,0,0.7000000000000001,18,126.47
2012,9,6,3,30,0,0,0,0.8,17,117.19
2012,9,6,4,30,0,0,0,0.8,17,106.49000000000001
2012,9,6,5,30,0,0,0,0.8,17,94.99
2012,9,6,6,30,34,34,0,1.2000000000000002,19,83.10000000000001
2012,9,6,7,30,137,124,40,1.4000000000000001,23,71.12
2012,9,6,8,30,501,75,837,1.4000000000000001,27,59.38
2012,9,6,9,30,682,85,898,2,30,48.34
2012,9,6,10,30,817,92,930,2.5,31,38.82
2012,9,6,11,30,894,99,940,2.8000000000000003,32,32.35
2012,9,6,12,30,907,98,943,2.9000000000000004,33,31
2012,9,6,13,30,856,95,932,2.9000000000000004,34,35.37
2012,9,6,14,30,744,88,908,3,33,43.74
2012,9,6,15,30,581,78,860,3,32,54.230000000000004
2012,9,6,16,30,383,66,771,2.8000000000000003,31,65.73
2012,9,6,17,30,171,45,591,1.9000000000000001,29,77.66
2012,9,6,18,30,0,0,0,1.2000000000000002,26,89.64
2012,9,6,19,30,0,0,0,1.3,24,101.4
2012,9,6,20,30,0,0,0,1.3,23,112.56
2012,9,6,21,30,0,0,0,1.4000000000000001,23,122.64
2012,9,6,22,30,0,0,0,1.5,22,130.85
2012,9,6,23,30,0,0,0,1.4000000000000001,21,136.05
2012,9,7,0,30,0,0,0,1.2000000000000002,20,137.09
2012,9,7,1,30,0,0,0,1,19,133.7
2012,9,7,2,30,0,0,0,1,19,126.73
2012,9,7,3,30,0,0,0,1,18,117.4
2012,9,7,4,30,0,0,0,1.1,18,106.67
2012,9,7,5,30,0,0,0,1.2000000000000002,18,95.15
2012,9,7,6,30,74,37,313,1.7000000000000002,20,83.25
2012,9,7,7,30,269,75,606,2.5,24,71.28
2012,9,7,8,30,404,189,423,3.3000000000000003,27,59.56
2012,9,7,9,30,658,98,846,4,29,48.550000000000004
2012,9,7,10,30,795,105,890,4.5,30,39.08
2012,9,7,11,30,877,106,916,5,31,32.69
2012,9,7,12,30,895,106,924,5.300000000000001,32,31.38
2012,9,7,13,30,848,101,920,5.300000000000001,33,35.74
2012,9,7,14,30,743,86,915,5.1000000000000005,33,44.08
2012,9,7,15,30,584,75,877,5,32,54.54
2012,9,7,16,30,386,62,799,4.5,31,66.03
2012,9,7,17,30,173,43,623,3.1,27,77.95
2012,9,7,18,30,0,0,0,2,24,89.94
2012,9,7,19,30,0,0,0,2.1,22,101.7
2012,9,7,20,30,0,0,0,2.3000000000000003,21,112.88
2012,9,7,21,30,0,0,0,2.2,20,122.99000000000001
2012,9,7,22,30,0,0,0,2,19,131.22
2012,9,7,23,30,0,0,0,1.8,17,136.43
2012,9,8,0,30,0,0,0,2,17,137.46
2012,9,8,1,30,0,0,0,2.9000000000000004,16,134.02
2012,9,8,2,30,0,0,0,3.9000000000000004,16,126.99000000000001
2012,9,8,3,30,0,0,0,4.4,16,117.62
2012,9,8,4,30,0,0,0,4.3,15,106.86
2012,9,8,5,30,0,0,0,4.1000000000000005,15,95.32000000000001
2012,9,8,6,30,78,35,374,4.800000000000001,17,83.4
2012,9,8,7,30,282,67,673,5.300000000000001,19,71.44
2012,9,8,8,30,493,84,812,5.1000000000000005,22,59.730000000000004
2012,9,8,9,30,678,94,885,4.4,24,48.76
2012,9,8,10,30,816,99,927,3.8000000000000003,26,39.35
2012,9,8,11,30,897,98,953,3.2,27,33.03
2012,9,8,12,30,912,98,957,2.7,28,31.76
2012,9,8,13,30,860,96,945,2.4000000000000004,29,36.11
2012,9,8,14,30,747,87,924,2.3000000000000003,29,44.42
2012,9,8,15,30,581,80,870,2.3000000000000003,28,54.86
2012,9,8,16,30,378,67,773,2.3000000000000003,27,66.33
2012,9,8,17,30,163,47,573,1.7000000000000002,24,78.24
2012,9,8,18,30,0,0,0,1.2000000000000002,22,90.23
2012,9,8,19,30,0,0,0,1.5,20,102.01
2012,9,8,20,30,0,0,0,1.8,19,113.21000000000001
2012,9,8,21,30,0,0,0,1.9000000000000001,18,123.33
2012,9,8,22,30,0,0,0,2,18,131.59
2012,9,8,23,30,0,0,0,2,17,136.82
2012,9,9,0,30,0,0,0,2.2,16,137.83
2012,9,9,1,30,0,0,0,2.4000000000000004,16,134.34
2012,9,9,2,30,0,0,0,2.8000000000000003,15,127.26
2012,9,9,3,30,0,0,0,3.3000000000000003,15,117.84
2012,9,9,4,30,0,0,0,3.6,15,107.04
2012,9,9,5,30,0,0,0,3.9000000000000004,15,95.48
2012,9,9,6,30,73,35,336,4.3,17,83.56
2012,9,9,7,30,274,68,651,4.7,19,71.59
2012,9,9,8,30,485,82,803,4.800000000000001,22,59.910000000000004
2012,9,9,9,30,667,93,875,4.6000000000000005,25,48.97
2012,9,9,10,30,804,100,914,4.4,27,39.62
2012,9,9,11,30,884,101,937,4.1000000000000005,28,33.37
2012,9,9,12,30,899,101,942,4,29,32.15
2012,9,9,13,30,848,99,931,3.8000000000000003,30,36.49
2012,9,9,14,30,737,90,911,3.8000000000000003,29,44.77
2012,9,9,15,30,572,82,858,3.9000000000000004,29,55.18
2012,9,9,16,30,370,69,760,3.8000000000000003,28,66.63
2012,9,9,17,30,157,47,554,2.7,25,78.54
2012,9,9,18,30,0,0,0,1.8,22,90.53
2012,9,9,19,30,0,0,0,2,21,102.32000000000001
2012,9,9,20,30,0,0,0,2.2,21,113.53
2012,9,9,21,30,0,0,0,2.2,20,123.68
2012,9,9,22,30,0,0,0,2.1,19,131.97
2012,9,9,23,30,0,0,0,2.2,19,137.21
2012,9,10,0,30,0,0,0,2.4000000000000004,19,138.20000000000002
2012,9,10,1,30,0,0,0,2.7,19,134.66
2012,9,10,2,30,0,0,0,2.9000000000000004,18,127.52
2012,9,10,3,30,0,0,0,2.9000000000000004,18,118.05
2012,9,10,4,30,0,0,0,2.8000000000000003,18,107.22
2012,9,10,5,30,0,0,0,2.7,18,95.64
2012,9,10,6,30,66,39,245,2.8000000000000003,19,83.72
2012,9,10,7,30,258,86,547,2.5,21,71.76
2012,9,10,8,30,465,104,725,2.2,23,60.09
2012,9,10,9,30,538,269,411,1.9000000000000001,26,49.19
2012,9,10,10,30,784,116,870,1.9000000000000001,27,39.89
2012,9,10,11,30,477,410,81,1.9000000000000001,28,33.71
2012,9,10,12,30,227,213,15,2,29,32.54
2012,9,10,13,30,827,110,896,2.2,30,36.87
2012,9,10,14,30,714,104,865,2.4000000000000004,29,45.12
2012,9,10,15,30,26,26,0,2.6,28,55.5
2012,9,10,16,30,14,14,0,2.7,27,66.94
2012,9,10,17,30,99,71,141,2.2,26,78.84
2012,9,10,18,30,0,0,0,2.2,24,90.83
2012,9,10,19,30,0,0,0,3.1,23,102.62
2012,9,10,20,30,0,0,0,3.6,22,113.86
2012,9,10,21,30,0,0,0,3.6,21,124.04
2012,9,10,22,30,0,0,0,3.5,20,132.35
2012,9,10,23,30,0,0,0,3,19,137.6
2012,9,11,0,30,0,0,0,2.4000000000000004,19,138.57
2012,9,11,1,30,0,0,0,1.6,18,134.98
2012,9,11,2,30,0,0,0,0.8,18,127.78
2012,9,11,3,30,0,0,0,0.4,17,118.27
2012,9,11,4,30,0,0,0,0.5,16,107.41
2012,9,11,5,30,0,0,0,0.9,16,95.81
2012,9,11,6,30,43,37,61,1.5,18,83.87
2012,9,11,7,30,250,78,552,2.1,21,71.92
2012,9,11,8,30,60,60,0,2.5,22,60.27
2012,9,11,9,30,161,158,5,2.8000000000000003,23,49.4
2012,9,11,10,30,246,234,14,3.1,24,40.17
2012,9,11,11,30,109,109,0,3.4000000000000004,23,34.05
2012,9,11,12,30,55,55,0,3.6,22,32.93
2012,9,11,13,30,179,172,9,3.8000000000000003,22,37.25
2012,9,11,14,30,43,43,0,3.8000000000000003,21,45.47
2012,9,11,15,30,77,77,0,3.6,21,55.82
2012,9,11,16,30,199,162,94,3,20,67.24
2012,9,11,17,30,60,60,0,2,19,79.13
2012,9,11,18,30,0,0,0,1.1,18,91.13
2012,9,11,19,30,0,0,0,0.9,18,102.93
2012,9,11,20,30,0,0,0,0.9,17,114.19
2012,9,11,21,30,0,0,0,0.9,17,124.39
2012,9,11,22,30,0,0,0,0.9,16,132.72
2012,9,11,23,30,0,0,0,0.8,16,137.99
2012,9,12,0,30,0,0,0,0.8,16,138.94
2012,9,12,1,30,0,0,0,0.7000000000000001,15,135.3
2012,9,12,2,30,0,0,0,0.6000000000000001,15,128.04
2012,9,12,3,30,0,0,0,0.5,15,118.48
2012,9,12,4,30,0,0,0,0.4,15,107.59
2012,9,12,5,30,0,0,0,0.5,15,95.97
2012,9,12,6,30,2,2,0,0.8,15,84.03
2012,9,12,7,30,54,54,0,1.1,17,72.08
2012,9,12,8,30,464,90,758,1.5,19,60.45
2012,9,12,9,30,262,246,25,2.1,21,49.620000000000005
2012,9,12,10,30,640,326,411,2.7,22,40.44
2012,9,12,11,30,727,362,441,3.3000000000000003,22,34.4
2012,9,12,12,30,872,104,918,3.8000000000000003,23,33.31
2012,9,12,13,30,461,381,101,4.1000000000000005,23,37.63
2012,9,12,14,30,543,324,313,4.3,22,45.82
2012,9,12,15,30,396,250,263,4.1000000000000005,22,56.15
2012,9,12,16,30,275,143,345,3.4000000000000004,21,67.55
2012,9,12,17,30,131,47,454,2.4000000000000004,19,79.43
2012,9,12,18,30,0,0,0,1.8,17,91.43
2012,9,12,19,30,0,0,0,1.3,17,103.24000000000001
2012,9,12,20,30,0,0,0,0.9,16,114.51
2012,9,12,21,30,0,0,0,1.4000000000000001,15,124.74000000000001
2012,9,12,22,30,0,0,0,2.2,14,133.1
2012,9,12,23,30,0,0,0,2.3000000000000003,13,138.38
2012,9,13,0,30,0,0,0,1.8,13,139.31
2012,9,13,1,30,0,0,0,1.5,12,135.62
2012,9,13,2,30,0,0,0,1.2000000000000002,11,128.31
2012,9,13,3,30,0,0,0,1.1,11,118.7
2012,9,13,4,30,0,0,0,1.1,11,107.77
2012,9,13,5,30,0,0,0,1,11,96.14
2012,9,13,6,30,67,30,364,1.5,13,84.19
2012,9,13,7,30,271,62,687,2.1,16,72.24
2012,9,13,8,30,484,78,826,2,19,60.63
2012,9,13,9,30,667,90,895,1.6,22,49.84
2012,9,13,10,30,804,98,932,1.2000000000000002,23,40.72
2012,9,13,11,30,881,104,945,1.1,24,34.75
2012,9,13,12,30,892,106,944,1.3,25,33.71
2012,9,13,13,30,837,104,931,1.8,26,38.02
2012,9,13,14,30,723,93,908,2.2,26,46.17
2012,9,13,15,30,555,85,850,2.4000000000000004,25,56.47
2012,9,13,16,30,324,82,641,2.1,24,67.86
2012,9,13,17,30,114,55,336,1.5,21,79.73
2012,9,13,18,30,0,0,0,1.2000000000000002,18,91.74
2012,9,13,19,30,0,0,0,1.3,16,103.56
2012,9,13,20,30,0,0,0,1.3,15,114.84
2012,9,13,21,30,0,0,0,1.3,14,125.09
2012,9,13,22,30,0,0,0,1.3,13,133.48
2012,9,13,23,30,0,0,0,1.5,13,138.78
2012,9,14,0,30,0,0,0,1.9000000000000001,12,139.69
2012,9,14,1,30,0,0,0,2.2,11,135.94
2012,9,14,2,30,0,0,0,2.2,11,128.57
2012,9,14,3,30,0,0,0,2,10,118.91
2012,9,14,4,30,0,0,0,1.8,9,107.95
2012,9,14,5,30,0,0,0,1.7000000000000002,9,96.3
2012,9,14,6,30,65,30,357,2.3000000000000003,11,84.35000000000001
2012,9,14,7,30,272,63,693,3,15,72.41
2012,9,14,8,30,487,79,837,3.1,18,60.82
2012,9,14,9,30,674,89,910,2.9000000000000004,20,50.07
2012,9,14,10,30,812,96,948,2.5,22,41
2012,9,14,11,30,893,94,975,2.1,24,35.1
2012,9,14,12,30,904,95,977,1.8,25,34.1
2012,9,14,13,30,848,93,964,1.9000000000000001,26,38.4
2012,9,14,14,30,732,83,943,2.3000000000000003,26,46.53
2012,9,14,15,30,561,75,888,2.8000000000000003,25,56.800000000000004
2012,9,14,16,30,355,62,786,2.7,24,68.17
2012,9,14,17,30,138,40,564,2,21,80.04
2012,9,14,18,30,0,0,0,1.4000000000000001,18,92.04
2012,9,14,19,30,0,0,0,1.3,16,103.87
2012,9,14,20,30,0,0,0,1.2000000000000002,15,115.17
2012,9,14,21,30,0,0,0,1.1,15,125.45
2012,9,14,22,30,0,0,0,1,14,133.86
2012,9,14,23,30,0,0,0,1,13,139.17000000000002
2012,9,15,0,30,0,0,0,0.9,12,140.06
2012,9,15,1,30,0,0,0,0.9,11,136.26
2012,9,15,2,30,0,0,0,0.8,10,128.83
2012,9,15,3,30,0,0,0,0.8,10,119.12
2012,9,15,4,30,0,0,0,0.7000000000000001,9,108.13
2012,9,15,5,30,0,0,0,0.6000000000000001,9,96.47
2012,9,15,6,30,67,27,411,0.7000000000000001,12,84.51
2012,9,15,7,30,275,55,734,0.8,16,72.57000000000001
2012,9,15,8,30,490,72,860,1.4000000000000001,20,61
2012,9,15,9,30,676,82,929,2.4000000000000004,23,50.29
2012,9,15,10,30,814,88,965,3,25,41.29
2012,9,15,11,30,891,95,977,3.3000000000000003,27,35.45
2012,9,15,12,30,903,94,981,3.6,28,34.49
2012,9,15,13,30,848,90,973,4,29,38.79
2012,9,15,14,30,733,79,957,4.3,29,46.88
2012,9,15,15,30,563,70,908,4.5,28,57.13
2012,9,15,16,30,356,58,811,3.9000000000000004,26,68.48
2012,9,15,17,30,137,38,589,2.7,22,80.34
2012,9,15,18,30,0,0,0,2.3000000000000003,19,92.34
2012,9,15,19,30,0,0,0,2,17,104.18
2012,9,15,20,30,0,0,0,1.7000000000000002,16,115.5
2012,9,15,21,30,0,0,0,1.4000000000000001,16,125.8
2012,9,15,22,30,0,0,0,1.2000000000000002,15,134.25
2012,9,15,23,30,0,0,0,1.1,15,139.57
2012,9,16,0,30,0,0,0,1,15,140.44
2012,9,16,1,30,0,0,0,0.9,14,136.58
2012,9,16,2,30,0,0,0,0.8,14,129.09
2012,9,16,3,30,0,0,0,0.5,14,119.34
2012,9,16,4,30,0,0,0,0.30000000000000004,14,108.32000000000001
2012,9,16,5,30,0,0,0,0.4,14,96.63
2012,9,16,6,30,66,27,422,0.8,15,84.67
2012,9,16,7,30,277,55,748,1.4000000000000001,18,72.74
2012,9,16,8,30,495,70,881,2,22,61.19
2012,9,16,9,30,681,80,945,2.6,25,50.52
2012,9,16,10,30,819,86,979,3.3000000000000003,27,41.57
2012,9,16,11,30,893,99,978,3.9000000000000004,28,35.800000000000004
2012,9,16,12,30,904,101,978,4.4,29,34.88
2012,9,16,13,30,847,100,963,4.6000000000000005,29,39.17
2012,9,16,14,30,734,81,962,4.6000000000000005,29,47.24
2012,9,16,15,30,562,73,910,4.4,28,57.46
2012,9,16,16,30,353,60,809,3.4000000000000004,26,68.79
2012,9,16,17,30,133,38,583,2.1,22,80.64
2012,9,16,18,30,0,0,0,1.7000000000000002,19,92.65
2012,9,16,19,30,0,0,0,1.7000000000000002,17,104.49000000000001
2012,9,16,20,30,0,0,0,1.7000000000000002,16,115.83
2012,9,16,21,30,0,0,0,1.7000000000000002,15,126.16
2012,9,16,22,30,0,0,0,1.7000000000000002,15,134.63
2012,9,16,23,30,0,0,0,1.8,14,139.96
2012,9,17,0,30,0,0,0,1.8,13,140.81
2012,9,17,1,30,0,0,0,1.7000000000000002,13,136.9
2012,9,17,2,30,0,0,0,1.4000000000000001,13,129.35
2012,9,17,3,30,0,0,0,1.1,13,119.55
2012,9,17,4,30,0,0,0,0.9,12,108.5
2012,9,17,5,30,0,0,0,0.8,12,96.79
2012,9,17,6,30,49,31,206,1.2000000000000002,14,84.83
2012,9,17,7,30,261,65,668,2.3000000000000003,17,72.91
2012,9,17,8,30,421,122,624,3.3000000000000003,20,61.38
2012,9,17,9,30,656,96,886,4,23,50.75
2012,9,17,10,30,792,104,923,4.5,26,41.86
2012,9,17,11,30,871,105,948,5.1000000000000005,27,36.160000000000004
2012,9,17,12,30,883,105,952,5.7,28,35.28
2012,9,17,13,30,828,102,941,6.2,29,39.56
2012,9,17,14,30,713,90,924,6.6000000000000005,28,47.6
2012,9,17,15,30,543,81,866,6.5,27,57.79
2012,9,17,16,30,338,65,764,5.5,26,69.10000000000001
2012,9,17,17,30,123,40,529,3.5,22,80.95
2012,9,17,18,30,0,0,0,2.1,18,92.95
2012,9,17,19,30,0,0,0,1.7000000000000002,16,104.8
2012,9,17,20,30,0,0,0,1.5,15,116.16
2012,9,17,21,30,0,0,0,1.3,15,126.51
2012,9,17,22,30,0,0,0,1.3,14,135.01
2012,9,17,23,30,0,0,0,1.4000000000000001,13,140.36
2012,9,18,0,30,0,0,0,1.4000000000000001,12,141.18
2012,9,18,1,30,0,0,0,1.5,11,137.22
2012,9,18,2,30,0,0,0,1.5,11,129.6
2012,9,18,3,30,0,0,0,1.5,10,119.76
2012,9,18,4,30,0,0,0,1.5,10,108.68
2012,9,18,5,30,0,0,0,1.5,10,96.96000000000001
2012,9,18,6,30,60,26,384,2,13,84.99
2012,9,18,7,30,267,57,721,2.4000000000000004,17,73.08
2012,9,18,8,30,482,74,856,1.6,20,61.58
2012,9,18,9,30,668,85,925,1.1,23,50.980000000000004
2012,9,18,10,30,807,92,964,1.8,26,42.15
2012,9,18,11,30,885,95,983,2.9000000000000004,27,36.51
2012,9,18,12,30,897,95,987,3.7,28,35.67
2012,9,18,13,30,842,92,977,4.1000000000000005,29,39.95
2012,9,18,14,30,724,84,956,4.3,28,47.96
2012,9,18,15,30,551,75,899,4.1000000000000005,27,58.120000000000005
2012,9,18,16,30,340,62,790,3.2,25,69.41
2012,9,18,17,30,121,38,546,2,21,81.25
2012,9,18,18,30,0,0,0,1.7000000000000002,18,93.25
2012,9,18,19,30,0,0,0,1.6,17,105.12
2012,9,18,20,30,0,0,0,1.5,16,116.49000000000001
2012,9,18,21,30,0,0,0,1.3,16,126.86
2012,9,18,22,30,0,0,0,1.3,16,135.39000000000001
2012,9,18,23,30,0,0,0,1.2000000000000002,15,140.76
2012,9,19,0,30,0,0,0,1.1,15,141.56
2012,9,19,1,30,0,0,0,1,15,137.54
2012,9,19,2,30,0,0,0,0.7000000000000001,15,129.86
2012,9,19,3,30,0,0,0,0.6000000000000001,14,119.97
2012,9,19,4,30,0,0,0,0.7000000000000001,14,108.86
2012,9,19,5,30,0,0,0,0.8,14,97.12
2012,9,19,6,30,59,26,383,0.8,15,85.15
2012,9,19,7,30,269,58,733,1.3,19,73.25
2012,9,19,8,30,488,73,875,2.2,23,61.77
2012,9,19,9,30,675,85,941,2.8000000000000003,26,51.21
2012,9,19,10,30,813,92,976,3.2,27,42.44
2012,9,19,11,30,892,94,997,3.4000000000000004,28,36.87
2012,9,19,12,30,901,95,997,3.7,29,36.07
2012,9,19,13,30,843,94,982,4,30,40.34
2012,9,19,14,30,724,82,965,4.1000000000000005,29,48.32
2012,9,19,15,30,549,75,906,4,28,58.45
2012,9,19,16,30,337,62,793,3,26,69.73
2012,9,19,17,30,117,38,533,1.8,22,81.56
2012,9,19,18,30,0,0,0,1.6,18,93.56
2012,9,19,19,30,0,0,0,1.5,17,105.43
2012,9,19,20,30,0,0,0,1.5,16,116.82000000000001
2012,9,19,21,30,0,0,0,1.4000000000000001,16,127.22
2012,9,19,22,30,0,0,0,1.3,16,135.78
2012,9,19,23,30,0,0,0,1.2000000000000002,16,141.16
2012,9,20,0,30,0,0,0,1.2000000000000002,15,141.94
2012,9,20,1,30,0,0,0,1.2000000000000002,15,137.85
2012,9,20,2,30,0,0,0,1.2000000000000002,15,130.12
2012,9,20,3,30,0,0,0,1.2000000000000002,14,120.18
2012,9,20,4,30,0,0,0,1.1,14,109.04
2012,9,20,5,30,0,0,0,1,14,97.29
2012,9,20,6,30,55,26,353,0.9,15,85.31
2012,9,20,7,30,262,60,708,1.4000000000000001,19,73.42
2012,9,20,8,30,476,79,843,2.4000000000000004,23,61.96
2012,9,20,9,30,661,92,912,3.2,26,51.45
2012,9,20,10,30,798,99,951,3.8000000000000003,27,42.730000000000004
2012,9,20,11,30,872,107,960,4.3,28,37.230000000000004
2012,9,20,12,30,882,107,963,4.800000000000001,29,36.47
2012,9,20,13,30,824,104,950,5.1000000000000005,29,40.730000000000004
2012,9,20,14,30,703,98,916,5.300000000000001,29,48.68
2012,9,20,15,30,529,89,850,5.1000000000000005,28,58.79
2012,9,20,16,30,320,72,727,3.8000000000000003,26,70.04
2012,9,20,17,30,104,42,442,2.2,21,81.86
2012,9,20,18,30,0,0,0,1.6,18,93.86
2012,9,20,19,30,0,0,0,1.5,17,105.74000000000001
2012,9,20,20,30,0,0,0,1.4000000000000001,17,117.15
2012,9,20,21,30,0,0,0,1.3,16,127.57000000000001
2012,9,20,22,30,0,0,0,1.3,16,136.16
2012,9,20,23,30,0,0,0,1.2000000000000002,15,141.55
2012,9,21,0,30,0,0,0,1.2000000000000002,15,142.31
2012,9,21,1,30,0,0,0,1.1,14,138.17000000000002
2012,9,21,2,30,0,0,0,0.9,14,130.38
2012,9,21,3,30,0,0,0,0.8,14,120.39
2012,9,21,4,30,0,0,0,0.7000000000000001,13,109.22
2012,9,21,5,30,0,0,0,0.7000000000000001,13,97.46000000000001
2012,9,21,6,30,50,26,308,0.8,14,85.47
2012,9,21,7,30,253,64,669,1,18,73.60000000000001
2012,9,21,8,30,466,86,814,1,22,62.160000000000004
2012,9,21,9,30,651,100,889,1.2000000000000002,25,51.68
2012,9,21,10,30,789,108,931,1.5,27,43.03
2012,9,21,11,30,866,111,953,1.7000000000000002,28,37.59
2012,9,21,12,30,876,111,956,1.8,29,36.86
2012,9,21,13,30,819,108,943,1.9000000000000001,29,41.12
2012,9,21,14,30,706,85,947,2,29,49.04
2012,9,21,15,30,532,75,889,2.1,28,59.120000000000005
2012,9,21,16,30,322,61,775,1.6,26,70.36
2012,9,21,17,30,103,38,477,1.1,23,82.17
2012,9,21,18,30,0,0,0,1.2000000000000002,20,94.17
2012,9,21,19,30,0,0,0,1.3,19,106.05
2012,9,21,20,30,0,0,0,1.2000000000000002,19,117.48
2012,9,21,21,30,0,0,0,1.1,18,127.93
2012,9,21,22,30,0,0,0,0.9,18,136.54
2012,9,21,23,30,0,0,0,0.8,18,141.95000000000002
2012,9,22,0,30,0,0,0,0.7000000000000001,18,142.69
2012,9,22,1,30,0,0,0,0.8,17,138.49
2012,9,22,2,30,0,0,0,1,16,130.63
2012,9,22,3,30,0,0,0,1.2000000000000002,15,120.60000000000001
2012,9,22,4,30,0,0,0,1.3,14,109.4
2012,9,22,5,30,0,0,0,1.3,13,97.62
2012,9,22,6,30,48,26,293,1.5,15,85.64
2012,9,22,7,30,248,65,657,2,19,73.77
2012,9,22,8,30,461,85,810,1.9000000000000001,23,62.36
2012,9,22,9,30,644,100,882,1.4000000000000001,26,51.92
2012,9,22,10,30,779,109,919,1.5,28,43.33
2012,9,22,11,30,853,114,937,1.7000000000000002,29,37.95
2012,9,22,12,30,861,117,935,1.8,30,37.26
2012,9,22,13,30,801,115,917,1.7000000000000002,30,41.51
2012,9,22,14,30,678,112,870,1.5,30,49.4
2012,9,22,15,30,448,158,569,1.4000000000000001,29,59.45
2012,9,22,16,30,260,96,494,1.1,27,70.67
2012,9,22,17,30,92,42,384,1.1,23,82.47
2012,9,22,18,30,0,0,0,1.3,20,94.47
2012,9,22,19,30,0,0,0,1.4000000000000001,19,106.37
2012,9,22,20,30,0,0,0,1.4000000000000001,18,117.81
2012,9,22,21,30,0,0,0,1.4000000000000001,18,128.28
2012,9,22,22,30,0,0,0,1.4000000000000001,17,136.93
2012,9,22,23,30,0,0,0,1.3,17,142.35
2012,9,23,0,30,0,0,0,1.2000000000000002,17,143.06
2012,9,23,1,30,0,0,0,1.1,17,138.8
2012,9,23,2,30,0,0,0,1.1,16,130.88
2012,9,23,3,30,0,0,0,1,15,120.81
2012,9,23,4,30,0,0,0,1,15,109.58
2012,9,23,5,30,0,0,0,1,15,97.79
2012,9,23,6,30,26,25,21,1,16,85.8
2012,9,23,7,30,9,9,0,1.5,20,73.94
2012,9,23,8,30,180,170,21,1.9000000000000001,24,62.56
2012,9,23,9,30,489,263,370,1.8,27,52.160000000000004
2012,9,23,10,30,649,280,510,1.9000000000000001,29,43.63
2012,9,23,11,30,736,316,534,2.3000000000000003,30,38.31
2012,9,23,12,30,731,331,505,2.7,31,37.660000000000004
2012,9,23,13,30,204,196,11,3,31,41.9
2012,9,23,14,30,145,143,3,3.2,30,49.76
2012,9,23,15,30,94,94,0,3.3000000000000003,29,59.79
2012,9,23,16,30,129,121,25,2.7,27,70.99
2012,9,23,17,30,76,49,216,2.4000000000000004,24,82.78
2012,9,23,18,30,0,0,0,3.2,22,94.78
2012,9,23,19,30,0,0,0,3.4000000000000004,21,106.68
2012,9,23,20,30,0,0,0,2.6,19,118.13
2012,9,23,21,30,0,0,0,1.7000000000000002,18,128.63
2012,9,23,22,30,0,0,0,1.1,18,137.31
2012,9,23,23,30,0,0,0,0.8,17,142.75
2012,9,24,0,30,0,0,0,0.6000000000000001,17,143.44
2012,9,24,1,30,0,0,0,0.4,17,139.12
2012,9,24,2,30,0,0,0,0.4,17,131.14000000000001
2012,9,24,3,30,0,0,0,0.6000000000000001,17,121.02
2012,9,24,4,30,0,0,0,0.7000000000000001,16,109.76
2012,9,24,5,30,0,0,0,0.8,16,97.95
2012,9,24,6,30,24,23,11,1.1,17,85.97
2012,9,24,7,30,159,119,146,2.1,20,74.12
2012,9,24,8,30,57,57,0,3,22,62.76
2012,9,24,9,30,214,206,14,3.4000000000000004,24,52.410000000000004
2012,9,24,10,30,602,310,405,3.7,25,43.93
2012,9,24,11,30,644,368,353,3.8000000000000003,26,38.67
2012,9,24,12,30,615,377,301,3.7,27,38.06
2012,9,24,13,30,36,36,0,3.6,26,42.29
2012,9,24,14,30,35,35,0,3.4000000000000004,25,50.120000000000005
2012,9,24,15,30,211,196,29,3,24,60.120000000000005
2012,9,24,16,30,111,109,5,2.2,22,71.3
2012,9,24,17,30,31,31,0,1.6,20,83.08
2012,9,24,18,30,0,0,0,1.5,18,95.08
2012,9,24,19,30,0,0,0,1.2000000000000002,17,106.99000000000001
2012,9,24,20,30,0,0,0,0.6000000000000001,17,118.46000000000001
2012,9,24,21,30,0,0,0,0.6000000000000001,16,128.99
2012,9,24,22,30,0,0,0,0.8,16,137.69
2012,9,24,23,30,0,0,0,0.7000000000000001,15,143.15
2012,9,25,0,30,0,0,0,0.7000000000000001,15,143.81
2012,9,25,1,30,0,0,0,0.6000000000000001,15,139.43
2012,9,25,2,30,0,0,0,0.5,14,131.39000000000001
2012,9,25,3,30,0,0,0,0.7000000000000001,13,121.22
2012,9,25,4,30,0,0,0,0.8,13,109.94
2012,9,25,5,30,0,0,0,0.9,13,98.12
2012,9,25,6,30,36,27,140,1.5,14,86.13
2012,9,25,7,30,159,105,199,2.2,16,74.3
2012,9,25,8,30,183,171,25,2.5,18,62.96
2012,9,25,9,30,605,124,793,2.9000000000000004,21,52.65
2012,9,25,10,30,740,126,857,3.4000000000000004,22,44.230000000000004
2012,9,25,11,30,817,123,893,3.9000000000000004,23,39.04
2012,9,25,12,30,825,124,895,4.3,24,38.45
2012,9,25,13,30,766,123,874,4.4,24,42.68
2012,9,25,14,30,304,274,47,4.5,23,50.480000000000004
2012,9,25,15,30,479,99,771,4.4,22,60.46
2012,9,25,16,30,276,77,631,3.8000000000000003,21,71.62
2012,9,25,17,30,76,39,322,2.6,18,83.39
2012,9,25,18,30,0,0,0,1.8,15,95.38
2012,9,25,19,30,0,0,0,1.6,14,107.3
2012,9,25,20,30,0,0,0,1.3,13,118.78
2012,9,25,21,30,0,0,0,1.1,13,129.34
2012,9,25,22,30,0,0,0,0.9,13,138.07
2012,9,25,23,30,0,0,0,0.9,13,143.55
2012,9,26,0,30,0,0,0,1,12,144.19
2012,9,26,1,30,0,0,0,1,12,139.75
2012,9,26,2,30,0,0,0,1,11,131.64000000000001
2012,9,26,3,30,0,0,0,1,11,121.43
2012,9,26,4,30,0,0,0,1,10,110.12
2012,9,26,5,30,0,0,0,1,10,98.29
2012,9,26,6,30,37,24,194,1.5,12,86.3
2012,9,26,7,30,225,70,580,2.2,15,74.48
2012,9,26,8,30,431,95,744,2.2,18,63.17
2012,9,26,9,30,610,111,826,2,20,52.9
2012,9,26,10,30,742,122,869,1.8,22,44.53
2012,9,26,11,30,813,133,879,1.7000000000000002,23,39.4
2012,9,26,12,30,819,137,875,1.8,24,38.85
2012,9,26,13,30,759,136,853,2.1,24,43.06
2012,9,26,14,30,379,303,120,2.2,24,50.85
2012,9,26,15,30,20,20,0,2.3000000000000003,23,60.79
2012,9,26,16,30,215,110,337,1.9000000000000001,22,71.93
2012,9,26,17,30,50,40,86,1.2000000000000002,19,83.69
2012,9,26,18,30,0,0,0,1.1,16,95.68
2012,9,26,19,30,0,0,0,1.2000000000000002,15,107.60000000000001
2012,9,26,20,30,0,0,0,1.2000000000000002,14,119.11
2012,9,26,21,30,0,0,0,1.1,14,129.69
2012,9,26,22,30,0,0,0,1.1,14,138.45000000000002
2012,9,26,23,30,0,0,0,1.1,13,143.95000000000002
2012,9,27,0,30,0,0,0,1.2000000000000002,13,144.56
2012,9,27,1,30,0,0,0,1.1,13,140.06
2012,9,27,2,30,0,0,0,1.1,13,131.89000000000001
2012,9,27,3,30,0,0,0,1.1,13,121.64
2012,9,27,4,30,0,0,0,1,12,110.3
2012,9,27,5,30,0,0,0,0.9,12,98.45
2012,9,27,6,30,36,22,229,0.8,13,86.47
2012,9,27,7,30,227,62,624,1.2000000000000002,16,74.66
2012,9,27,8,30,434,81,786,2.1,19,63.370000000000005
2012,9,27,9,30,614,93,869,2.6,22,53.15
2012,9,27,10,30,748,99,914,3,23,44.84
2012,9,27,11,30,823,100,939,3.3000000000000003,24,39.76
2012,9,27,12,30,831,100,944,3.6,25,39.25
2012,9,27,13,30,773,95,932,3.8000000000000003,25,43.45
2012,9,27,14,30,652,90,897,3.9000000000000004,25,51.21
2012,9,27,15,30,481,78,833,3.8000000000000003,24,61.13
2012,9,27,16,30,276,61,704,2.9000000000000004,22,72.25
2012,9,27,17,30,72,31,388,1.8,19,83.99
2012,9,27,18,30,0,0,0,1.5,16,95.98
2012,9,27,19,30,0,0,0,1.6,15,107.91
2012,9,27,20,30,0,0,0,1.7000000000000002,14,119.43
2012,9,27,21,30,0,0,0,1.6,13,130.03
2012,9,27,22,30,0,0,0,1.4000000000000001,13,138.83
2012,9,27,23,30,0,0,0,1.2000000000000002,12,144.35
2012,9,28,0,30,0,0,0,1.1,12,144.93
2012,9,28,1,30,0,0,0,1,12,140.37
2012,9,28,2,30,0,0,0,1,12,132.14000000000001
2012,9,28,3,30,0,0,0,0.9,11,121.84
2012,9,28,4,30,0,0,0,0.9,10,110.48
2012,9,28,5,30,0,0,0,1,10,98.62
2012,9,28,6,30,36,20,277,1.3,11,86.64
2012,9,28,7,30,231,54,678,1.3,15,74.84
2012,9,28,8,30,441,70,833,0.9,18,63.58
2012,9,28,9,30,622,80,908,1.5,21,53.4
2012,9,28,10,30,755,87,947,2.3000000000000003,23,45.14
2012,9,28,11,30,829,88,968,2.7,24,40.13
2012,9,28,12,30,835,88,970,3,25,39.64
2012,9,28,13,30,776,85,957,3,25,43.84
2012,9,28,14,30,657,73,938,2.9000000000000004,25,51.57
2012,9,28,15,30,484,65,878,2.7,24,61.46
2012,9,28,16,30,278,51,756,1.9000000000000001,22,72.56
2012,9,28,17,30,71,27,436,1.1,19,84.29
2012,9,28,18,30,0,0,0,1.1,17,96.28
2012,9,28,19,30,0,0,0,1.1,17,108.22
2012,9,28,20,30,0,0,0,1,17,119.75
2012,9,28,21,30,0,0,0,0.9,16,130.38
2012,9,28,22,30,0,0,0,0.7000000000000001,16,139.21
2012,9,28,23,30,0,0,0,0.4,15,144.74
2012,9,29,0,30,0,0,0,0.30000000000000004,14,145.31
2012,9,29,1,30,0,0,0,0.5,13,140.68
2012,9,29,2,30,0,0,0,0.8,12,132.39000000000001
2012,9,29,3,30,0,0,0,1,12,122.05
2012,9,29,4,30,0,0,0,1.2000000000000002,11,110.66
2012,9,29,5,30,0,0,0,1.4000000000000001,10,98.79
2012,9,29,6,30,35,19,285,2,12,86.81
2012,9,29,7,30,230,52,690,2.4000000000000004,15,75.02
2012,9,29,8,30,440,69,841,1.5,19,63.79
2012,9,29,9,30,622,80,914,0.9,22,53.65
2012,9,29,10,30,755,86,954,1.7000000000000002,24,45.45
2012,9,29,11,30,827,93,965,2.8000000000000003,25,40.49
2012,9,29,12,30,834,92,969,3.6,26,40.04
2012,9,29,13,30,774,89,956,4.2,27,44.230000000000004
2012,9,29,14,30,651,82,922,4.5,26,51.93
2012,9,29,15,30,477,73,853,4.5,25,61.79
2012,9,29,16,30,269,58,715,3.6,23,72.87
2012,9,29,17,30,64,29,371,2.4000000000000004,20,84.60000000000001
2012,9,29,18,30,0,0,0,2,17,96.58
2012,9,29,19,30,0,0,0,1.9000000000000001,16,108.52
2012,9,29,20,30,0,0,0,1.7000000000000002,15,120.07000000000001
2012,9,29,21,30,0,0,0,1.5,14,130.73
2012,9,29,22,30,0,0,0,1.5,13,139.59
2012,9,29,23,30,0,0,0,1.5,13,145.14000000000001
2012,9,30,0,30,0,0,0,1.5,12,145.68
2012,9,30,1,30,0,0,0,1.5,12,140.99
2012,9,30,2,30,0,0,0,1.4000000000000001,11,132.63
2012,9,30,3,30,0,0,0,1.3,11,122.25
2012,9,30,4,30,0,0,0,1.2000000000000002,10,110.83
2012,9,30,5,30,0,0,0,1.1,10,98.96000000000001
2012,9,30,6,30,31,19,220,1.3,12,86.97
2012,9,30,7,30,220,57,638,1.8,15,75.21000000000001
2012,9,30,8,30,429,76,804,2.8000000000000003,19,64
2012,9,30,9,30,612,85,895,4,23,53.9
2012,9,30,10,30,748,88,947,4.800000000000001,25,45.76
2012,9,30,11,30,824,86,976,5.4,26,40.86
2012,9,30,12,30,832,84,983,5.800000000000001,27,40.44
2012,9,30,13,30,772,80,971,6.1000000000000005,27,44.62
2012,9,30,14,30,650,70,947,6.4,26,52.29
2012,9,30,15,30,476,63,882,6.300000000000001,25,62.120000000000005
2012,9,30,16,30,268,50,755,5.5,24,73.19
2012,9,30,17,30,62,25,426,4.2,21,84.9
2012,9,30,18,30,0,0,0,3.3000000000000003,18,96.88
2012,9,30,19,30,0,0,0,2.6,17,108.82000000000001
2012,9,30,20,30,0,0,0,1.9000000000000001,15,120.39
2012,9,30,21,30,0,0,0,1.6,14,131.07
2012,9,30,22,30,0,0,0,1.4000000000000001,13,139.96
2012,9,30,23,30,0,0,0,1.3,13,145.54
2012,10,1,0,30,0,0,0,1.3,12,146.05
2012,10,1,1,30,0,0,0,1.2000000000000002,12,141.3
2012,10,1,2,30,0,0,0,1.2000000000000002,11,132.88
2012,10,1,3,30,0,0,0,1.2000000000000002,11,122.45
2012,10,1,4,30,0,0,0,1.1,11,111.01
2012,10,1,5,30,0,0,0,1,11,99.12
2012,10,1,6,30,32,17,303,1.1,12,87.15
2012,10,1,7,30,226,47,712,1.1,16,75.39
2012,10,1,8,30,435,63,855,0.7000000000000001,20,64.21000000000001
2012,10,1,9,30,615,73,925,0.5,23,54.15
2012,10,1,10,30,747,80,961,1,25,46.07
2012,10,1,11,30,817,86,972,1.9000000000000001,26,41.230000000000004
2012,10,1,12,30,823,86,974,2.7,27,40.83
2012,10,1,13,30,762,83,961,3.2,27,45
2012,10,1,14,30,640,76,929,3.6,27,52.65
2012,10,1,15,30,467,66,867,3.8000000000000003,26,62.45
2012,10,1,16,30,261,51,741,2.9000000000000004,24,73.5
2012,10,1,17,30,58,24,410,1.8,20,85.2
2012,10,1,18,30,0,0,0,1.7000000000000002,17,97.17
2012,10,1,19,30,0,0,0,1.7000000000000002,16,109.12
2012,10,1,20,30,0,0,0,1.6,15,120.71000000000001
2012,10,1,21,30,0,0,0,1.5,14,131.41
2012,10,1,22,30,0,0,0,1.3,14,140.34
2012,10,1,23,30,0,0,0,1.2000000000000002,13,145.93
2012,10,2,0,30,0,0,0,1.1,13,146.42000000000002
2012,10,2,1,30,0,0,0,1,13,141.6
2012,10,2,2,30,0,0,0,0.8,13,133.12
2012,10,2,3,30,0,0,0,0.5,13,122.65
2012,10,2,4,30,0,0,0,0.30000000000000004,13,111.19
2012,10,2,5,30,0,0,0,0.2,13,99.29
2012,10,2,6,30,30,16,302,0.4,14,87.32000000000001
2012,10,2,7,30,225,45,720,0.8,17,75.58
2012,10,2,8,30,435,58,873,1.9000000000000001,20,64.43
2012,10,2,9,30,617,67,944,3.2,23,54.410000000000004
2012,10,2,10,30,750,72,982,4.1000000000000005,25,46.38
2012,10,2,11,30,819,86,979,4.800000000000001,26,41.59
2012,10,2,12,30,826,88,981,5.2,27,41.22
2012,10,2,13,30,764,85,966,5.4,28,45.39
2012,10,2,14,30,645,71,953,5.300000000000001,28,53.01
2012,10,2,15,30,470,63,890,4.9,27,62.79
2012,10,2,16,30,261,49,760,3.5,25,73.81
2012,10,2,17,30,55,23,409,2,20,85.49
2012,10,2,18,30,0,0,0,1.7000000000000002,17,97.47
2012,10,2,19,30,0,0,0,1.6,17,109.42
2012,10,2,20,30,0,0,0,1.5,16,121.02
2012,10,2,21,30,0,0,0,1.2000000000000002,16,131.75
2012,10,2,22,30,0,0,0,1.1,16,140.71
2012,10,2,23,30,0,0,0,1,15,146.33
2012,10,3,0,30,0,0,0,0.7000000000000001,15,146.79
2012,10,3,1,30,0,0,0,0.5,14,141.91
2012,10,3,2,30,0,0,0,0.4,14,133.37
2012,10,3,3,30,0,0,0,0.5,13,122.85000000000001
2012,10,3,4,30,0,0,0,0.7000000000000001,12,111.37
2012,10,3,5,30,0,0,0,0.8,11,99.46000000000001
2012,10,3,6,30,26,16,230,0.9,12,87.49
2012,10,3,7,30,217,52,673,1.2000000000000002,16,75.76
2012,10,3,8,30,427,69,837,1.9000000000000001,20,64.64
2012,10,3,9,30,607,80,911,2.8000000000000003,23,54.67
2012,10,3,10,30,738,88,947,3.9000000000000004,26,46.69
2012,10,3,11,30,810,89,969,4.6000000000000005,27,41.96
2012,10,3,12,30,815,91,968,5,28,41.62
2012,10,3,13,30,752,90,950,5.300000000000001,29,45.77
2012,10,3,14,30,631,80,923,5.4,29,53.36
2012,10,3,15,30,456,71,852,5.1000000000000005,28,63.11
2012,10,3,16,30,248,55,707,3.5,25,74.11
2012,10,3,17,30,48,24,327,1.9000000000000001,21,85.79
2012,10,3,18,30,0,0,0,1.6,18,97.76
2012,10,3,19,30,0,0,0,1.7000000000000002,17,109.72
2012,10,3,20,30,0,0,0,1.8,16,121.33
2012,10,3,21,30,0,0,0,1.8,15,132.09
2012,10,3,22,30,0,0,0,1.6,15,141.08
2012,10,3,23,30,0,0,0,1.3,15,146.72
2012,10,4,0,30,0,0,0,1.1,14,147.16
2012,10,4,1,30,0,0,0,1.3,13,142.21
2012,10,4,2,30,0,0,0,1.5,12,133.61
2012,10,4,3,30,0,0,0,1.5,11,123.05
2012,10,4,4,30,0,0,0,1.4000000000000001,11,111.55
2012,10,4,5,30,0,0,0,1.2000000000000002,10,99.63
2012,10,4,6,30,15,15,0,1.4000000000000001,12,87.66
2012,10,4,7,30,146,96,204,1.8,15,75.95
2012,10,4,8,30,348,137,497,2.9000000000000004,19,64.86
2012,10,4,9,30,566,110,793,4.3,23,54.93
2012,10,4,10,30,727,99,921,4.9,25,47.01
2012,10,4,11,30,712,257,616,5.2,26,42.32
2012,10,4,12,30,802,104,940,5.5,27,42.01
2012,10,4,13,30,741,99,925,5.6000000000000005,27,46.160000000000004
2012,10,4,14,30,620,86,902,5.6000000000000005,27,53.72
2012,10,4,15,30,445,76,825,5.300000000000001,26,63.440000000000005
2012,10,4,16,30,239,59,668,3.8000000000000003,24,74.42
2012,10,4,17,30,42,24,270,2.2,21,86.08
2012,10,4,18,30,0,0,0,2,18,98.05
2012,10,4,19,30,0,0,0,2.5,18,110.01
2012,10,4,20,30,0,0,0,2.6,17,121.64
2012,10,4,21,30,0,0,0,2.3000000000000003,15,132.42000000000002
2012,10,4,22,30,0,0,0,2.2,14,141.45000000000002
2012,10,4,23,30,0,0,0,2.3000000000000003,13,147.11
2012,10,5,0,30,0,0,0,2.1,12,147.52
2012,10,5,1,30,0,0,0,1.9000000000000001,11,142.51
2012,10,5,2,30,0,0,0,1.7000000000000002,11,133.85
2012,10,5,3,30,0,0,0,1.6,10,123.25
2012,10,5,4,30,0,0,0,1.4000000000000001,9,111.72
2012,10,5,5,30,0,0,0,1.2000000000000002,9,99.8
2012,10,5,6,30,22,16,177,1.2000000000000002,10,87.84
2012,10,5,7,30,211,55,653,2,14,76.14
2012,10,5,8,30,422,73,826,3.1,17,65.08
2012,10,5,9,30,603,85,908,4,20,55.19
2012,10,5,10,30,736,91,950,4.6000000000000005,22,47.32
2012,10,5,11,30,806,95,967,5,23,42.69
2012,10,5,12,30,809,95,967,5.1000000000000005,24,42.4
2012,10,5,13,30,745,93,948,5.2,25,46.54
2012,10,5,14,30,621,83,918,5.1000000000000005,24,54.07
2012,10,5,15,30,445,73,843,4.7,23,63.77
2012,10,5,16,30,139,105,129,3.4000000000000004,21,74.73
2012,10,5,17,30,28,22,91,1.9000000000000001,18,86.37
2012,10,5,18,30,0,0,0,1.4000000000000001,15,98.34
2012,10,5,19,30,0,0,0,1.2000000000000002,15,110.31
2012,10,5,20,30,0,0,0,1.1,15,121.95
2012,10,5,21,30,0,0,0,1.1,15,132.75
2012,10,5,22,30,0,0,0,1.2000000000000002,14,141.82
2012,10,5,23,30,0,0,0,1.3,13,147.5
2012,10,6,0,30,0,0,0,1.4000000000000001,12,147.89000000000001
2012,10,6,1,30,0,0,0,1.3,12,142.81
2012,10,6,2,30,0,0,0,1.3,12,134.09
2012,10,6,3,30,0,0,0,1.2000000000000002,11,123.45
2012,10,6,4,30,0,0,0,1.2000000000000002,11,111.9
2012,10,6,5,30,0,0,0,1.2000000000000002,10,99.97
2012,10,6,6,30,13,13,0,1.7000000000000002,11,88.01
2012,10,6,7,30,128,91,157,2.9000000000000004,14,76.33
2012,10,6,8,30,200,174,61,4.1000000000000005,17,65.3
2012,10,6,9,30,596,87,897,4.800000000000001,19,55.45
2012,10,6,10,30,730,94,942,5.1000000000000005,20,47.64
2012,10,6,11,30,802,97,965,5.300000000000001,21,43.050000000000004
2012,10,6,12,30,807,97,967,5.2,21,42.79
2012,10,6,13,30,744,92,955,5.2,21,46.92
2012,10,6,14,30,621,81,929,5.300000000000001,21,54.42
2012,10,6,15,30,445,70,858,5.300000000000001,20,64.09
2012,10,6,16,30,165,94,278,4.2,18,75.03
2012,10,6,17,30,38,20,312,2.6,15,86.67
2012,10,6,18,30,0,0,0,1.9000000000000001,12,98.62
2012,10,6,19,30,0,0,0,1.7000000000000002,11,110.60000000000001
2012,10,6,20,30,0,0,0,1.5,10,122.25
2012,10,6,21,30,0,0,0,1.2000000000000002,10,133.08
2012,10,6,22,30,0,0,0,1,10,142.18
2012,10,6,23,30,0,0,0,0.7000000000000001,9,147.89000000000001
2012,10,7,0,30,0,0,0,0.5,9,148.25
2012,10,7,1,30,0,0,0,0.5,9,143.11
2012,10,7,2,30,0,0,0,0.5,8,134.33
2012,10,7,3,30,0,0,0,0.6000000000000001,8,123.65
2012,10,7,4,30,0,0,0,0.7000000000000001,7,112.08
2012,10,7,5,30,0,0,0,0.8,6,100.14
2012,10,7,6,30,21,13,250,0.7000000000000001,7,88.18
2012,10,7,7,30,218,46,737,0.9,10,76.52
2012,10,7,8,30,434,62,899,2,13,65.52
2012,10,7,9,30,622,70,979,3.3000000000000003,16,55.71
2012,10,7,10,30,759,73,1024,4.3,17,47.95
2012,10,7,11,30,834,74,1046,4.800000000000001,18,43.42
2012,10,7,12,30,839,73,1049,5,19,43.18
2012,10,7,13,30,774,71,1036,5,20,47.300000000000004
2012,10,7,14,30,646,64,1010,4.800000000000001,20,54.78
2012,10,7,15,30,465,57,946,4.4,19,64.42
2012,10,7,16,30,250,44,812,3,17,75.33
2012,10,7,17,30,39,18,406,1.7000000000000002,13,86.95
2012,10,7,18,30,0,0,0,1.4000000000000001,10,98.91
2012,10,7,19,30,0,0,0,1.4000000000000001,9,110.88
2012,10,7,20,30,0,0,0,1.3,8,122.55
2012,10,7,21,30,0,0,0,1.2000000000000002,8,133.41
2012,10,7,22,30,0,0,0,1.1,8,142.55
2012,10,7,23,30,0,0,0,0.8,8,148.28
2012,10,8,0,30,0,0,0,0.5,8,148.62
2012,10,8,1,30,0,0,0,0.2,9,143.41
2012,10,8,2,30,0,0,0,0.30000000000000004,8,134.56
2012,10,8,3,30,0,0,0,0.7000000000000001,8,123.85000000000001
2012,10,8,4,30,0,0,0,0.9,8,112.25
2012,10,8,5,30,0,0,0,0.8,8,100.31
2012,10,8,6,30,6,6,0,0.7000000000000001,8,88.36
2012,10,8,7,30,66,66,0,0.8,11,76.72
2012,10,8,8,30,308,155,374,1.1,14,65.74
2012,10,8,9,30,457,224,416,1.6,17,55.97
2012,10,8,10,30,636,203,650,2.4000000000000004,19,48.27
2012,10,8,11,30,778,108,927,3,21,43.78
2012,10,8,12,30,781,108,929,3.5,22,43.56
2012,10,8,13,30,594,254,504,3.8000000000000003,23,47.67
2012,10,8,14,30,490,201,505,3.8000000000000003,22,55.120000000000005
2012,10,8,15,30,325,161,385,3.2,21,64.74
2012,10,8,16,30,219,54,667,2,19,75.63
2012,10,8,17,30,18,18,0,1.1,16,87.24
2012,10,8,18,30,0,0,0,1.1,15,99.19
2012,10,8,19,30,0,0,0,1,15,111.17
2012,10,8,20,30,0,0,0,0.9,14,122.85000000000001
2012,10,8,21,30,0,0,0,0.8,13,133.74
2012,10,8,22,30,0,0,0,0.7000000000000001,12,142.91
2012,10,8,23,30,0,0,0,0.5,12,148.66
2012,10,9,0,30,0,0,0,0.4,11,148.98
2012,10,9,1,30,0,0,0,0.5,11,143.70000000000002
2012,10,9,2,30,0,0,0,0.6000000000000001,10,134.8
2012,10,9,3,30,0,0,0,0.7000000000000001,9,124.05
2012,10,9,4,30,0,0,0,0.7000000000000001,9,112.43
2012,10,9,5,30,0,0,0,0.6000000000000001,8,100.48
2012,10,9,6,30,10,10,0,0.6000000000000001,9,88.54
2012,10,9,7,30,122,87,157,0.9,12,76.91
2012,10,9,8,30,340,121,537,2,16,65.96000000000001
2012,10,9,9,30,575,81,888,3.2,19,56.24
2012,10,9,10,30,705,88,932,3.6,21,48.58
2012,10,9,11,30,775,89,956,3.7,22,44.15
2012,10,9,12,30,778,90,956,3.8000000000000003,23,43.95
2012,10,9,13,30,715,89,936,3.8000000000000003,23,48.050000000000004
2012,10,9,14,30,593,78,909,3.7,23,55.47
2012,10,9,15,30,419,68,833,3.3000000000000003,22,65.06
2012,10,9,16,30,215,51,677,2.1,20,75.93
2012,10,9,17,30,27,17,241,1.1,18,87.52
2012,10,9,18,30,0,0,0,1,17,99.47
2012,10,9,19,30,0,0,0,0.8,17,111.45
2012,10,9,20,30,0,0,0,0.7000000000000001,16,123.14
2012,10,9,21,30,0,0,0,0.8,15,134.06
2012,10,9,22,30,0,0,0,1,13,143.26
2012,10,9,23,30,0,0,0,1.1,12,149.05
2012,10,10,0,30,0,0,0,1.2000000000000002,10,149.34
2012,10,10,1,30,0,0,0,1.3,10,144
2012,10,10,2,30,0,0,0,1.3,9,135.03
2012,10,10,3,30,0,0,0,1.3,9,124.24000000000001
2012,10,10,4,30,0,0,0,1.3,9,112.61
2012,10,10,5,30,0,0,0,1.4000000000000001,9,100.65
2012,10,10,6,30,13,11,92,1.8,10,88.71000000000001
2012,10,10,7,30,182,61,544,2.5,13,77.11
2012,10,10,8,30,387,78,765,2.5,17,66.19
2012,10,10,9,30,562,91,853,2.5,21,56.5
2012,10,10,10,30,691,98,901,2.8000000000000003,24,48.9
2012,10,10,11,30,765,93,941,3,25,44.51
2012,10,10,12,30,770,94,944,3.1,26,44.33
2012,10,10,13,30,708,90,930,3.2,26,48.42
2012,10,10,14,30,590,75,915,3.2,26,55.82
2012,10,10,15,30,417,65,843,2.9000000000000004,25,65.37
2012,10,10,16,30,212,48,688,1.9000000000000001,22,76.22
2012,10,10,17,30,24,15,248,1.2000000000000002,18,87.8
2012,10,10,18,30,0,0,0,1.3,17,99.74000000000001
2012,10,10,19,30,0,0,0,1.2000000000000002,17,111.73
2012,10,10,20,30,0,0,0,0.9,16,123.44
2012,10,10,21,30,0,0,0,0.7000000000000001,16,134.37
2012,10,10,22,30,0,0,0,0.8,15,143.62
2012,10,10,23,30,0,0,0,1,13,149.43
2012,10,11,0,30,0,0,0,1,12,149.70000000000002
2012,10,11,1,30,0,0,0,1,11,144.29
2012,10,11,2,30,0,0,0,1.1,11,135.27
2012,10,11,3,30,0,0,0,1.1,10,124.44
2012,10,11,4,30,0,0,0,1.2000000000000002,10,112.78
2012,10,11,5,30,0,0,0,1.3,10,100.82000000000001
2012,10,11,6,30,13,10,127,1.2000000000000002,11,88.89
2012,10,11,7,30,188,49,629,1.5,15,77.3
2012,10,11,8,30,393,67,814,2,19,66.41
2012,10,11,9,30,570,77,898,2.2,22,56.77
2012,10,11,10,30,698,83,941,2.1,24,49.21
2012,10,11,11,30,766,84,961,1.6,25,44.87
2012,10,11,12,30,643,256,544,1.9000000000000001,26,44.71
2012,10,11,13,30,699,83,934,3.3000000000000003,26,48.79
2012,10,11,14,30,444,231,382,4.6000000000000005,26,56.160000000000004
2012,10,11,15,30,310,160,364,5.5,25,65.69
2012,10,11,16,30,7,7,0,5.4,23,76.52
2012,10,11,17,30,0,0,0,4.6000000000000005,21,88.08
2012,10,11,18,30,0,0,0,3.8000000000000003,19,100.01
2012,10,11,19,30,0,0,0,3.4000000000000004,18,112
2012,10,11,20,30,0,0,0,3,17,123.73
2012,10,11,21,30,0,0,0,3,17,134.69
2012,10,11,22,30,0,0,0,3.1,16,143.97
2012,10,11,23,30,0,0,0,3.1,15,149.81
2012,10,12,0,30,0,0,0,3,14,150.05
2012,10,12,1,30,0,0,0,3,13,144.58
2012,10,12,2,30,0,0,0,3.3000000000000003,13,135.5
2012,10,12,3,30,0,0,0,4.1000000000000005,12,124.63000000000001
2012,10,12,4,30,0,0,0,5.1000000000000005,12,112.96000000000001
2012,10,12,5,30,0,0,0,5.5,12,101
2012,10,12,6,30,0,0,0,5.4,12,89.07000000000001
2012,10,12,7,30,13,13,0,5.5,14,77.5
2012,10,12,8,30,118,118,0,5.7,15,66.64
2012,10,12,9,30,550,92,843,5.9,16,57.04
2012,10,12,10,30,624,188,671,6.4,17,49.53
2012,10,12,11,30,450,354,136,6.9,18,45.230000000000004
2012,10,12,12,30,652,247,573,6.800000000000001,18,45.09
2012,10,12,13,30,447,323,190,6.5,17,49.160000000000004
2012,10,12,14,30,449,220,414,6.2,17,56.5
2012,10,12,15,30,407,60,853,5.7,16,66
2012,10,12,16,30,161,70,397,4.4,14,76.81
2012,10,12,17,30,19,13,205,2.7,11,88.36
2012,10,12,18,30,0,0,0,1.9000000000000001,9,100.28
2012,10,12,19,30,0,0,0,1.7000000000000002,8,112.28
2012,10,12,20,30,0,0,0,1.4000000000000001,7,124.01
2012,10,12,21,30,0,0,0,1.2000000000000002,7,135
2012,10,12,22,30,0,0,0,1.2000000000000002,6,144.32
2012,10,12,23,30,0,0,0,1.2000000000000002,5,150.19
2012,10,13,0,30,0,0,0,1.1,5,150.41
2012,10,13,1,30,0,0,0,1,4,144.87
2012,10,13,2,30,0,0,0,1,4,135.73
2012,10,13,3,30,0,0,0,1.1,4,124.83
2012,10,13,4,30,0,0,0,1.2000000000000002,4,113.14
2012,10,13,5,30,0,0,0,1.4000000000000001,4,101.17
2012,10,13,6,30,0,0,0,2.3000000000000003,5,89.25
2012,10,13,7,30,39,39,0,3.4000000000000004,7,77.7
2012,10,13,8,30,379,78,766,4,9,66.86
2012,10,13,9,30,555,88,864,4.3,12,57.300000000000004
2012,10,13,10,30,682,94,912,4.6000000000000005,13,49.85
2012,10,13,11,30,749,96,932,4.800000000000001,15,45.59
2012,10,13,12,30,751,94,937,5.1000000000000005,16,45.47
2012,10,13,13,30,689,88,924,5.300000000000001,17,49.52
2012,10,13,14,30,566,79,890,5.4,18,56.84
2012,10,13,15,30,393,68,809,5.4,17,66.31
2012,10,13,16,30,192,50,634,4.3,15,77.10000000000001
2012,10,13,17,30,15,12,149,2.6,12,88.63
2012,10,13,18,30,0,0,0,1.8,10,100.55
2012,10,13,19,30,0,0,0,1.6,10,112.54
2012,10,13,20,30,0,0,0,1.4000000000000001,9,124.29
2012,10,13,21,30,0,0,0,1.3,8,135.31
2012,10,13,22,30,0,0,0,1.3,8,144.66
2012,10,13,23,30,0,0,0,1.2000000000000002,7,150.56
2012,10,14,0,30,0,0,0,1.2000000000000002,7,150.76
2012,10,14,1,30,0,0,0,1.1,6,145.16
2012,10,14,2,30,0,0,0,1.1,6,135.96
2012,10,14,3,30,0,0,0,1.1,6,125.02
2012,10,14,4,30,0,0,0,1,6,113.31
2012,10,14,5,30,0,0,0,0.9,5,101.34
2012,10,14,6,30,0,0,0,0.8,6,89.43
2012,10,14,7,30,180,46,641,1.3,9,77.89
2012,10,14,8,30,384,61,830,2.1,13,67.09
2012,10,14,9,30,560,71,912,2.7,16,57.57
2012,10,14,10,30,689,77,954,2.9000000000000004,18,50.160000000000004
2012,10,14,11,30,759,75,984,3,20,45.95
2012,10,14,12,30,761,74,985,3.2,21,45.85
2012,10,14,13,30,697,72,969,3.3000000000000003,21,49.89
2012,10,14,14,30,573,63,940,3.3000000000000003,21,57.17
2012,10,14,15,30,399,55,867,3,20,66.62
2012,10,14,16,30,195,41,707,2,18,77.38
2012,10,14,17,30,14,10,217,1.2000000000000002,14,88.9
2012,10,14,18,30,0,0,0,1.2000000000000002,13,100.81
2012,10,14,19,30,0,0,0,1.2000000000000002,12,112.81
2012,10,14,20,30,0,0,0,1.2000000000000002,11,124.57000000000001
2012,10,14,21,30,0,0,0,1.1,11,135.61
2012,10,14,22,30,0,0,0,0.9,11,145
2012,10,14,23,30,0,0,0,0.6000000000000001,11,150.94
2012,10,15,0,30,0,0,0,0.5,11,151.11
2012,10,15,1,30,0,0,0,0.8,10,145.44
2012,10,15,2,30,0,0,0,1,8,136.18
2012,10,15,3,30,0,0,0,1.1,8,125.21000000000001
2012,10,15,4,30,0,0,0,1,7,113.49000000000001
2012,10,15,5,30,0,0,0,0.9,7,101.51
2012,10,15,6,30,0,0,0,0.8,8,89.61
2012,10,15,7,30,184,40,695,1,11,78.09
2012,10,15,8,30,389,55,866,1.1,15,67.32000000000001
2012,10,15,9,30,566,64,943,1.4000000000000001,18,57.84
2012,10,15,10,30,694,69,982,2.1,20,50.480000000000004
2012,10,15,11,30,760,79,985,2.6,21,46.300000000000004
2012,10,15,12,30,761,79,985,3,22,46.22
2012,10,15,13,30,695,76,968,3.4000000000000004,23,50.25
2012,10,15,14,30,571,66,941,3.6,22,57.51
2012,10,15,15,30,396,57,866,3.3000000000000003,21,66.92
2012,10,15,16,30,191,41,701,2.2,19,77.66
2012,10,15,17,30,0,0,0,1.3,15,89.17
2012,10,15,18,30,0,0,0,1.4000000000000001,13,101.07000000000001
2012,10,15,19,30,0,0,0,1.4000000000000001,13,113.07000000000001
2012,10,15,20,30,0,0,0,1.3,13,124.84
2012,10,15,21,30,0,0,0,1.3,12,135.91
2012,10,15,22,30,0,0,0,1.2000000000000002,11,145.34
2012,10,15,23,30,0,0,0,1.2000000000000002,10,151.31
2012,10,16,0,30,0,0,0,1.1,9,151.46
2012,10,16,1,30,0,0,0,1,9,145.72
2012,10,16,2,30,0,0,0,0.9,9,136.41
2012,10,16,3,30,0,0,0,0.8,9,125.4
2012,10,16,4,30,0,0,0,0.7000000000000001,8,113.67
2012,10,16,5,30,0,0,0,0.6000000000000001,8,101.69
2012,10,16,6,30,0,0,0,0.7000000000000001,8,89.79
2012,10,16,7,30,176,44,653,1.4000000000000001,11,78.3
2012,10,16,8,30,380,60,839,2.6,14,67.55
2012,10,16,9,30,557,70,920,3.4000000000000004,17,58.11
2012,10,16,10,30,685,76,964,3.7,20,50.79
2012,10,16,11,30,754,77,986,4.2,21,46.660000000000004
2012,10,16,12,30,753,78,981,4.7,22,46.59
2012,10,16,13,30,684,77,955,4.9,23,50.6
2012,10,16,14,30,559,66,926,4.9,23,57.84
2012,10,16,15,30,386,57,849,4.4,22,67.23
2012,10,16,16,30,184,41,682,2.9000000000000004,19,77.94
2012,10,16,17,30,0,0,0,1.7000000000000002,15,89.43
2012,10,16,18,30,0,0,0,1.7000000000000002,14,101.33
2012,10,16,19,30,0,0,0,1.9000000000000001,13,113.33
2012,10,16,20,30,0,0,0,2.3000000000000003,13,125.11
2012,10,16,21,30,0,0,0,3.1,13,136.2
2012,10,16,22,30,0,0,0,4.2,13,145.67000000000002
2012,10,16,23,30,0,0,0,4.5,13,151.67000000000002
2012,10,17,0,30,0,0,0,4,12,151.81
2012,10,17,1,30,0,0,0,3.7,11,146
2012,10,17,2,30,0,0,0,3.8000000000000003,10,136.63
2012,10,17,3,30,0,0,0,4.1000000000000005,9,125.60000000000001
2012,10,17,4,30,0,0,0,3.8000000000000003,8,113.84
2012,10,17,5,30,0,0,0,3.1,7,101.86
2012,10,17,6,30,0,0,0,3.1,7,89.98
2012,10,17,7,30,186,39,739,4.3,10,78.5
2012,10,17,8,30,398,51,916,5.5,13,67.78
2012,10,17,9,30,578,58,992,6,14,58.38
2012,10,17,10,30,709,63,1029,6.300000000000001,16,51.11
2012,10,17,11,30,778,73,1033,6.5,17,47.01
2012,10,17,12,30,778,73,1032,6.4,18,46.96
2012,10,17,13,30,709,71,1012,6.4,19,50.96
2012,10,17,14,30,579,62,979,6.4,18,58.160000000000004
2012,10,17,15,30,398,54,899,6.1000000000000005,17,67.52
2012,10,17,16,30,188,39,726,4.800000000000001,15,78.22
2012,10,17,17,30,0,0,0,3.2,11,89.69
2012,10,17,18,30,0,0,0,2.5,9,101.58
2012,10,17,19,30,0,0,0,2.1,8,113.58
2012,10,17,20,30,0,0,0,1.9000000000000001,7,125.38000000000001
2012,10,17,21,30,0,0,0,2,6,136.49
2012,10,17,22,30,0,0,0,2.2,6,146
2012,10,17,23,30,0,0,0,2.3000000000000003,5,152.04
2012,10,18,0,30,0,0,0,2.3000000000000003,4,152.15
2012,10,18,1,30,0,0,0,2.4000000000000004,4,146.28
2012,10,18,2,30,0,0,0,2.6,3,136.86
2012,10,18,3,30,0,0,0,2.8000000000000003,3,125.79
2012,10,18,4,30,0,0,0,2.7,3,114.02
2012,10,18,5,30,0,0,0,2.5,2,102.04
2012,10,18,6,30,0,0,0,2.8000000000000003,3,90.16
2012,10,18,7,30,176,36,714,3.4000000000000004,6,78.7
2012,10,18,8,30,381,49,886,4,10,68.01
2012,10,18,9,30,557,57,960,4.9,14,58.65
2012,10,18,10,30,684,62,997,5.7,17,51.42
2012,10,18,11,30,751,64,1014,6.1000000000000005,18,47.36
2012,10,18,12,30,751,64,1013,6.300000000000001,19,47.32
2012,10,18,13,30,685,63,996,6.300000000000001,20,51.31
2012,10,18,14,30,559,58,958,6.2,21,58.49
2012,10,18,15,30,384,50,885,5.9,20,67.82000000000001
2012,10,18,16,30,180,36,719,4.6000000000000005,17,78.49
2012,10,18,17,30,0,0,0,3.2,13,89.95
2012,10,18,18,30,0,0,0,2.5,11,101.83
2012,10,18,19,30,0,0,0,2,9,113.83
2012,10,18,20,30,0,0,0,1.8,8,125.64
2012,10,18,21,30,0,0,0,1.8,8,136.78
2012,10,18,22,30,0,0,0,1.7000000000000002,7,146.33
2012,10,18,23,30,0,0,0,1.7000000000000002,6,152.4
2012,10,19,0,30,0,0,0,1.6,6,152.5
2012,10,19,1,30,0,0,0,1.5,6,146.56
2012,10,19,2,30,0,0,0,1.3,6,137.08
2012,10,19,3,30,0,0,0,1.2000000000000002,6,125.98
2012,10,19,4,30,0,0,0,1.2000000000000002,6,114.19
2012,10,19,5,30,0,0,0,1.2000000000000002,6,102.21000000000001
2012,10,19,6,30,0,0,0,1.2000000000000002,6,90.34
2012,10,19,7,30,174,37,715,1.7000000000000002,9,78.9
2012,10,19,8,30,381,50,893,2.6,13,68.25
2012,10,19,9,30,559,58,969,3.6,16,58.92
2012,10,19,10,30,687,64,1006,4.3,19,51.74
2012,10,19,11,30,754,74,1010,4.6000000000000005,21,47.71
2012,10,19,12,30,755,74,1012,4.5,22,47.69
2012,10,19,13,30,689,71,996,4.4,22,51.660000000000004
2012,10,19,14,30,563,62,966,4.2,22,58.81
2012,10,19,15,30,385,53,888,3.6,21,68.11
2012,10,19,16,30,178,38,713,2.2,18,78.76
2012,10,19,17,30,0,0,0,1.4000000000000001,14,90.2
2012,10,19,18,30,0,0,0,1.3,13,102.08
2012,10,19,19,30,0,0,0,1.2000000000000002,13,114.08
2012,10,19,20,30,0,0,0,0.9,13,125.89
2012,10,19,21,30,0,0,0,0.6000000000000001,12,137.06
2012,10,19,22,30,0,0,0,0.2,12,146.65
2012,10,19,23,30,0,0,0,0.2,11,152.76
2012,10,20,0,30,0,0,0,0.6000000000000001,10,152.84
2012,10,20,1,30,0,0,0,0.8,9,146.84
2012,10,20,2,30,0,0,0,1,9,137.3
2012,10,20,3,30,0,0,0,1.1,8,126.17
2012,10,20,4,30,0,0,0,1.1,7,114.37
2012,10,20,5,30,0,0,0,1.2000000000000002,7,102.39
2012,10,20,6,30,0,0,0,1.1,7,90.53
2012,10,20,7,30,169,39,689,1.7000000000000002,11,79.11
2012,10,20,8,30,375,54,872,2.2,15,68.48
2012,10,20,9,30,551,64,950,2,19,59.19
2012,10,20,10,30,678,71,987,2.2,22,52.050000000000004
2012,10,20,11,30,742,79,991,2.5,23,48.06
2012,10,20,12,30,741,81,987,2.8000000000000003,24,48.050000000000004
2012,10,20,13,30,672,79,963,3.1,25,52
2012,10,20,14,30,545,69,928,3.3000000000000003,25,59.13
2012,10,20,15,30,368,59,838,2.9000000000000004,24,68.4
2012,10,20,16,30,164,42,641,1.9000000000000001,20,79.03
2012,10,20,17,30,0,0,0,1.4000000000000001,16,90.45
2012,10,20,18,30,0,0,0,1.5,14,102.32000000000001
2012,10,20,19,30,0,0,0,1.5,13,114.32000000000001
2012,10,20,20,30,0,0,0,1.6,12,126.15
2012,10,20,21,30,0,0,0,1.9000000000000001,11,137.34
2012,10,20,22,30,0,0,0,1.9000000000000001,10,146.97
2012,10,20,23,30,0,0,0,1.8,9,153.12
2012,10,21,0,30,0,0,0,1.6,9,153.17000000000002
2012,10,21,1,30,0,0,0,1.5,8,147.11
2012,10,21,2,30,0,0,0,1.2000000000000002,8,137.52
2012,10,21,3,30,0,0,0,1.1,8,126.36
2012,10,21,4,30,0,0,0,1,7,114.55
2012,10,21,5,30,0,0,0,1,7,102.56
2012,10,21,6,30,0,0,0,1.1,8,90.71000000000001
2012,10,21,7,30,149,52,519,1.8,11,79.31
2012,10,21,8,30,350,70,770,2.8000000000000003,15,68.71000000000001
2012,10,21,9,30,522,83,864,3.4000000000000004,18,59.46
2012,10,21,10,30,648,91,912,3.6,20,52.36
2012,10,21,11,30,716,87,947,3.7,21,48.410000000000004
2012,10,21,12,30,714,87,944,3.7,22,48.4
2012,10,21,13,30,647,84,921,3.7,22,52.35
2012,10,21,14,30,524,71,890,3.4000000000000004,22,59.44
2012,10,21,15,30,352,60,801,2.9000000000000004,21,68.69
2012,10,21,16,30,154,42,605,1.8,19,79.29
2012,10,21,17,30,0,0,0,1,16,90.7
2012,10,21,18,30,0,0,0,1,15,102.56
2012,10,21,19,30,0,0,0,1.2000000000000002,14,114.56
2012,10,21,20,30,0,0,0,1.4000000000000001,13,126.39
2012,10,21,21,30,0,0,0,1.6,12,137.61
2012,10,21,22,30,0,0,0,1.8,11,147.28
2012,10,21,23,30,0,0,0,1.8,10,153.47
2012,10,22,0,30,0,0,0,1.5,9,153.51
2012,10,22,1,30,0,0,0,1.2000000000000002,8,147.38
2012,10,22,2,30,0,0,0,0.9,8,137.74
2012,10,22,3,30,0,0,0,0.7000000000000001,8,126.54
2012,10,22,4,30,0,0,0,0.9,7,114.72
2012,10,22,5,30,0,0,0,1.1,6,102.74000000000001
2012,10,22,6,30,0,0,0,1.3,7,90.9
2012,10,22,7,30,145,50,524,2.1,10,79.51
2012,10,22,8,30,343,70,759,3.1,13,68.94
2012,10,22,9,30,515,83,857,3.8000000000000003,16,59.730000000000004
2012,10,22,10,30,639,90,906,4.1000000000000005,18,52.67
2012,10,22,11,30,705,91,931,4.3,20,48.75
2012,10,22,12,30,606,233,565,4.6000000000000005,21,48.76
2012,10,22,13,30,636,91,899,4.800000000000001,21,52.68
2012,10,22,14,30,396,205,377,4.800000000000001,22,59.75
2012,10,22,15,30,346,63,789,4.4,21,68.97
2012,10,22,16,30,149,43,586,2.9000000000000004,18,79.55
2012,10,22,17,30,0,0,0,1.6,15,90.94
2012,10,22,18,30,0,0,0,1.5,13,102.79
2012,10,22,19,30,0,0,0,1.5,12,114.79
2012,10,22,20,30,0,0,0,1.5,11,126.64
2012,10,22,21,30,0,0,0,1.6,10,137.87
2012,10,22,22,30,0,0,0,1.5,9,147.59
2012,10,22,23,30,0,0,0,1.4000000000000001,9,153.82
2012,10,23,0,30,0,0,0,1.1,8,153.84
2012,10,23,1,30,0,0,0,0.9,8,147.65
2012,10,23,2,30,0,0,0,1,8,137.95000000000002
2012,10,23,3,30,0,0,0,1.2000000000000002,7,126.73
2012,10,23,4,30,0,0,0,1.3,7,114.9
2012,10,23,5,30,0,0,0,1.5,6,102.91
2012,10,23,6,30,0,0,0,2.1,7,91.09
2012,10,23,7,30,146,45,568,3,10,79.72
2012,10,23,8,30,346,61,801,3.3000000000000003,13,69.18
2012,10,23,9,30,517,72,890,3.7,16,60
2012,10,23,10,30,642,80,933,4.3,19,52.980000000000004
2012,10,23,11,30,711,74,972,4.800000000000001,20,49.09
2012,10,23,12,30,711,76,971,5.2,21,49.11
2012,10,23,13,30,646,73,951,5.5,22,53.02
2012,10,23,14,30,523,60,926,5.5,22,60.06
2012,10,23,15,30,350,52,838,5,21,69.25
2012,10,23,16,30,150,37,637,3.4000000000000004,19,79.8
2012,10,23,17,30,0,0,0,2.3000000000000003,16,91.18
2012,10,23,18,30,0,0,0,2.3000000000000003,14,103.02
2012,10,23,19,30,0,0,0,2.3000000000000003,13,115.02
2012,10,23,20,30,0,0,0,1.9000000000000001,11,126.87
2012,10,23,21,30,0,0,0,1.4000000000000001,10,138.14000000000001
2012,10,23,22,30,0,0,0,1.1,10,147.89000000000001
2012,10,23,23,30,0,0,0,0.9,9,154.16
2012,10,24,0,30,0,0,0,0.9,8,154.17000000000002
2012,10,24,1,30,0,0,0,1.1,7,147.91
2012,10,24,2,30,0,0,0,1.3,7,138.17000000000002
2012,10,24,3,30,0,0,0,1.6,7,126.92
2012,10,24,4,30,0,0,0,1.8,6,115.07000000000001
2012,10,24,5,30,0,0,0,1.8,6,103.09
2012,10,24,6,30,0,0,0,1.9000000000000001,7,91.28
2012,10,24,7,30,145,43,583,2.6,10,79.93
2012,10,24,8,30,344,60,807,3.8000000000000003,13,69.41
2012,10,24,9,30,517,70,901,4.9,16,60.27
2012,10,24,10,30,642,77,945,5.800000000000001,18,53.29
2012,10,24,11,30,707,83,959,6.6000000000000005,19,49.43
2012,10,24,12,30,708,84,959,7.4,20,49.45
2012,10,24,13,30,643,81,940,7.9,19,53.35
2012,10,24,14,30,520,71,907,8.3,18,60.36
2012,10,24,15,30,347,60,820,8.6,17,69.52
2012,10,24,16,30,148,41,618,8.1,14,80.05
2012,10,24,17,30,0,0,0,7.1000000000000005,11,91.41
2012,10,24,18,30,0,0,0,6.1000000000000005,9,103.24000000000001
2012,10,24,19,30,0,0,0,5.4,7,115.24000000000001
2012,10,24,20,30,0,0,0,4.6000000000000005,6,127.11
2012,10,24,21,30,0,0,0,3.7,4,138.39000000000001
2012,10,24,22,30,0,0,0,2.7,3,148.19
2012,10,24,23,30,0,0,0,1.9000000000000001,2,154.5
2012,10,25,0,30,0,0,0,1.3,2,154.5
2012,10,25,1,30,0,0,0,1,2,148.18
2012,10,25,2,30,0,0,0,0.8,2,138.38
2012,10,25,3,30,0,0,0,0.8,1,127.10000000000001
2012,10,25,4,30,0,0,0,0.8,1,115.25
2012,10,25,5,30,0,0,0,0.9,0,103.27
2012,10,25,6,30,0,0,0,1,1,91.46000000000001
2012,10,25,7,30,149,38,643,1.8,4,80.13
2012,10,25,8,30,352,54,857,3.1,7,69.65
2012,10,25,9,30,528,65,941,4,9,60.54
2012,10,25,10,30,654,72,980,4.6000000000000005,11,53.6
2012,10,25,11,30,720,74,999,5.300000000000001,12,49.77
2012,10,25,12,30,719,75,996,5.7,13,49.800000000000004
2012,10,25,13,30,651,73,975,5.9,13,53.68
2012,10,25,14,30,524,64,940,5.800000000000001,13,60.660000000000004
2012,10,25,15,30,348,55,848,5.300000000000001,12,69.79
2012,10,25,16,30,145,38,638,3.7,10,80.3
2012,10,25,17,30,0,0,0,2.3000000000000003,7,91.64
2012,10,25,18,30,0,0,0,3,6,103.46000000000001
2012,10,25,19,30,0,0,0,3.5,5,115.46000000000001
2012,10,25,20,30,0,0,0,3.2,4,127.33
2012,10,25,21,30,0,0,0,2.9000000000000004,2,138.64000000000001
2012,10,25,22,30,0,0,0,2.6,1,148.48
2012,10,25,23,30,0,0,0,2.3000000000000003,0,154.84
2012,10,26,0,30,0,0,0,2,0,154.82
2012,10,26,1,30,0,0,0,1.7000000000000002,0,148.44
2012,10,26,2,30,0,0,0,1.5,-1,138.6
2012,10,26,3,30,0,0,0,1.3,-2,127.29
2012,10,26,4,30,0,0,0,1.3,-2,115.42
2012,10,26,5,30,0,0,0,1.3,-3,103.44
2012,10,26,6,30,0,0,0,1.5,-2,91.65
2012,10,26,7,30,149,39,652,2.1,0,80.34
2012,10,26,8,30,353,58,857,2.4000000000000004,4,69.88
2012,10,26,9,30,530,69,946,1.8,7,60.81
2012,10,26,10,30,659,76,989,1.2000000000000002,9,53.9
2012,10,26,11,30,726,79,1008,1.5,10,50.1
2012,10,26,12,30,728,75,1019,2.3000000000000003,11,50.14
2012,10,26,13,30,661,69,1006,2.8000000000000003,12,54
2012,10,26,14,30,531,62,966,3.1,12,60.95
2012,10,26,15,30,350,54,867,2.8000000000000003,11,70.06
2012,10,26,16,30,144,38,640,1.9000000000000001,8,80.54
2012,10,26,17,30,0,0,0,1.2000000000000002,5,91.87
2012,10,26,18,30,0,0,0,1.2000000000000002,3,103.67
2012,10,26,19,30,0,0,0,1.2000000000000002,3,115.67
2012,10,26,20,30,0,0,0,1.1,3,127.56
2012,10,26,21,30,0,0,0,1,3,138.89000000000001
2012,10,26,22,30,0,0,0,0.8,3,148.77
2012,10,26,23,30,0,0,0,0.7000000000000001,2,155.18
2012,10,27,0,30,0,0,0,0.5,2,155.15
2012,10,27,1,30,0,0,0,0.30000000000000004,2,148.70000000000002
2012,10,27,2,30,0,0,0,0.5,1,138.81
2012,10,27,3,30,0,0,0,0.8,1,127.48
2012,10,27,4,30,0,0,0,0.9,0,115.60000000000001
2012,10,27,5,30,0,0,0,0.9,0,103.62
2012,10,27,6,30,0,0,0,0.8,0,91.84
2012,10,27,7,30,94,58,217,0.6000000000000001,3,80.55
2012,10,27,8,30,342,56,841,0.9,7,70.11
2012,10,27,9,30,517,66,933,2,10,61.08
2012,10,27,10,30,643,71,978,3.1,12,54.21
2012,10,27,11,30,707,76,990,4,14,50.43
2012,10,27,12,30,704,77,985,4.5,15,50.47
2012,10,27,13,30,636,74,962,4.6000000000000005,15,54.32
2012,10,27,14,30,510,64,925,4.6000000000000005,15,61.25
2012,10,27,15,30,334,56,823,4,14,70.32000000000001
2012,10,27,16,30,133,40,584,2.6,12,80.78
2012,10,27,17,30,0,0,0,1.7000000000000002,9,92.09
2012,10,27,18,30,0,0,0,1.6,7,103.89
2012,10,27,19,30,0,0,0,1.4000000000000001,6,115.88
2012,10,27,20,30,0,0,0,1.2000000000000002,6,127.77
2012,10,27,21,30,0,0,0,1,6,139.13
2012,10,27,22,30,0,0,0,0.8,6,149.05
2012,10,27,23,30,0,0,0,0.7000000000000001,6,155.5
2012,10,28,0,30,0,0,0,0.7000000000000001,6,155.46
2012,10,28,1,30,0,0,0,0.8,6,148.96
2012,10,28,2,30,0,0,0,0.9,6,139.02
2012,10,28,3,30,0,0,0,1,6,127.66
2012,10,28,4,30,0,0,0,1.1,5,115.77
2012,10,28,5,30,0,0,0,1.2000000000000002,4,103.8
2012,10,28,6,30,0,0,0,1.3,4,92.03
2012,10,28,7,30,129,41,549,1.9000000000000001,7,80.75
2012,10,28,8,30,325,58,793,2.9000000000000004,11,70.35000000000001
2012,10,28,9,30,496,70,888,3.4000000000000004,14,61.35
2012,10,28,10,30,619,77,933,3.8000000000000003,16,54.51
2012,10,28,11,30,685,76,964,4.1000000000000005,17,50.76
2012,10,28,12,30,686,74,967,4.3,18,50.800000000000004
2012,10,28,13,30,620,71,948,4.2,19,54.63
2012,10,28,14,30,496,65,905,4.1000000000000005,19,61.53
2012,10,28,15,30,325,54,814,3.6,18,70.58
2012,10,28,16,30,130,35,603,2.3000000000000003,14,81.01
2012,10,28,17,30,0,0,0,1.3,11,92.3
2012,10,28,18,30,0,0,0,1.2000000000000002,11,104.09
2012,10,28,19,30,0,0,0,1.1,11,116.08
2012,10,28,20,30,0,0,0,0.9,10,127.98
2012,10,28,21,30,0,0,0,0.7000000000000001,10,139.36
2012,10,28,22,30,0,0,0,0.6000000000000001,10,149.33
2012,10,28,23,30,0,0,0,0.4,9,155.83
2012,10,29,0,30,0,0,0,0.4,9,155.78
2012,10,29,1,30,0,0,0,0.5,8,149.21
2012,10,29,2,30,0,0,0,0.6000000000000001,8,139.22
2012,10,29,3,30,0,0,0,0.6000000000000001,7,127.84
2012,10,29,4,30,0,0,0,0.6000000000000001,7,115.95
2012,10,29,5,30,0,0,0,0.7000000000000001,7,103.98
2012,10,29,6,30,0,0,0,0.7000000000000001,7,92.22
2012,10,29,7,30,91,54,231,0.7000000000000001,9,80.96000000000001
2012,10,29,8,30,324,61,792,0.7000000000000001,12,70.58
2012,10,29,9,30,495,73,887,1.3,16,61.61
2012,10,29,10,30,619,81,933,2.6,19,54.81
2012,10,29,11,30,685,83,959,3.5,20,51.09
2012,10,29,12,30,684,84,956,4.1000000000000005,21,51.13
2012,10,29,13,30,617,82,932,4.3,21,54.94
2012,10,29,14,30,495,68,902,4.3,21,61.81
2012,10,29,15,30,321,57,804,3.5,20,70.83
2012,10,29,16,30,125,37,577,2.2,16,81.24
2012,10,29,17,30,0,0,0,1.5,12,92.51
2012,10,29,18,30,0,0,0,1.6,11,104.29
2012,10,29,19,30,0,0,0,1.5,10,116.28
2012,10,29,20,30,0,0,0,1.4000000000000001,10,128.19
2012,10,29,21,30,0,0,0,1.2000000000000002,10,139.59
2012,10,29,22,30,0,0,0,1.1,9,149.6
2012,10,29,23,30,0,0,0,1,9,156.15
2012,10,30,0,30,0,0,0,0.8,9,156.09
2012,10,30,1,30,0,0,0,0.7000000000000001,8,149.47
2012,10,30,2,30,0,0,0,0.7000000000000001,8,139.43
2012,10,30,3,30,0,0,0,0.8,8,128.03
2012,10,30,4,30,0,0,0,0.7000000000000001,7,116.13
2012,10,30,5,30,0,0,0,0.6000000000000001,7,104.15
2012,10,30,6,30,0,0,0,0.6000000000000001,7,92.41
2012,10,30,7,30,128,35,608,0.9,9,81.17
2012,10,30,8,30,327,50,842,1.6,12,70.82000000000001
2012,10,30,9,30,499,59,934,2.4000000000000004,16,61.88
2012,10,30,10,30,624,64,979,3.2,19,55.11
2012,10,30,11,30,690,63,1005,3.9000000000000004,20,51.410000000000004
2012,10,30,12,30,690,63,1005,4.5,21,51.46
2012,10,30,13,30,623,62,985,4.800000000000001,21,55.25
2012,10,30,14,30,498,54,948,4.7,21,62.09
2012,10,30,15,30,325,46,858,3.8000000000000003,20,71.08
2012,10,30,16,30,127,31,644,2.3000000000000003,16,81.46000000000001
2012,10,30,17,30,0,0,0,1.6,12,92.72
2012,10,30,18,30,0,0,0,1.5,10,104.49000000000001
2012,10,30,19,30,0,0,0,1.5,9,116.47
2012,10,30,20,30,0,0,0,1.4000000000000001,9,128.39000000000001
2012,10,30,21,30,0,0,0,1.3,8,139.81
2012,10,30,22,30,0,0,0,1.3,8,149.86
2012,10,30,23,30,0,0,0,1.3,7,156.47
2012,10,31,0,30,0,0,0,1.2000000000000002,7,156.4
2012,10,31,1,30,0,0,0,1.1,7,149.72
2012,10,31,2,30,0,0,0,0.9,7,139.64000000000001
2012,10,31,3,30,0,0,0,0.7000000000000001,6,128.21
2012,10,31,4,30,0,0,0,0.6000000000000001,6,116.3
2012,10,31,5,30,0,0,0,0.4,6,104.33
2012,10,31,6,30,0,0,0,0.4,6,92.60000000000001
2012,10,31,7,30,129,32,650,0.7000000000000001,8,81.38
2012,10,31,8,30,327,46,865,0.9,12,71.05
2012,10,31,9,30,500,55,952,0.7000000000000001,15,62.14
2012,10,31,10,30,625,60,995,0.8,18,55.4
2012,10,31,11,30,687,75,989,1.2000000000000002,20,51.730000000000004
2012,10,31,12,30,686,74,989,1.7000000000000002,21,51.78
2012,10,31,13,30,620,71,971,1.9000000000000001,22,55.550000000000004
2012,10,31,14,30,496,58,944,2,21,62.36
2012,10,31,15,30,322,48,854,1.6,20,71.32000000000001
2012,10,31,16,30,124,32,637,1.2000000000000002,17,81.68
2012,10,31,17,30,0,0,0,1.2000000000000002,14,92.92
2012,10,31,18,30,0,0,0,1.2000000000000002,13,104.68
2012,10,31,19,30,0,0,0,0.9,13,116.66
2012,10,31,20,30,0,0,0,0.5,13,128.58
2012,10,31,21,30,0,0,0,0.30000000000000004,12,140.03
2012,10,31,22,30,0,0,0,0.7000000000000001,11,150.12
2012,10,31,23,30,0,0,0,1.1,10,156.78
2012,11,1,0,30,0,0,0,1.4000000000000001,8,156.71
2012,11,1,1,30,0,0,0,1.5,7,149.97
2012,11,1,2,30,0,0,0,1.5,5,139.84
2012,11,1,3,30,0,0,0,1.5,5,128.39000000000001
2012,11,1,4,30,0,0,0,1.6,4,116.48
2012,11,1,5,30,0,0,0,1.7000000000000002,4,104.51
2012,11,1,6,30,0,0,0,1.8,4,92.79
2012,11,1,7,30,80,52,194,2.6,7,81.59
2012,11,1,8,30,241,108,412,3.4000000000000004,12,71.28
2012,11,1,9,30,376,172,441,3.3000000000000003,16,62.410000000000004
2012,11,1,10,30,619,78,960,3.1,19,55.7
2012,11,1,11,30,686,78,989,3,21,52.04
2012,11,1,12,30,685,78,988,3,22,52.09
2012,11,1,13,30,618,75,967,3,23,55.85
2012,11,1,14,30,493,66,929,3.1,22,62.63
2012,11,1,15,30,225,115,348,2.4000000000000004,20,71.56
2012,11,1,16,30,119,35,596,1.5,16,81.9
2012,11,1,17,30,0,0,0,1.5,13,93.12
2012,11,1,18,30,0,0,0,1.5,12,104.86
2012,11,1,19,30,0,0,0,1.4000000000000001,11,116.84
2012,11,1,20,30,0,0,0,1.3,11,128.77
2012,11,1,21,30,0,0,0,1.2000000000000002,10,140.24
2012,11,1,22,30,0,0,0,1.2000000000000002,10,150.37
2012,11,1,23,30,0,0,0,1.2000000000000002,10,157.08
2012,11,2,0,30,0,0,0,1.2000000000000002,9,157.01
2012,11,2,1,30,0,0,0,1.2000000000000002,9,150.21
2012,11,2,2,30,0,0,0,1.1,9,140.05
2012,11,2,3,30,0,0,0,1,9,128.57
2012,11,2,4,30,0,0,0,0.8,8,116.65
2012,11,2,5,30,0,0,0,0.8,8,104.69
2012,11,2,6,30,0,0,0,0.7000000000000001,8,92.98
2012,11,2,7,30,53,50,20,0.7000000000000001,9,81.79
2012,11,2,8,30,157,131,81,1,12,71.52
2012,11,2,9,30,301,207,204,1.4000000000000001,14,62.67
2012,11,2,10,30,454,235,391,1.9000000000000001,16,55.99
2012,11,2,11,30,559,202,585,2.3000000000000003,17,52.35
2012,11,2,12,30,544,214,540,2.5,18,52.410000000000004
2012,11,2,13,30,466,234,415,2.3000000000000003,19,56.14
2012,11,2,14,30,325,196,283,1.9000000000000001,18,62.89
2012,11,2,15,30,110,108,4,1.1,17,71.79
2012,11,2,16,30,53,49,28,0.6000000000000001,15,82.10000000000001
2012,11,2,17,30,0,0,0,0.7000000000000001,14,93.31
2012,11,2,18,30,0,0,0,0.9,13,105.04
2012,11,2,19,30,0,0,0,1.2000000000000002,11,117.02
2012,11,2,20,30,0,0,0,1.3,10,128.95
2012,11,2,21,30,0,0,0,1.4000000000000001,8,140.44
2012,11,2,22,30,0,0,0,1.4000000000000001,8,150.62
2012,11,2,23,30,0,0,0,1.4000000000000001,7,157.39000000000001
2012,11,3,0,30,0,0,0,1.4000000000000001,7,157.31
2012,11,3,1,30,0,0,0,1.3,6,150.46
2012,11,3,2,30,0,0,0,1.3,6,140.25
2012,11,3,3,30,0,0,0,1.3,6,128.75
2012,11,3,4,30,0,0,0,1.3,5,116.83
2012,11,3,5,30,0,0,0,1.3,5,104.87
2012,11,3,6,30,0,0,0,1.2000000000000002,5,93.16
2012,11,3,7,30,69,50,134,1.4000000000000001,7,82
2012,11,3,8,30,306,59,791,1.2000000000000002,12,71.75
2012,11,3,9,30,477,71,891,1.1,15,62.93
2012,11,3,10,30,479,198,505,1.9000000000000001,18,56.28
2012,11,3,11,30,567,188,625,2.6,19,52.660000000000004
2012,11,3,12,30,664,81,963,3,20,52.71
2012,11,3,13,30,598,78,940,3.3000000000000003,20,56.43
2012,11,3,14,30,474,67,901,3.3000000000000003,19,63.15
2012,11,3,15,30,304,54,809,2.6,18,72.02
2012,11,3,16,30,110,33,577,1.7000000000000002,14,82.31
2012,11,3,17,30,0,0,0,1.4000000000000001,10,93.5
2012,11,3,18,30,0,0,0,1.5,9,105.22
2012,11,3,19,30,0,0,0,1.5,8,117.19
2012,11,3,20,30,0,0,0,1.4000000000000001,7,129.13
2012,11,3,21,30,0,0,0,1.3,7,140.64000000000001
2012,11,3,22,30,0,0,0,1.2000000000000002,7,150.86
2012,11,3,23,30,0,0,0,1.1,7,157.68
2012,11,4,0,30,0,0,0,0.8,7,157.61
2012,11,4,1,30,0,0,0,0.4,7,150.70000000000002
2012,11,4,2,30,0,0,0,0.30000000000000004,6,140.45000000000002
2012,11,4,3,30,0,0,0,0.7000000000000001,5,128.93
2012,11,4,4,30,0,0,0,1,4,117
2012,11,4,5,30,0,0,0,1.1,4,105.05
2012,11,4,6,30,0,0,0,1.1,4,93.35000000000001
2012,11,4,7,30,110,34,565,1.4000000000000001,6,82.21000000000001
2012,11,4,8,30,302,53,807,2.1,9,71.98
2012,11,4,9,30,471,63,904,3.2,12,63.190000000000005
2012,11,4,10,30,593,70,949,4.2,15,56.57
2012,11,4,11,30,655,76,961,4.800000000000001,17,52.96
2012,11,4,12,30,653,76,959,5,18,53.02
2012,11,4,13,30,587,71,938,5,18,56.71
2012,11,4,14,30,385,135,558,4.9,19,63.410000000000004
2012,11,4,15,30,295,49,808,4.2,18,72.25
2012,11,4,16,30,105,30,574,2.9000000000000004,14,82.51
2012,11,4,17,30,0,0,0,2.2,11,93.68
2012,11,4,18,30,0,0,0,2.2,9,105.38
2012,11,4,19,30,0,0,0,2.1,8,117.35000000000001
2012,11,4,20,30,0,0,0,1.9000000000000001,7,129.3
2012,11,4,21,30,0,0,0,1.7000000000000002,7,140.83
2012,11,4,22,30,0,0,0,1.5,6,151.09
2012,11,4,23,30,0,0,0,1.4000000000000001,6,157.97
2012,11,5,0,30,0,0,0,1.2000000000000002,5,157.9
2012,11,5,1,30,0,0,0,1.1,5,150.94
2012,11,5,2,30,0,0,0,1,5,140.65
2012,11,5,3,30,0,0,0,1,5,129.11
2012,11,5,4,30,0,0,0,0.9,5,117.17
2012,11,5,5,30,0,0,0,0.9,5,105.22
2012,11,5,6,30,0,0,0,0.9,5,93.54
2012,11,5,7,30,105,31,565,1.3,7,82.42
2012,11,5,8,30,295,46,812,2,10,72.21000000000001
2012,11,5,9,30,462,55,910,2.9000000000000004,14,63.45
2012,11,5,10,30,584,61,957,3.8000000000000003,18,56.85
2012,11,5,11,30,646,74,957,4.6000000000000005,20,53.26
2012,11,5,12,30,647,72,962,5.1000000000000005,21,53.31
2012,11,5,13,30,583,68,946,5.5,21,56.99
2012,11,5,14,30,461,60,905,5.7,21,63.65
2012,11,5,15,30,293,49,808,5.1000000000000005,20,72.46000000000001
2012,11,5,16,30,102,30,568,3.8000000000000003,16,82.7
2012,11,5,17,30,0,0,0,3.1,13,93.85000000000001
2012,11,5,18,30,0,0,0,2.8000000000000003,11,105.55
2012,11,5,19,30,0,0,0,2.2,10,117.51
2012,11,5,20,30,0,0,0,1.9000000000000001,8,129.47
2012,11,5,21,30,0,0,0,1.8,7,141.01
2012,11,5,22,30,0,0,0,1.7000000000000002,7,151.32
2012,11,5,23,30,0,0,0,1.6,6,158.26
2012,11,6,0,30,0,0,0,1.5,6,158.19
2012,11,6,1,30,0,0,0,1.4000000000000001,6,151.18
2012,11,6,2,30,0,0,0,1.2000000000000002,5,140.84
2012,11,6,3,30,0,0,0,1.1,5,129.29
2012,11,6,4,30,0,0,0,0.9,5,117.35000000000001
2012,11,6,5,30,0,0,0,0.6000000000000001,5,105.4
2012,11,6,6,30,0,0,0,0.30000000000000004,5,93.73
2012,11,6,7,30,104,31,570,0.5,7,82.62
2012,11,6,8,30,296,47,824,1.1,10,72.44
2012,11,6,9,30,465,57,921,1.5,14,63.7
2012,11,6,10,30,588,62,969,1.9000000000000001,17,57.13
2012,11,6,11,30,653,64,991,2.5,20,53.56
2012,11,6,12,30,653,64,992,3.1,21,53.61
2012,11,6,13,30,588,62,972,3.5,22,57.26
2012,11,6,14,30,464,56,928,3.6,21,63.9
2012,11,6,15,30,294,47,827,2.8000000000000003,19,72.68
2012,11,6,16,30,102,29,584,1.8,15,82.89
2012,11,6,17,30,0,0,0,1.5,12,94.02
2012,11,6,18,30,0,0,0,1.4000000000000001,11,105.71000000000001
2012,11,6,19,30,0,0,0,1.3,11,117.67
2012,11,6,20,30,0,0,0,1.2000000000000002,11,129.62
2012,11,6,21,30,0,0,0,0.9,11,141.19
2012,11,6,22,30,0,0,0,0.30000000000000004,10,151.54
2012,11,6,23,30,0,0,0,0.30000000000000004,9,158.54
2012,11,7,0,30,0,0,0,0.7000000000000001,8,158.48
2012,11,7,1,30,0,0,0,1,7,151.41
2012,11,7,2,30,0,0,0,1,6,141.04
2012,11,7,3,30,0,0,0,0.9,6,129.47
2012,11,7,4,30,0,0,0,0.9,5,117.52
2012,11,7,5,30,0,0,0,1,5,105.58
2012,11,7,6,30,0,0,0,1.1,5,93.92
2012,11,7,7,30,103,29,597,1.7000000000000002,7,82.83
2012,11,7,8,30,295,46,835,2.2,11,72.67
2012,11,7,9,30,464,55,931,1.7000000000000002,14,63.96
2012,11,7,10,30,588,62,977,1.7000000000000002,17,57.410000000000004
2012,11,7,11,30,651,72,981,2.4000000000000004,20,53.85
2012,11,7,12,30,650,73,979,2.9000000000000004,21,53.9
2012,11,7,13,30,584,70,956,3.1,21,57.53
2012,11,7,14,30,462,57,928,3,21,64.13
2012,11,7,15,30,291,47,827,2,19,72.89
2012,11,7,16,30,98,29,578,1.1,16,83.07000000000001
2012,11,7,17,30,0,0,0,1,14,94.19
2012,11,7,18,30,0,0,0,1,13,105.86
2012,11,7,19,30,0,0,0,1,11,117.81
2012,11,7,20,30,0,0,0,1.2000000000000002,10,129.78
2012,11,7,21,30,0,0,0,1.3,8,141.36
2012,11,7,22,30,0,0,0,1.4000000000000001,7,151.75
2012,11,7,23,30,0,0,0,1.5,7,158.81
2012,11,8,0,30,0,0,0,1.5,6,158.76
2012,11,8,1,30,0,0,0,1.5,6,151.64000000000001
2012,11,8,2,30,0,0,0,1.5,5,141.24
2012,11,8,3,30,0,0,0,1.5,5,129.65
2012,11,8,4,30,0,0,0,1.5,5,117.7
2012,11,8,5,30,0,0,0,1.6,5,105.76
2012,11,8,6,30,0,0,0,1.8,5,94.11
2012,11,8,7,30,66,44,176,2.5,8,83.04
2012,11,8,8,30,201,109,313,3,11,72.9
2012,11,8,9,30,377,127,574,3.3000000000000003,14,64.21000000000001
2012,11,8,10,30,571,81,915,4,17,57.69
2012,11,8,11,30,640,77,961,4.6000000000000005,18,54.14
2012,11,8,12,30,640,78,959,4.6000000000000005,19,54.18
2012,11,8,13,30,574,75,936,4.3,20,57.79
2012,11,8,14,30,451,66,890,3.9000000000000004,19,64.37
2012,11,8,15,30,281,54,781,2.7,18,73.09
2012,11,8,16,30,91,31,512,1.6,14,83.25
2012,11,8,17,30,0,0,0,1.4000000000000001,11,94.35000000000001
2012,11,8,18,30,0,0,0,1.5,10,106.01
2012,11,8,19,30,0,0,0,1.6,10,117.95
2012,11,8,20,30,0,0,0,1.7000000000000002,9,129.92000000000002
2012,11,8,21,30,0,0,0,2.2,9,141.53
2012,11,8,22,30,0,0,0,2.3000000000000003,8,151.96
2012,11,8,23,30,0,0,0,1.6,7,159.08
2012,11,9,0,30,0,0,0,1.4000000000000001,7,159.04
2012,11,9,1,30,0,0,0,1.9000000000000001,6,151.87
2012,11,9,2,30,0,0,0,2.2,6,141.43
2012,11,9,3,30,0,0,0,2,6,129.83
2012,11,9,4,30,0,0,0,1.8,6,117.87
2012,11,9,5,30,0,0,0,1.9000000000000001,6,105.94
2012,11,9,6,30,0,0,0,2.3000000000000003,6,94.3
2012,11,9,7,30,85,36,422,3.4000000000000004,8,83.24
2012,11,9,8,30,263,67,676,4.5,11,73.12
2012,11,9,9,30,211,184,62,5.300000000000001,13,64.46000000000001
2012,11,9,10,30,280,240,75,6,14,57.96
2012,11,9,11,30,137,137,0,6.800000000000001,15,54.43
2012,11,9,12,30,219,209,17,7.300000000000001,16,54.46
2012,11,9,13,30,461,180,530,7.4,16,58.050000000000004
2012,11,9,14,30,361,152,486,7.2,16,64.59
2012,11,9,15,30,264,62,705,6.300000000000001,15,73.29
2012,11,9,16,30,83,35,421,4.800000000000001,13,83.42
2012,11,9,17,30,0,0,0,3.7,11,94.5
2012,11,9,18,30,0,0,0,3.5,9,106.15
2012,11,9,19,30,0,0,0,3.5,9,118.09
2012,11,9,20,30,0,0,0,3.6,8,130.06
2012,11,9,21,30,0,0,0,3.8000000000000003,8,141.68
2012,11,9,22,30,0,0,0,3.9000000000000004,7,152.16
2012,11,9,23,30,0,0,0,4.1000000000000005,7,159.34
2012,11,10,0,30,0,0,0,4.1000000000000005,6,159.32
2012,11,10,1,30,0,0,0,3.9000000000000004,6,152.1
2012,11,10,2,30,0,0,0,3.8000000000000003,5,141.62
2012,11,10,3,30,0,0,0,3.7,4,130
2012,11,10,4,30,0,0,0,3.8000000000000003,3,118.04
2012,11,10,5,30,0,0,0,3.6,2,106.11
2012,11,10,6,30,0,0,0,3,2,94.49
2012,11,10,7,30,86,35,446,3.6,2,83.45
2012,11,10,8,30,281,56,786,5.2,3,73.35000000000001
2012,11,10,9,30,459,63,926,6.1000000000000005,3,64.71000000000001
2012,11,10,10,30,587,67,987,6.1000000000000005,4,58.230000000000004
2012,11,10,11,30,651,70,1006,6,4,54.71
2012,11,10,12,30,648,71,999,5.800000000000001,5,54.730000000000004
2012,11,10,13,30,580,69,971,5.7,5,58.300000000000004
2012,11,10,14,30,333,162,401,5.6000000000000005,4,64.81
2012,11,10,15,30,178,113,228,5.1000000000000005,3,73.48
2012,11,10,16,30,89,32,507,3.7,2,83.59
2012,11,10,17,30,0,0,0,2.2,0,94.65
2012,11,10,18,30,0,0,0,1.7000000000000002,0,106.28
2012,11,10,19,30,0,0,0,1.7000000000000002,0,118.22
2012,11,10,20,30,0,0,0,1.7000000000000002,-1,130.2
2012,11,10,21,30,0,0,0,1.6,-2,141.83
2012,11,10,22,30,0,0,0,1.6,-2,152.35
2012,11,10,23,30,0,0,0,1.8,-3,159.6
2012,11,11,0,30,0,0,0,2,-4,159.59
2012,11,11,1,30,0,0,0,2.3000000000000003,-4,152.33
2012,11,11,2,30,0,0,0,2.2,-4,141.81
2012,11,11,3,30,0,0,0,2.2,-5,130.18
2012,11,11,4,30,0,0,0,2.2,-5,118.21000000000001
2012,11,11,5,30,0,0,0,2.1,-5,106.29
2012,11,11,6,30,0,0,0,2.3000000000000003,-4,94.68
2012,11,11,7,30,81,41,365,3.1,-2,83.65
2012,11,11,8,30,265,78,660,4.2,0,73.57000000000001
2012,11,11,9,30,434,97,797,4.9,0,64.96000000000001
2012,11,11,10,30,562,103,878,5.300000000000001,1,58.49
2012,11,11,11,30,628,106,909,5.6000000000000005,2,54.980000000000004
2012,11,11,12,30,205,197,13,5.800000000000001,2,55
2012,11,11,13,30,426,210,412,5.9,2,58.54
2012,11,11,14,30,453,67,915,5.800000000000001,2,65.03
2012,11,11,15,30,284,51,828,5.1000000000000005,1,73.66
2012,11,11,16,30,91,29,569,3.5,0,83.75
2012,11,11,17,30,0,0,0,2.3000000000000003,-2,94.79
2012,11,11,18,30,0,0,0,2,-3,106.41
2012,11,11,19,30,0,0,0,1.9000000000000001,-4,118.34
2012,11,11,20,30,0,0,0,1.7000000000000002,-4,130.32
2012,11,11,21,30,0,0,0,1.5,-4,141.98
2012,11,11,22,30,0,0,0,1.5,-4,152.53
2012,11,11,23,30,0,0,0,1.4000000000000001,-4,159.85
2012,11,12,0,30,0,0,0,1.4000000000000001,-4,159.86
2012,11,12,1,30,0,0,0,1.4000000000000001,-4,152.55
2012,11,12,2,30,0,0,0,1.4000000000000001,-4,142
2012,11,12,3,30,0,0,0,1.5,-4,130.35
2012,11,12,4,30,0,0,0,1.5,-4,118.39
2012,11,12,5,30,0,0,0,1.4000000000000001,-4,106.47
2012,11,12,6,30,0,0,0,1.5,-3,94.86
2012,11,12,7,30,87,28,543,1.8,-2,83.85000000000001
2012,11,12,8,30,277,48,823,2,0,73.8
2012,11,12,9,30,448,58,930,1.8,2,65.2
2012,11,12,10,30,572,64,979,1.6,4,58.76
2012,11,12,11,30,635,73,986,1.6,5,55.25
2012,11,12,12,30,634,72,987,1.6,6,55.26
2012,11,12,13,30,569,69,964,1.7000000000000002,7,58.78
2012,11,12,14,30,445,60,919,1.7000000000000002,7,65.24
2012,11,12,15,30,274,49,808,1.2000000000000002,5,73.84
2012,11,12,16,30,85,28,533,0.9,2,83.91
2012,11,12,17,30,0,0,0,1,1,94.92
2012,11,12,18,30,0,0,0,0.9,0,106.53
2012,11,12,19,30,0,0,0,0.8,0,118.46000000000001
2012,11,12,20,30,0,0,0,0.7000000000000001,0,130.44
2012,11,12,21,30,0,0,0,0.6000000000000001,0,142.12
2012,11,12,22,30,0,0,0,0.6000000000000001,0,152.71
2012,11,12,23,30,0,0,0,0.6000000000000001,0,160.09
2012,11,13,0,30,0,0,0,0.4,0,160.12
2012,11,13,1,30,0,0,0,0.2,0,152.77
2012,11,13,2,30,0,0,0,0.30000000000000004,0,142.19
2012,11,13,3,30,0,0,0,0.5,0,130.53
2012,11,13,4,30,0,0,0,0.5,-1,118.56
2012,11,13,5,30,0,0,0,0.30000000000000004,-1,106.64
2012,11,13,6,30,0,0,0,0.30000000000000004,0,95.05
2012,11,13,7,30,84,28,541,0.5,0,84.05
2012,11,13,8,30,274,48,821,0.9,2,74.02
2012,11,13,9,30,444,60,924,1.6,5,65.44
2012,11,13,10,30,567,68,969,2.2,7,59.01
2012,11,13,11,30,630,75,980,2.6,8,55.52
2012,11,13,12,30,630,75,981,3.1,9,55.52
2012,11,13,13,30,565,70,961,3.5,10,59.01
2012,11,13,14,30,440,65,902,3.5,9,65.44
2012,11,13,15,30,270,53,789,2.5,7,74.02
2012,11,13,16,30,81,30,497,1.6,4,84.06
2012,11,13,17,30,0,0,0,1.4000000000000001,2,95.05
2012,11,13,18,30,0,0,0,1.2000000000000002,1,106.65
2012,11,13,19,30,0,0,0,1.1,1,118.57000000000001
2012,11,13,20,30,0,0,0,0.8,1,130.56
2012,11,13,21,30,0,0,0,0.4,2,142.25
2012,11,13,22,30,0,0,0,0.4,1,152.88
2012,11,13,23,30,0,0,0,0.9,0,160.33
2012,11,14,0,30,0,0,0,1.2000000000000002,0,160.38
2012,11,14,1,30,0,0,0,1.4000000000000001,0,152.99
2012,11,14,2,30,0,0,0,1.5,0,142.38
2012,11,14,3,30,0,0,0,1.5,-1,130.7
2012,11,14,4,30,0,0,0,1.4000000000000001,-1,118.73
2012,11,14,5,30,0,0,0,1.4000000000000001,-1,106.82000000000001
2012,11,14,6,30,0,0,0,1.4000000000000001,0,95.24
2012,11,14,7,30,82,29,530,1.7000000000000002,1,84.26
2012,11,14,8,30,274,50,823,2.3000000000000003,4,74.24
2012,11,14,9,30,447,61,938,2.4000000000000004,6,65.68
2012,11,14,10,30,573,66,992,2,9,59.27
2012,11,14,11,30,637,74,1001,1.7000000000000002,11,55.78
2012,11,14,12,30,637,74,1001,1.5,12,55.77
2012,11,14,13,30,571,71,976,1.2000000000000002,13,59.24
2012,11,14,14,30,446,63,928,0.8,13,65.64
2012,11,14,15,30,273,52,811,0.4,11,74.18
2012,11,14,16,30,81,29,519,0.6000000000000001,8,84.2
2012,11,14,17,30,0,0,0,1,6,95.18
2012,11,14,18,30,0,0,0,1.2000000000000002,4,106.76
2012,11,14,19,30,0,0,0,1.4000000000000001,3,118.68
2012,11,14,20,30,0,0,0,1.3,3,130.66
2012,11,14,21,30,0,0,0,1.2000000000000002,3,142.37
2012,11,14,22,30,0,0,0,1.1,3,153.04
2012,11,14,23,30,0,0,0,0.9,2,160.56
2012,11,15,0,30,0,0,0,0.8,2,160.63
2012,11,15,1,30,0,0,0,0.7000000000000001,2,153.20000000000002
2012,11,15,2,30,0,0,0,0.5,2,142.56
2012,11,15,3,30,0,0,0,0.5,2,130.87
2012,11,15,4,30,0,0,0,0.6000000000000001,2,118.9
2012,11,15,5,30,0,0,0,0.5,2,107
2012,11,15,6,30,0,0,0,0.4,2,95.42
2012,11,15,7,30,74,27,487,0.4,3,84.46000000000001
2012,11,15,8,30,260,48,793,0.6000000000000001,5,74.45
2012,11,15,9,30,428,59,906,0.8,7,65.91
2012,11,15,10,30,551,65,957,0.9,10,59.52
2012,11,15,11,30,615,67,981,1.1,12,56.03
2012,11,15,12,30,615,69,976,1.2000000000000002,13,56.01
2012,11,15,13,30,410,205,402,1.4000000000000001,13,59.46
2012,11,15,14,30,345,131,521,1.4000000000000001,13,65.83
2012,11,15,15,30,171,104,247,0.9,11,74.35000000000001
2012,11,15,16,30,48,35,129,0.5,9,84.34
2012,11,15,17,30,0,0,0,0.5,7,95.3
2012,11,15,18,30,0,0,0,0.7000000000000001,6,106.87
2012,11,15,19,30,0,0,0,1,5,118.78
2012,11,15,20,30,0,0,0,1.2000000000000002,4,130.76
2012,11,15,21,30,0,0,0,1.5,3,142.48
2012,11,15,22,30,0,0,0,1.7000000000000002,3,153.19
2012,11,15,23,30,0,0,0,2,3,160.78
2012,11,16,0,30,0,0,0,2.5,3,160.88
2012,11,16,1,30,0,0,0,3.2,3,153.41
2012,11,16,2,30,0,0,0,3.6,2,142.75
2012,11,16,3,30,0,0,0,3.8000000000000003,2,131.05
2012,11,16,4,30,0,0,0,3.8000000000000003,2,119.07000000000001
2012,11,16,5,30,0,0,0,3.8000000000000003,2,107.17
2012,11,16,6,30,0,0,0,3.9000000000000004,2,95.61
2012,11,16,7,30,9,9,0,4.5,4,84.65
2012,11,16,8,30,65,65,0,4.800000000000001,6,74.67
2012,11,16,9,30,312,152,394,4.4,9,66.15
2012,11,16,10,30,518,89,852,3.9000000000000004,12,59.77
2012,11,16,11,30,581,98,870,3.4000000000000004,14,56.28
2012,11,16,12,30,335,265,124,2.9000000000000004,15,56.25
2012,11,16,13,30,275,232,85,2.5,16,59.68
2012,11,16,14,30,212,180,79,2,17,66.01
2012,11,16,15,30,242,65,662,1.5,15,74.5
2012,11,16,16,30,67,32,358,1.1,12,84.47
2012,11,16,17,30,0,0,0,1.1,9,95.41
2012,11,16,18,30,0,0,0,1.1,8,106.97
2012,11,16,19,30,0,0,0,1.1,7,118.87
2012,11,16,20,30,0,0,0,1,6,130.86
2012,11,16,21,30,0,0,0,1,5,142.59
2012,11,16,22,30,0,0,0,1,4,153.34
2012,11,16,23,30,0,0,0,1,3,161
2012,11,17,0,30,0,0,0,1,2,161.13
2012,11,17,1,30,0,0,0,1.2000000000000002,2,153.62
2012,11,17,2,30,0,0,0,1.5,2,142.93
2012,11,17,3,30,0,0,0,1.6,1,131.22
2012,11,17,4,30,0,0,0,1.8,1,119.24000000000001
2012,11,17,5,30,0,0,0,1.9000000000000001,1,107.34
2012,11,17,6,30,0,0,0,1.9000000000000001,1,95.79
2012,11,17,7,30,30,30,4,2.4000000000000004,3,84.85000000000001
2012,11,17,8,30,152,104,182,2.7,7,74.88
2012,11,17,9,30,411,60,877,2.1,10,66.38
2012,11,17,10,30,533,67,931,2,13,60.01
2012,11,17,11,30,598,66,964,2.4000000000000004,14,56.53
2012,11,17,12,30,599,67,963,2.5,15,56.49
2012,11,17,13,30,535,64,939,2.4000000000000004,16,59.89
2012,11,17,14,30,415,56,890,2.1,15,66.19
2012,11,17,15,30,251,46,771,1.3,14,74.65
2012,11,17,16,30,71,26,478,0.6000000000000001,12,84.59
2012,11,17,17,30,0,0,0,0.7000000000000001,10,95.52
2012,11,17,18,30,0,0,0,0.9,9,107.06
2012,11,17,19,30,0,0,0,1,8,118.96000000000001
2012,11,17,20,30,0,0,0,1.1,7,130.95
2012,11,17,21,30,0,0,0,1.1,6,142.69
2012,11,17,22,30,0,0,0,1.1,5,153.48
2012,11,17,23,30,0,0,0,1.2000000000000002,4,161.21
2012,11,18,0,30,0,0,0,1.2000000000000002,4,161.37
2012,11,18,1,30,0,0,0,1.2000000000000002,3,153.83
2012,11,18,2,30,0,0,0,1.2000000000000002,2,143.11
2012,11,18,3,30,0,0,0,1.1,2,131.39000000000001
2012,11,18,4,30,0,0,0,0.9,2,119.41
2012,11,18,5,30,0,0,0,0.8,1,107.52
2012,11,18,6,30,0,0,0,0.8,1,95.97
2012,11,18,7,30,59,30,328,1,3,85.05
2012,11,18,8,30,232,62,663,1.6,6,75.09
2012,11,18,9,30,398,74,816,2.2,9,66.6
2012,11,18,10,30,521,78,892,2.5,11,60.25
2012,11,18,11,30,588,76,934,2.8000000000000003,12,56.77
2012,11,18,12,30,591,75,938,3,13,56.71
2012,11,18,13,30,529,71,919,3,14,60.09
2012,11,18,14,30,412,62,873,2.8000000000000003,14,66.36
2012,11,18,15,30,248,50,752,2,12,74.8
2012,11,18,16,30,68,27,442,1.2000000000000002,9,84.71000000000001
2012,11,18,17,30,0,0,0,1,8,95.62
2012,11,18,18,30,0,0,0,0.9,7,107.15
2012,11,18,19,30,0,0,0,0.9,6,119.04
2012,11,18,20,30,0,0,0,0.9,5,131.03
2012,11,18,21,30,0,0,0,0.9,5,142.79
2012,11,18,22,30,0,0,0,1,4,153.61
2012,11,18,23,30,0,0,0,1,3,161.41
2012,11,19,0,30,0,0,0,1,3,161.61
2012,11,19,1,30,0,0,0,1.1,2,154.04
2012,11,19,2,30,0,0,0,1,2,143.29
2012,11,19,3,30,0,0,0,1,2,131.55
2012,11,19,4,30,0,0,0,0.9,2,119.57000000000001
2012,11,19,5,30,0,0,0,0.8,2,107.69
2012,11,19,6,30,0,0,0,0.6000000000000001,2,96.16
2012,11,19,7,30,60,25,426,0.6000000000000001,4,85.24
2012,11,19,8,30,241,47,762,0.7000000000000001,7,75.3
2012,11,19,9,30,407,59,884,0.9,10,66.83
2012,11,19,10,30,530,66,941,1.4000000000000001,12,60.480000000000004
2012,11,19,11,30,596,67,971,1.9000000000000001,13,57
2012,11,19,12,30,598,68,971,2.1,14,56.93
2012,11,19,13,30,535,65,948,2.1,15,60.28
2012,11,19,14,30,415,57,898,2,14,66.53
2012,11,19,15,30,249,47,780,1.4000000000000001,13,74.93
2012,11,19,16,30,68,25,476,1,11,84.83
2012,11,19,17,30,0,0,0,1.1,9,95.71000000000001
2012,11,19,18,30,0,0,0,1.1,8,107.23
2012,11,19,19,30,0,0,0,1.1,7,119.11
2012,11,19,20,30,0,0,0,1.1,6,131.1
2012,11,19,21,30,0,0,0,1,6,142.88
2012,11,19,22,30,0,0,0,1,5,153.73
2012,11,19,23,30,0,0,0,1,5,161.6
2012,11,20,0,30,0,0,0,1.1,4,161.84
2012,11,20,1,30,0,0,0,1.1,4,154.24
2012,11,20,2,30,0,0,0,1.2000000000000002,3,143.47
2012,11,20,3,30,0,0,0,1.2000000000000002,3,131.72
2012,11,20,4,30,0,0,0,1.3,2,119.74000000000001
2012,11,20,5,30,0,0,0,1.4000000000000001,1,107.86
2012,11,20,6,30,0,0,0,1.4000000000000001,1,96.34
2012,11,20,7,30,59,23,446,1.6,3,85.43
2012,11,20,8,30,238,45,769,2.1,7,75.51
2012,11,20,9,30,403,57,888,2.2,10,67.05
2012,11,20,10,30,525,64,943,1.7000000000000002,13,60.71
2012,11,20,11,30,590,66,968,1.4000000000000001,15,57.230000000000004
2012,11,20,12,30,592,67,968,1.3,16,57.15
2012,11,20,13,30,531,64,947,1.1,17,60.47
2012,11,20,14,30,412,56,899,0.9,16,66.69
2012,11,20,15,30,248,45,786,0.8,14,75.06
2012,11,20,16,30,68,24,493,0.9,11,84.93
2012,11,20,17,30,0,0,0,1.2000000000000002,9,95.8
2012,11,20,18,30,0,0,0,1.3,7,107.31
2012,11,20,19,30,0,0,0,1.4000000000000001,5,119.18
2012,11,20,20,30,0,0,0,1.5,4,131.17000000000002
2012,11,20,21,30,0,0,0,1.5,4,142.96
2012,11,20,22,30,0,0,0,1.6,3,153.85
2012,11,20,23,30,0,0,0,1.8,3,161.79
2012,11,21,0,30,0,0,0,2,2,162.07
2012,11,21,1,30,0,0,0,2.1,1,154.44
2012,11,21,2,30,0,0,0,2.2,1,143.64000000000001
2012,11,21,3,30,0,0,0,2.2,0,131.89000000000001
2012,11,21,4,30,0,0,0,2.3000000000000003,0,119.91
2012,11,21,5,30,0,0,0,2.3000000000000003,0,108.03
2012,11,21,6,30,0,0,0,2.3000000000000003,0,96.52
2012,11,21,7,30,58,23,463,2.9000000000000004,2,85.62
2012,11,21,8,30,239,46,784,3.3000000000000003,6,75.71000000000001
2012,11,21,9,30,406,57,901,2.8000000000000003,10,67.26
2012,11,21,10,30,528,64,955,2.3000000000000003,13,60.94
2012,11,21,11,30,594,68,977,2,15,57.46
2012,11,21,12,30,595,69,975,1.9000000000000001,16,57.36
2012,11,21,13,30,533,66,952,1.8,17,60.660000000000004
2012,11,21,14,30,413,58,903,1.5,17,66.84
2012,11,21,15,30,248,47,788,0.9,15,75.19
2012,11,21,16,30,67,25,488,0.6000000000000001,13,85.03
2012,11,21,17,30,0,0,0,0.5,11,95.88
2012,11,21,18,30,0,0,0,0.5,10,107.37
2012,11,21,19,30,0,0,0,0.7000000000000001,8,119.24000000000001
2012,11,21,20,30,0,0,0,0.9,7,131.23
2012,11,21,21,30,0,0,0,1,6,143.03
2012,11,21,22,30,0,0,0,1,5,153.96
2012,11,21,23,30,0,0,0,0.9,5,161.97
2012,11,22,0,30,0,0,0,0.6000000000000001,4,162.29
2012,11,22,1,30,0,0,0,0.30000000000000004,4,154.63
2012,11,22,2,30,0,0,0,0.2,4,143.82
2012,11,22,3,30,0,0,0,0.30000000000000004,3,132.06
2012,11,22,4,30,0,0,0,0.4,3,120.07000000000001
2012,11,22,5,30,0,0,0,0.4,3,108.2
2012,11,22,6,30,0,0,0,0.30000000000000004,3,96.69
2012,11,22,7,30,52,23,394,0.30000000000000004,4,85.81
2012,11,22,8,30,228,49,735,0.9,7,75.91
2012,11,22,9,30,393,62,865,1.8,10,67.48
2012,11,22,10,30,516,69,926,2.7,12,61.160000000000004
2012,11,22,11,30,583,66,967,3.5,14,57.68
2012,11,22,12,30,585,66,968,4.1000000000000005,15,57.56
2012,11,22,13,30,524,62,949,4.3,16,60.83
2012,11,22,14,30,406,52,905,4.3,16,66.99
2012,11,22,15,30,244,42,795,3.2,14,75.31
2012,11,22,16,30,65,23,501,2.2,10,85.13
2012,11,22,17,30,0,0,0,2.4000000000000004,7,95.96000000000001
2012,11,22,18,30,0,0,0,2.4000000000000004,6,107.44
2012,11,22,19,30,0,0,0,2.1,4,119.3
2012,11,22,20,30,0,0,0,1.8,3,131.29
2012,11,22,21,30,0,0,0,1.6,2,143.1
2012,11,22,22,30,0,0,0,1.4000000000000001,1,154.06
2012,11,22,23,30,0,0,0,1.2000000000000002,1,162.14000000000001
2012,11,23,0,30,0,0,0,1.1,1,162.51
2012,11,23,1,30,0,0,0,0.9,1,154.83
2012,11,23,2,30,0,0,0,0.5,1,143.99
2012,11,23,3,30,0,0,0,0.2,0,132.22
2012,11,23,4,30,0,0,0,0.4,0,120.24000000000001
2012,11,23,5,30,0,0,0,0.7000000000000001,0,108.37
2012,11,23,6,30,0,0,0,0.8,0,96.87
2012,11,23,7,30,53,20,465,1.1,1,86
2012,11,23,8,30,230,40,792,1.7000000000000002,4,76.11
2012,11,23,9,30,396,50,910,2,6,67.69
2012,11,23,10,30,518,57,963,2,9,61.370000000000005
2012,11,23,11,30,583,65,975,1.6,12,57.89
2012,11,23,12,30,586,65,975,0.9,13,57.76
2012,11,23,13,30,525,62,953,0.7000000000000001,13,61
2012,11,23,14,30,407,52,913,1.1,13,67.13
2012,11,23,15,30,244,42,802,1.2000000000000002,11,75.42
2012,11,23,16,30,65,22,508,1,8,85.22
2012,11,23,17,30,0,0,0,1,6,96.03
2012,11,23,18,30,0,0,0,0.9,5,107.49000000000001
2012,11,23,19,30,0,0,0,0.8,5,119.35000000000001
2012,11,23,20,30,0,0,0,0.6000000000000001,5,131.34
2012,11,23,21,30,0,0,0,0.4,4,143.16
2012,11,23,22,30,0,0,0,0.2,4,154.15
2012,11,23,23,30,0,0,0,0.4,3,162.3
2012,11,24,0,30,0,0,0,0.7000000000000001,2,162.72
2012,11,24,1,30,0,0,0,0.8,1,155.02
2012,11,24,2,30,0,0,0,0.9,1,144.16
2012,11,24,3,30,0,0,0,1,1,132.38
2012,11,24,4,30,0,0,0,1.1,1,120.4
2012,11,24,5,30,0,0,0,1.2000000000000002,1,108.54
2012,11,24,6,30,0,0,0,1.3,1,97.05
2012,11,24,7,30,51,20,464,1.2000000000000002,2,86.18
2012,11,24,8,30,230,40,801,1.6,6,76.31
2012,11,24,9,30,397,51,920,1.7000000000000002,9,67.89
2012,11,24,10,30,521,57,974,1.2000000000000002,12,61.58
2012,11,24,11,30,588,57,1004,1.2000000000000002,14,58.1
2012,11,24,12,30,591,58,1005,1.5,15,57.95
2012,11,24,13,30,531,55,986,1.8,16,61.17
2012,11,24,14,30,412,49,939,2,15,67.26
2012,11,24,15,30,248,40,831,1.5,13,75.52
2012,11,24,16,30,66,22,537,1.2000000000000002,9,85.3
2012,11,24,17,30,0,0,0,1.4000000000000001,7,96.09
2012,11,24,18,30,0,0,0,1.3,7,107.55
2012,11,24,19,30,0,0,0,1.1,6,119.39
2012,11,24,20,30,0,0,0,0.8,6,131.38
2012,11,24,21,30,0,0,0,0.4,6,143.21
2012,11,24,22,30,0,0,0,0.2,6,154.24
2012,11,24,23,30,0,0,0,0.4,5,162.46
2012,11,25,0,30,0,0,0,0.6000000000000001,4,162.93
2012,11,25,1,30,0,0,0,0.6000000000000001,4,155.21
2012,11,25,2,30,0,0,0,0.6000000000000001,3,144.33
2012,11,25,3,30,0,0,0,0.6000000000000001,2,132.55
2012,11,25,4,30,0,0,0,0.6000000000000001,2,120.56
2012,11,25,5,30,0,0,0,0.7000000000000001,2,108.7
2012,11,25,6,30,0,0,0,0.8,2,97.22
2012,11,25,7,30,48,19,454,0.8,3,86.37
2012,11,25,8,30,227,41,796,1.2000000000000002,6,76.5
2012,11,25,9,30,394,53,912,1.6,9,68.09
2012,11,25,10,30,516,61,964,2,12,61.79
2012,11,25,11,30,581,68,976,2.9000000000000004,15,58.300000000000004
2012,11,25,12,30,582,69,972,3.5,16,58.13
2012,11,25,13,30,521,66,947,3.8000000000000003,16,61.32
2012,11,25,14,30,404,56,905,3.4000000000000004,15,67.39
2012,11,25,15,30,241,45,787,2.1,13,75.62
2012,11,25,16,30,62,23,476,1.3,9,85.37
2012,11,25,17,30,0,0,0,1.3,8,96.15
2012,11,25,18,30,0,0,0,1.2000000000000002,7,107.59
2012,11,25,19,30,0,0,0,1,6,119.43
2012,11,25,20,30,0,0,0,0.8,6,131.42000000000002
2012,11,25,21,30,0,0,0,0.6000000000000001,6,143.26
2012,11,25,22,30,0,0,0,0.4,5,154.31
2012,11,25,23,30,0,0,0,0.2,4,162.6
2012,11,26,0,30,0,0,0,0.1,4,163.13
2012,11,26,1,30,0,0,0,0.2,4,155.39000000000001
2012,11,26,2,30,0,0,0,0.4,3,144.5
2012,11,26,3,30,0,0,0,0.6000000000000001,3,132.71
2012,11,26,4,30,0,0,0,0.7000000000000001,3,120.72
2012,11,26,5,30,0,0,0,0.8,3,108.87
2012,11,26,6,30,0,0,0,0.9,2,97.39
2012,11,26,7,30,42,21,343,0.8,3,86.55
2012,11,26,8,30,215,48,727,0.9,5,76.69
2012,11,26,9,30,383,61,871,1.4000000000000001,8,68.29
2012,11,26,10,30,509,68,939,1.9000000000000001,11,61.99
2012,11,26,11,30,579,69,975,2.4000000000000004,13,58.49
2012,11,26,12,30,584,69,979,2.8000000000000003,14,58.31
2012,11,26,13,30,523,66,957,3.1,14,61.47
2012,11,26,14,30,406,58,910,3.2,13,67.51
2012,11,26,15,30,242,46,794,2.3000000000000003,11,75.72
2012,11,26,16,30,62,24,480,1.5,7,85.44
2012,11,26,17,30,0,0,0,1.5,5,96.2
2012,11,26,18,30,0,0,0,1.4000000000000001,4,107.63
2012,11,26,19,30,0,0,0,1.2000000000000002,4,119.46000000000001
2012,11,26,20,30,0,0,0,1.1,4,131.45
2012,11,26,21,30,0,0,0,0.9,4,143.3
2012,11,26,22,30,0,0,0,0.6000000000000001,4,154.38
2012,11,26,23,30,0,0,0,0.4,3,162.74
2012,11,27,0,30,0,0,0,0.6000000000000001,2,163.33
2012,11,27,1,30,0,0,0,0.9,1,155.57
2012,11,27,2,30,0,0,0,1,1,144.66
2012,11,27,3,30,0,0,0,1.1,1,132.87
2012,11,27,4,30,0,0,0,1.2000000000000002,1,120.88
2012,11,27,5,30,0,0,0,1.3,1,109.03
2012,11,27,6,30,0,0,0,1.3,1,97.56
2012,11,27,7,30,42,20,392,1.3,2,86.72
2012,11,27,8,30,219,44,771,1.8,5,76.87
2012,11,27,9,30,387,56,901,1.8,8,68.48
2012,11,27,10,30,511,64,959,1.3,11,62.190000000000005
2012,11,27,11,30,578,69,978,1.4000000000000001,12,58.68
2012,11,27,12,30,581,70,975,1.4000000000000001,13,58.480000000000004
2012,11,27,13,30,520,68,951,1.2000000000000002,14,61.620000000000005
2012,11,27,14,30,404,56,913,1,14,67.62
2012,11,27,15,30,241,45,796,0.7000000000000001,12,75.8
2012,11,27,16,30,61,23,482,0.8,9,85.51
2012,11,27,17,30,0,0,0,1.1,7,96.25
2012,11,27,18,30,0,0,0,1.4000000000000001,5,107.66
2012,11,27,19,30,0,0,0,1.5,4,119.48
2012,11,27,20,30,0,0,0,1.5,3,131.47
2012,11,27,21,30,0,0,0,1.5,3,143.33
2012,11,27,22,30,0,0,0,1.6,2,154.44
2012,11,27,23,30,0,0,0,1.6,1,162.87
2012,11,28,0,30,0,0,0,1.5,1,163.52
2012,11,28,1,30,0,0,0,1.5,1,155.75
2012,11,28,2,30,0,0,0,1.5,1,144.83
2012,11,28,3,30,0,0,0,1.6,1,133.02
2012,11,28,4,30,0,0,0,1.7000000000000002,1,121.04
2012,11,28,5,30,0,0,0,1.8,1,109.19
2012,11,28,6,30,0,0,0,1.9000000000000001,1,97.73
2012,11,28,7,30,37,20,326,2.4000000000000004,2,86.9
2012,11,28,8,30,207,48,709,3.1,6,77.06
2012,11,28,9,30,371,61,851,3.1,9,68.67
2012,11,28,10,30,339,203,294,2.4000000000000004,12,62.38
2012,11,28,11,30,410,219,369,2.1,15,58.86
2012,11,28,12,30,562,68,949,2.1,16,58.64
2012,11,28,13,30,504,64,928,2,17,61.75
2012,11,28,14,30,390,55,884,1.5,16,67.73
2012,11,28,15,30,231,45,762,0.7000000000000001,15,75.88
2012,11,28,16,30,57,23,443,0.30000000000000004,13,85.56
2012,11,28,17,30,0,0,0,0.5,11,96.29
2012,11,28,18,30,0,0,0,0.7000000000000001,9,107.69
2012,11,28,19,30,0,0,0,0.8,8,119.5
2012,11,28,20,30,0,0,0,1,7,131.49
2012,11,28,21,30,0,0,0,1.1,6,143.36
2012,11,28,22,30,0,0,0,1.1,4,154.5
2012,11,28,23,30,0,0,0,1.1,4,163
2012,11,29,0,30,0,0,0,1,3,163.71
2012,11,29,1,30,0,0,0,0.9,3,155.93
2012,11,29,2,30,0,0,0,0.9,2,144.99
2012,11,29,3,30,0,0,0,0.9,2,133.18
2012,11,29,4,30,0,0,0,0.9,2,121.2
2012,11,29,5,30,0,0,0,0.8,2,109.35000000000001
2012,11,29,6,30,0,0,0,0.7000000000000001,2,97.89
2012,11,29,7,30,20,20,0,0.7000000000000001,3,87.07000000000001
2012,11,29,8,30,200,51,673,0.9,6,77.24
2012,11,29,9,30,363,66,822,1.7000000000000002,9,68.86
2012,11,29,10,30,485,75,890,3,12,62.56
2012,11,29,11,30,553,72,935,3.7,13,59.04
2012,11,29,12,30,438,201,458,3.8000000000000003,14,58.800000000000004
2012,11,29,13,30,497,69,907,3.7,15,61.88
2012,11,29,14,30,381,62,845,3.2,14,67.83
2012,11,29,15,30,223,50,712,2,12,75.95
2012,11,29,16,30,53,24,378,1,10,85.61
2012,11,29,17,30,0,0,0,0.8,9,96.32000000000001
2012,11,29,18,30,0,0,0,0.7000000000000001,8,107.71000000000001
2012,11,29,19,30,0,0,0,0.8,6,119.52
2012,11,29,20,30,0,0,0,0.9,5,131.5
2012,11,29,21,30,0,0,0,1,5,143.38
2012,11,29,22,30,0,0,0,1.1,4,154.54
2012,11,29,23,30,0,0,0,1.1,3,163.11
2012,11,30,0,30,0,0,0,1,3,163.89000000000001
2012,11,30,1,30,0,0,0,1,3,156.1
2012,11,30,2,30,0,0,0,1,2,145.15
2012,11,30,3,30,0,0,0,1,2,133.34
2012,11,30,4,30,0,0,0,1.1,2,121.35000000000001
2012,11,30,5,30,0,0,0,1.2000000000000002,1,109.51
2012,11,30,6,30,0,0,0,1.3,1,98.06
2012,11,30,7,30,23,23,0,1.5,3,87.24
2012,11,30,8,30,129,83,211,1.7000000000000002,6,77.41
2012,11,30,9,30,268,133,375,1.9000000000000001,10,69.04
2012,11,30,10,30,480,67,900,2.6,13,62.74
2012,11,30,11,30,454,163,569,3.5,14,59.21
2012,11,30,12,30,441,192,483,3.9000000000000004,15,58.95
2012,11,30,13,30,319,214,222,3.9000000000000004,16,62
2012,11,30,14,30,289,139,398,3.5,15,67.92
2012,11,30,15,30,174,78,398,2.2,13,76.02
2012,11,30,16,30,27,26,17,1.2000000000000002,10,85.66
2012,11,30,17,30,0,0,0,1,8,96.35000000000001
2012,11,30,18,30,0,0,0,0.8,8,107.73
2012,11,30,19,30,0,0,0,0.7000000000000001,7,119.52
2012,11,30,20,30,0,0,0,0.9,7,131.51
2012,11,30,21,30,0,0,0,1,6,143.39000000000001
2012,11,30,22,30,0,0,0,1.1,5,154.58
2012,11,30,23,30,0,0,0,1,5,163.22
2012,12,1,0,30,0,0,0,0.9,5,164.07
2012,12,1,1,30,0,0,0,0.7000000000000001,4,156.27
2012,12,1,2,30,0,0,0,0.6000000000000001,3,145.31
2012,12,1,3,30,0,0,0,0.6000000000000001,3,133.49
2012,12,1,4,30,0,0,0,0.6000000000000001,3,121.51
2012,12,1,5,30,0,0,0,0.6000000000000001,3,109.67
2012,12,1,6,30,0,0,0,0.6000000000000001,3,98.22
2012,12,1,7,30,30,18,259,0.8,4,87.41
2012,12,1,8,30,193,46,685,1.2000000000000002,7,77.58
2012,12,1,9,30,355,59,835,2.1,9,69.21000000000001
2012,12,1,10,30,369,174,428,2.7,12,62.910000000000004
2012,12,1,11,30,472,138,655,2.9000000000000004,13,59.370000000000005
2012,12,1,12,30,427,203,437,2.8000000000000003,14,59.09
2012,12,1,13,30,276,216,128,2.5,15,62.120000000000005
2012,12,1,14,30,283,142,376,1.9000000000000001,14,68.01
2012,12,1,15,30,127,97,124,1.1,13,76.08
2012,12,1,16,30,29,26,42,0.7000000000000001,11,85.7
2012,12,1,17,30,0,0,0,0.8,10,96.37
2012,12,1,18,30,0,0,0,0.9,9,107.73
2012,12,1,19,30,0,0,0,1.1,7,119.53
2012,12,1,20,30,0,0,0,1.2000000000000002,6,131.51
2012,12,1,21,30,0,0,0,1.3,6,143.4
2012,12,1,22,30,0,0,0,1.4000000000000001,5,154.62
2012,12,1,23,30,0,0,0,1.4000000000000001,5,163.31
2012,12,2,0,30,0,0,0,1.5,4,164.23
2012,12,2,1,30,0,0,0,1.5,4,156.44
2012,12,2,2,30,0,0,0,1.5,4,145.46
2012,12,2,3,30,0,0,0,1.5,4,133.64000000000001
2012,12,2,4,30,0,0,0,1.5,3,121.66
2012,12,2,5,30,0,0,0,1.5,3,109.82000000000001
2012,12,2,6,30,0,0,0,1.4000000000000001,2,98.38
2012,12,2,7,30,29,16,286,1.7000000000000002,3,87.57000000000001
2012,12,2,8,30,195,42,721,2.3000000000000003,6,77.75
2012,12,2,9,30,359,54,866,2.6,10,69.39
2012,12,2,10,30,481,61,928,3,13,63.08
2012,12,2,11,30,545,66,945,3.5,14,59.53
2012,12,2,12,30,548,67,941,3.8000000000000003,15,59.22
2012,12,2,13,30,490,64,913,4.1000000000000005,16,62.22
2012,12,2,14,30,378,52,873,4,16,68.08
2012,12,2,15,30,222,43,748,2.8000000000000003,14,76.13
2012,12,2,16,30,43,25,252,1.5,10,85.73
2012,12,2,17,30,0,0,0,1.4000000000000001,8,96.38
2012,12,2,18,30,0,0,0,1.5,7,107.74000000000001
2012,12,2,19,30,0,0,0,1.6,7,119.52
2012,12,2,20,30,0,0,0,1.9000000000000001,7,131.5
2012,12,2,21,30,0,0,0,2.2,7,143.4
2012,12,2,22,30,0,0,0,2.4000000000000004,7,154.64000000000001
2012,12,2,23,30,0,0,0,2.4000000000000004,6,163.4
2012,12,3,0,30,0,0,0,2.7,6,164.4
2012,12,3,1,30,0,0,0,3.2,6,156.6
2012,12,3,2,30,0,0,0,3.6,6,145.62
2012,12,3,3,30,0,0,0,3.9000000000000004,6,133.79
2012,12,3,4,30,0,0,0,4,6,121.81
2012,12,3,5,30,0,0,0,3.6,5,109.98
2012,12,3,6,30,0,0,0,2.8000000000000003,4,98.53
2012,12,3,7,30,26,17,220,2.5,5,87.73
2012,12,3,8,30,189,44,693,3.3000000000000003,7,77.92
2012,12,3,9,30,355,53,863,4.3,10,69.55
2012,12,3,10,30,479,58,935,5,11,63.24
2012,12,3,11,30,196,187,17,5.2,12,59.68
2012,12,3,12,30,556,60,972,5.300000000000001,13,59.35
2012,12,3,13,30,373,182,411,5.4,13,62.32
2012,12,3,14,30,383,62,863,5.1000000000000005,13,68.16
2012,12,3,15,30,101,92,36,3.7,11,76.18
2012,12,3,16,30,44,25,252,2.3000000000000003,7,85.75
2012,12,3,17,30,0,0,0,1.8,4,96.39
2012,12,3,18,30,0,0,0,1.7000000000000002,3,107.74000000000001
2012,12,3,19,30,0,0,0,1.5,3,119.51
2012,12,3,20,30,0,0,0,1.4000000000000001,2,131.49
2012,12,3,21,30,0,0,0,1.3,2,143.39000000000001
2012,12,3,22,30,0,0,0,1.3,2,154.66
2012,12,3,23,30,0,0,0,1.3,2,163.48
2012,12,4,0,30,0,0,0,1.3,2,164.55
2012,12,4,1,30,0,0,0,1.2000000000000002,2,156.76
2012,12,4,2,30,0,0,0,1.2000000000000002,2,145.77
2012,12,4,3,30,0,0,0,1.2000000000000002,2,133.94
2012,12,4,4,30,0,0,0,1.2000000000000002,1,121.95
2012,12,4,5,30,0,0,0,1.4000000000000001,1,110.13
2012,12,4,6,30,0,0,0,1.2000000000000002,1,98.69
2012,12,4,7,30,14,14,0,1.1,2,87.89
2012,12,4,8,30,103,81,108,1.3,4,78.08
2012,12,4,9,30,202,149,150,1.5,7,69.71000000000001
2012,12,4,10,30,233,198,78,1.9000000000000001,10,63.4
2012,12,4,11,30,333,236,192,2.6,12,59.82
2012,12,4,12,30,345,236,213,3,13,59.47
2012,12,4,13,30,486,60,919,3.3000000000000003,14,62.42
2012,12,4,14,30,375,54,864,3.1,13,68.22
2012,12,4,15,30,221,43,744,2.1,11,76.22
2012,12,4,16,30,25,25,0,1.1,9,85.77
2012,12,4,17,30,0,0,0,0.9,7,96.4
2012,12,4,18,30,0,0,0,0.7000000000000001,7,107.73
2012,12,4,19,30,0,0,0,0.6000000000000001,6,119.5
2012,12,4,20,30,0,0,0,0.5,6,131.47
2012,12,4,21,30,0,0,0,0.4,5,143.38
2012,12,4,22,30,0,0,0,0.2,5,154.67000000000002
2012,12,4,23,30,0,0,0,0.1,5,163.55
2012,12,5,0,30,0,0,0,0.30000000000000004,5,164.70000000000002
2012,12,5,1,30,0,0,0,0.5,4,156.92000000000002
2012,12,5,2,30,0,0,0,0.8,3,145.92000000000002
2012,12,5,3,30,0,0,0,1.1,3,134.08
2012,12,5,4,30,0,0,0,1.2000000000000002,2,122.10000000000001
2012,12,5,5,30,0,0,0,1.4000000000000001,1,110.28
2012,12,5,6,30,0,0,0,1.6,1,98.84
2012,12,5,7,30,20,20,0,2.1,3,88.04
2012,12,5,8,30,173,53,590,2.9000000000000004,7,78.24
2012,12,5,9,30,222,144,226,3.2,10,69.87
2012,12,5,10,30,414,101,701,2.8000000000000003,13,63.550000000000004
2012,12,5,11,30,423,189,468,2.2,15,59.96
2012,12,5,12,30,336,239,192,1.9000000000000001,16,59.59
2012,12,5,13,30,381,173,452,1.9000000000000001,17,62.5
2012,12,5,14,30,255,153,274,1.7000000000000002,17,68.28
2012,12,5,15,30,98,90,31,1.2000000000000002,15,76.25
2012,12,5,16,30,18,18,0,1,12,85.78
2012,12,5,17,30,0,0,0,1,10,96.39
2012,12,5,18,30,0,0,0,0.7000000000000001,10,107.71000000000001
2012,12,5,19,30,0,0,0,0.4,9,119.47
2012,12,5,20,30,0,0,0,0.5,8,131.45
2012,12,5,21,30,0,0,0,0.8,6,143.36
2012,12,5,22,30,0,0,0,1,5,154.67000000000002
2012,12,5,23,30,0,0,0,1,4,163.62
2012,12,6,0,30,0,0,0,0.9,4,164.85
2012,12,6,1,30,0,0,0,0.9,3,157.07
2012,12,6,2,30,0,0,0,0.9,3,146.06
2012,12,6,3,30,0,0,0,0.8,2,134.23
2012,12,6,4,30,0,0,0,0.8,2,122.25
2012,12,6,5,30,0,0,0,0.7000000000000001,2,110.42
2012,12,6,6,30,0,0,0,0.7000000000000001,2,98.99000000000001
2012,12,6,7,30,8,8,0,0.6000000000000001,3,88.2
2012,12,6,8,30,75,73,9,0.7000000000000001,5,78.39
2012,12,6,9,30,178,146,94,1,8,70.02
2012,12,6,10,30,446,89,805,1.8,11,63.7
2012,12,6,11,30,521,79,885,2.6,12,60.09
2012,12,6,12,30,529,78,893,3.2,13,59.69
2012,12,6,13,30,375,177,430,3.4000000000000004,13,62.58
2012,12,6,14,30,366,65,815,3.4000000000000004,12,68.33
2012,12,6,15,30,141,93,203,2.4000000000000004,11,76.27
2012,12,6,16,30,42,25,239,1.4000000000000001,8,85.79
2012,12,6,17,30,0,0,0,1.2000000000000002,6,96.39
2012,12,6,18,30,0,0,0,1.2000000000000002,6,107.69
2012,12,6,19,30,0,0,0,1.2000000000000002,5,119.45
2012,12,6,20,30,0,0,0,1.2000000000000002,5,131.42000000000002
2012,12,6,21,30,0,0,0,1.1,5,143.34
2012,12,6,22,30,0,0,0,1,4,154.67000000000002
2012,12,6,23,30,0,0,0,0.9,4,163.67000000000002
2012,12,7,0,30,0,0,0,0.9,4,164.99
2012,12,7,1,30,0,0,0,0.9,3,157.22
2012,12,7,2,30,0,0,0,1,2,146.21
2012,12,7,3,30,0,0,0,1,2,134.37
2012,12,7,4,30,0,0,0,1,1,122.39
2012,12,7,5,30,0,0,0,1,1,110.56
2012,12,7,6,30,0,0,0,1,1,99.13
2012,12,7,7,30,19,14,183,1.2000000000000002,2,88.34
2012,12,7,8,30,174,46,641,2,5,78.54
2012,12,7,9,30,336,60,815,3,7,70.17
2012,12,7,10,30,461,66,894,3.8000000000000003,9,63.83
2012,12,7,11,30,533,66,939,4.4,10,60.21
2012,12,7,12,30,541,68,940,4.9,11,59.79
2012,12,7,13,30,486,66,914,5,11,62.65
2012,12,7,14,30,377,57,869,4.800000000000001,11,68.37
2012,12,7,15,30,223,46,747,3.6,9,76.29
2012,12,7,16,30,54,22,427,2.2,6,85.79
2012,12,7,17,30,0,0,0,1.7000000000000002,4,96.37
2012,12,7,18,30,0,0,0,1.6,3,107.67
2012,12,7,19,30,0,0,0,1.4000000000000001,2,119.42
2012,12,7,20,30,0,0,0,1.3,2,131.39000000000001
2012,12,7,21,30,0,0,0,1.2000000000000002,2,143.31
2012,12,7,22,30,0,0,0,1.1,2,154.66
2012,12,7,23,30,0,0,0,1,2,163.72
2012,12,8,0,30,0,0,0,0.7000000000000001,2,165.12
2012,12,8,1,30,0,0,0,0.6000000000000001,2,157.36
2012,12,8,2,30,0,0,0,0.7000000000000001,1,146.35
2012,12,8,3,30,0,0,0,0.9,0,134.51
2012,12,8,4,30,0,0,0,1,0,122.53
2012,12,8,5,30,0,0,0,1,0,110.71000000000001
2012,12,8,6,30,0,0,0,1,0,99.28
2012,12,8,7,30,18,18,0,1.2000000000000002,0,88.49
2012,12,8,8,30,177,41,692,1.8,2,78.68
2012,12,8,9,30,341,54,851,2.9000000000000004,5,70.31
2012,12,8,10,30,467,60,926,3.7,8,63.97
2012,12,8,11,30,539,60,967,4.2,9,60.32
2012,12,8,12,30,548,60,973,4.6000000000000005,10,59.88
2012,12,8,13,30,495,57,954,4.9,11,62.72
2012,12,8,14,30,384,51,905,4.9,11,68.41
2012,12,8,15,30,227,39,795,3.6,9,76.31
2012,12,8,16,30,56,20,491,2.1,5,85.79
2012,12,8,17,30,0,0,0,1.9000000000000001,2,96.35000000000001
2012,12,8,18,30,0,0,0,1.8,2,107.64
2012,12,8,19,30,0,0,0,1.7000000000000002,1,119.38
2012,12,8,20,30,0,0,0,1.7000000000000002,0,131.35
2012,12,8,21,30,0,0,0,1.8,0,143.27
2012,12,8,22,30,0,0,0,1.8,0,154.64000000000001
2012,12,8,23,30,0,0,0,1.8,-1,163.76
2012,12,9,0,30,0,0,0,1.9000000000000001,-1,165.24
2012,12,9,1,30,0,0,0,2,-1,157.51
2012,12,9,2,30,0,0,0,2.1,-1,146.49
2012,12,9,3,30,0,0,0,2.5,-1,134.65
2012,12,9,4,30,0,0,0,3,-1,122.66
2012,12,9,5,30,0,0,0,3.2,-1,110.84
2012,12,9,6,30,0,0,0,3.2,-1,99.41
2012,12,9,7,30,6,6,0,3.8000000000000003,0,88.63
2012,12,9,8,30,60,60,0,4.9,0,78.82000000000001
2012,12,9,9,30,136,128,23,5.800000000000001,0,70.44
2012,12,9,10,30,166,159,14,6.7,0,64.09
2012,12,9,11,30,165,162,7,7.6000000000000005,1,60.43
2012,12,9,12,30,405,204,402,8.200000000000001,1,59.97
2012,12,9,13,30,217,194,50,8.4,0,62.77
2012,12,9,14,30,287,131,425,8.1,0,68.44
2012,12,9,15,30,237,45,811,7.1000000000000005,0,76.31
2012,12,9,16,30,59,22,501,5.6000000000000005,-2,85.77
2012,12,9,17,30,0,0,0,4.6000000000000005,-3,96.32000000000001
2012,12,9,18,30,0,0,0,3.9000000000000004,-4,107.60000000000001
2012,12,9,19,30,0,0,0,3.1,-5,119.34
2012,12,9,20,30,0,0,0,2.6,-5,131.3
2012,12,9,21,30,0,0,0,2.4000000000000004,-5,143.23
2012,12,9,22,30,0,0,0,2.4000000000000004,-5,154.62
2012,12,9,23,30,0,0,0,2.6,-5,163.79
2012,12,10,0,30,0,0,0,2.8000000000000003,-5,165.36
2012,12,10,1,30,0,0,0,3.1,-5,157.64000000000001
2012,12,10,2,30,0,0,0,3.4000000000000004,-5,146.63
2012,12,10,3,30,0,0,0,3.6,-5,134.78
2012,12,10,4,30,0,0,0,3.7,-5,122.8
2012,12,10,5,30,0,0,0,3.8000000000000003,-5,110.98
2012,12,10,6,30,0,0,0,4,-5,99.55
2012,12,10,7,30,17,11,294,4.5,-4,88.76
2012,12,10,8,30,180,36,750,5.300000000000001,-3,78.96000000000001
2012,12,10,9,30,346,48,894,5.7,-1,70.57000000000001
2012,12,10,10,30,471,55,957,5.800000000000001,0,64.21000000000001
2012,12,10,11,30,541,54,991,6,1,60.54
2012,12,10,12,30,551,57,988,6.300000000000001,2,60.050000000000004
2012,12,10,13,30,497,57,963,6.5,3,62.82
2012,12,10,14,30,385,54,903,6.300000000000001,4,68.46000000000001
2012,12,10,15,30,228,45,774,5.1000000000000005,2,76.31
2012,12,10,16,30,55,23,433,3.5,0,85.75
2012,12,10,17,30,0,0,0,2.8000000000000003,-1,96.29
2012,12,10,18,30,0,0,0,2.8000000000000003,-1,107.56
2012,12,10,19,30,0,0,0,2.9000000000000004,-1,119.29
2012,12,10,20,30,0,0,0,2.9000000000000004,-1,131.25
2012,12,10,21,30,0,0,0,2.9000000000000004,-1,143.18
2012,12,10,22,30,0,0,0,3,-2,154.59
2012,12,10,23,30,0,0,0,3.2,-2,163.81
2012,12,11,0,30,0,0,0,3.2,-2,165.47
2012,12,11,1,30,0,0,0,3,-2,157.78
2012,12,11,2,30,0,0,0,2.8000000000000003,-3,146.76
2012,12,11,3,30,0,0,0,2.5,-3,134.91
2012,12,11,4,30,0,0,0,2.2,-3,122.93
2012,12,11,5,30,0,0,0,1.7000000000000002,-4,111.11
2012,12,11,6,30,0,0,0,1.4000000000000001,-4,99.68
2012,12,11,7,30,16,11,230,1.9000000000000001,-3,88.9
2012,12,11,8,30,176,39,720,2.8000000000000003,-1,79.09
2012,12,11,9,30,342,53,874,3.6,1,70.7
2012,12,11,10,30,467,60,939,4.2,2,64.33
2012,12,11,11,30,535,72,942,4.4,3,60.63
2012,12,11,12,30,543,73,943,4.2,4,60.120000000000005
2012,12,11,13,30,490,70,921,3.8000000000000003,4,62.86
2012,12,11,14,30,291,128,444,3.4000000000000004,4,68.47
2012,12,11,15,30,153,87,279,2.3000000000000003,2,76.31
2012,12,11,16,30,39,26,170,1.3,0,85.73
2012,12,11,17,30,0,0,0,1.1,0,96.26
2012,12,11,18,30,0,0,0,0.9,-1,107.51
2012,12,11,19,30,0,0,0,0.8,-1,119.24000000000001
2012,12,11,20,30,0,0,0,0.6000000000000001,0,131.2
2012,12,11,21,30,0,0,0,0.6000000000000001,0,143.13
2012,12,11,22,30,0,0,0,0.9,-1,154.55
2012,12,11,23,30,0,0,0,1.2000000000000002,-1,163.82
2012,12,12,0,30,0,0,0,1.4000000000000001,-2,165.57
2012,12,12,1,30,0,0,0,1.5,-2,157.91
2012,12,12,2,30,0,0,0,1.7000000000000002,-2,146.89000000000001
2012,12,12,3,30,0,0,0,2,-3,135.04
2012,12,12,4,30,0,0,0,2.4000000000000004,-3,123.06
2012,12,12,5,30,0,0,0,2.8000000000000003,-3,111.24000000000001
2012,12,12,6,30,0,0,0,3.2,-3,99.81
2012,12,12,7,30,0,0,0,3.9000000000000004,-2,89.02
2012,12,12,8,30,81,71,53,4.4,0,79.21000000000001
2012,12,12,9,30,334,55,851,4.1000000000000005,2,70.82000000000001
2012,12,12,10,30,292,192,231,3.3000000000000003,5,64.43
2012,12,12,11,30,421,174,505,2.8000000000000003,7,60.72
2012,12,12,12,30,422,190,467,2.5,8,60.18
2012,12,12,13,30,227,199,62,2,9,62.9
2012,12,12,14,30,215,161,147,1.3,8,68.48
2012,12,12,15,30,111,94,71,1,5,76.29
2012,12,12,16,30,27,26,20,1.2000000000000002,3,85.7
2012,12,12,17,30,0,0,0,1.6,1,96.21000000000001
2012,12,12,18,30,0,0,0,2,1,107.46000000000001
2012,12,12,19,30,0,0,0,2.3000000000000003,1,119.18
2012,12,12,20,30,0,0,0,2.6,1,131.14000000000001
2012,12,12,21,30,0,0,0,2.7,1,143.08
2012,12,12,22,30,0,0,0,2.8000000000000003,1,154.51
2012,12,12,23,30,0,0,0,2.7,0,163.83
2012,12,13,0,30,0,0,0,2.7,0,165.66
2012,12,13,1,30,0,0,0,2.7,0,158.03
2012,12,13,2,30,0,0,0,2.9000000000000004,0,147.02
2012,12,13,3,30,0,0,0,3.1,0,135.17000000000002
2012,12,13,4,30,0,0,0,3.4000000000000004,0,123.19
2012,12,13,5,30,0,0,0,3.7,0,111.37
2012,12,13,6,30,0,0,0,3.8000000000000003,0,99.94
2012,12,13,7,30,0,0,0,4.1000000000000005,0,89.15
2012,12,13,8,30,108,68,216,4.5,2,79.33
2012,12,13,9,30,229,127,309,4.6000000000000005,5,70.93
2012,12,13,10,30,357,152,476,4.4,8,64.53
2012,12,13,11,30,393,198,399,4.1000000000000005,10,60.800000000000004
2012,12,13,12,30,425,182,489,3.6,11,60.230000000000004
2012,12,13,13,30,328,200,281,2.8000000000000003,11,62.92
2012,12,13,14,30,275,140,368,1.6,10,68.48
2012,12,13,15,30,127,95,131,1.1,7,76.27
2012,12,13,16,30,34,27,90,1.3,5,85.66
2012,12,13,17,30,0,0,0,1.5,3,96.16
2012,12,13,18,30,0,0,0,1.6,2,107.4
2012,12,13,19,30,0,0,0,1.8,1,119.12
2012,12,13,20,30,0,0,0,2.3000000000000003,1,131.07
2012,12,13,21,30,0,0,0,3.4000000000000004,2,143.01
2012,12,13,22,30,0,0,0,4.6000000000000005,1,154.46
2012,12,13,23,30,0,0,0,4.5,0,163.82
2012,12,14,0,30,0,0,0,3.9000000000000004,0,165.75
2012,12,14,1,30,0,0,0,3.5,1,158.15
2012,12,14,2,30,0,0,0,3.4000000000000004,1,147.14000000000001
2012,12,14,3,30,0,0,0,3.5,0,135.29
2012,12,14,4,30,0,0,0,3.3000000000000003,0,123.31
2012,12,14,5,30,0,0,0,3.4000000000000004,0,111.49000000000001
2012,12,14,6,30,0,0,0,3.5,0,100.06
2012,12,14,7,30,0,0,0,3.9000000000000004,1,89.27
2012,12,14,8,30,97,70,144,4.1000000000000005,2,79.45
2012,12,14,9,30,135,126,27,3.7,3,71.04
2012,12,14,10,30,9,9,0,3.4000000000000004,4,64.63
2012,12,14,11,30,25,25,0,3.9000000000000004,4,60.870000000000005
2012,12,14,12,30,212,197,28,5,5,60.28
2012,12,14,13,30,35,35,0,6,5,62.940000000000005
2012,12,14,14,30,13,13,0,6.2,4,68.48
2012,12,14,15,30,76,76,0,5.1000000000000005,3,76.25
2012,12,14,16,30,1,1,0,3.8000000000000003,2,85.62
2012,12,14,17,30,0,0,0,3.5,0,96.11
2012,12,14,18,30,0,0,0,3.6,0,107.34
2012,12,14,19,30,0,0,0,3.7,0,119.05
2012,12,14,20,30,0,0,0,3.7,0,131
2012,12,14,21,30,0,0,0,3.3000000000000003,0,142.95000000000002
2012,12,14,22,30,0,0,0,2.7,-1,154.4
2012,12,14,23,30,0,0,0,2,-1,163.81
2012,12,15,0,30,0,0,0,1.4000000000000001,-2,165.83
2012,12,15,1,30,0,0,0,0.8,-2,158.27
2012,12,15,2,30,0,0,0,0.6000000000000001,-1,147.26
2012,12,15,3,30,0,0,0,1.2000000000000002,-1,135.42000000000002
2012,12,15,4,30,0,0,0,1.8,0,123.43
2012,12,15,5,30,0,0,0,2.1,0,111.61
2012,12,15,6,30,0,0,0,2.2,0,100.18
2012,12,15,7,30,0,0,0,2.4000000000000004,0,89.39
2012,12,15,8,30,13,13,0,2.9000000000000004,0,79.56
2012,12,15,9,30,22,22,0,3.4000000000000004,2,71.14
2012,12,15,10,30,49,49,0,4.3,3,64.71000000000001
2012,12,15,11,30,131,131,0,5,3,60.94
2012,12,15,12,30,444,151,591,5,3,60.32
2012,12,15,13,30,226,198,61,4.4,3,62.96
2012,12,15,14,30,14,14,0,3.3000000000000003,2,68.46000000000001
2012,12,15,15,30,60,60,0,1.8,1,76.21000000000001
2012,12,15,16,30,10,10,0,0.9,0,85.57000000000001
2012,12,15,17,30,0,0,0,0.9,0,96.05
2012,12,15,18,30,0,0,0,1,0,107.27
2012,12,15,19,30,0,0,0,1.1,-1,118.98
2012,12,15,20,30,0,0,0,1.2000000000000002,-3,130.93
2012,12,15,21,30,0,0,0,1.5,-4,142.87
2012,12,15,22,30,0,0,0,1.7000000000000002,-5,154.34
2012,12,15,23,30,0,0,0,1.6,-5,163.79
2012,12,16,0,30,0,0,0,1.5,-5,165.9
2012,12,16,1,30,0,0,0,1.2000000000000002,-6,158.38
2012,12,16,2,30,0,0,0,1,-6,147.38
2012,12,16,3,30,0,0,0,1.2000000000000002,-5,135.53
2012,12,16,4,30,0,0,0,1.4000000000000001,-5,123.55
2012,12,16,5,30,0,0,0,1.3,-5,111.73
2012,12,16,6,30,0,0,0,1.3,-5,100.3
2012,12,16,7,30,0,0,0,1.7000000000000002,-4,89.5
2012,12,16,8,30,13,13,0,2.7,-2,79.66
2012,12,16,9,30,69,69,0,3.8000000000000003,0,71.23
2012,12,16,10,30,134,134,0,4.4,0,64.79
2012,12,16,11,30,286,226,123,4.6000000000000005,0,60.99
2012,12,16,12,30,442,152,586,4.5,1,60.35
2012,12,16,13,30,378,168,462,4.3,1,62.96
2012,12,16,14,30,289,130,433,3.7,1,68.44
2012,12,16,15,30,122,96,105,2.6,0,76.17
2012,12,16,16,30,32,28,53,1.6,-2,85.52
2012,12,16,17,30,0,0,0,1.4000000000000001,-3,95.99000000000001
2012,12,16,18,30,0,0,0,1.2000000000000002,-4,107.2
2012,12,16,19,30,0,0,0,1,-4,118.9
2012,12,16,20,30,0,0,0,0.8,-4,130.85
2012,12,16,21,30,0,0,0,0.8,-4,142.8
2012,12,16,22,30,0,0,0,0.8,-4,154.28
2012,12,16,23,30,0,0,0,0.7000000000000001,-5,163.77
2012,12,17,0,30,0,0,0,0.6000000000000001,-5,165.97
2012,12,17,1,30,0,0,0,0.6000000000000001,-6,158.48
2012,12,17,2,30,0,0,0,0.7000000000000001,-6,147.49
2012,12,17,3,30,0,0,0,0.9,-6,135.65
2012,12,17,4,30,0,0,0,1.1,-7,123.66
2012,12,17,5,30,0,0,0,1.2000000000000002,-7,111.84
2012,12,17,6,30,0,0,0,1.5,-7,100.41
2012,12,17,7,30,0,0,0,1.8,-6,89.60000000000001
2012,12,17,8,30,158,40,667,1.9000000000000001,-3,79.76
2012,12,17,9,30,322,54,837,1.6,0,71.32000000000001
2012,12,17,10,30,449,63,908,1.2000000000000002,1,64.87
2012,12,17,11,30,521,70,931,1.4000000000000001,2,61.050000000000004
2012,12,17,12,30,533,71,933,1.9000000000000001,3,60.38
2012,12,17,13,30,113,113,0,2.1,4,62.96
2012,12,17,14,30,84,84,0,1.8,4,68.42
2012,12,17,15,30,77,77,0,1.2000000000000002,3,76.13
2012,12,17,16,30,57,25,410,0.9,1,85.46000000000001
2012,12,17,17,30,0,0,0,0.9,0,95.92
2012,12,17,18,30,0,0,0,1.1,-1,107.13
2012,12,17,19,30,0,0,0,1.1,-1,118.82000000000001
2012,12,17,20,30,0,0,0,1.1,-2,130.77
2012,12,17,21,30,0,0,0,1,-2,142.72
2012,12,17,22,30,0,0,0,0.9,-3,154.20000000000002
2012,12,17,23,30,0,0,0,1,-3,163.73
2012,12,18,0,30,0,0,0,1.2000000000000002,-3,166.03
2012,12,18,1,30,0,0,0,1.4000000000000001,-2,158.59
2012,12,18,2,30,0,0,0,1.2000000000000002,-2,147.6
2012,12,18,3,30,0,0,0,1.2000000000000002,-2,135.76
2012,12,18,4,30,0,0,0,1.1,-3,123.78
2012,12,18,5,30,0,0,0,1.1,-2,111.95
2012,12,18,6,30,0,0,0,1.1,-2,100.51
2012,12,18,7,30,0,0,0,1.5,-1,89.71000000000001
2012,12,18,8,30,31,31,0,2.2,0,79.86
2012,12,18,9,30,175,136,122,2.6,2,71.41
2012,12,18,10,30,189,173,37,2.6,3,64.93
2012,12,18,11,30,359,215,298,2.6,4,61.09
2012,12,18,12,30,329,233,194,2.7,5,60.39
2012,12,18,13,30,194,181,28,2.7,5,62.95
2012,12,18,14,30,93,93,0,2.2,4,68.38
2012,12,18,15,30,37,37,0,1.7000000000000002,3,76.08
2012,12,18,16,30,10,10,0,1.7000000000000002,2,85.39
2012,12,18,17,30,0,0,0,1.9000000000000001,1,95.84
2012,12,18,18,30,0,0,0,2.3000000000000003,1,107.04
2012,12,18,19,30,0,0,0,3.1,1,118.73
2012,12,18,20,30,0,0,0,3.9000000000000004,1,130.68
2012,12,18,21,30,0,0,0,4.4,1,142.63
2012,12,18,22,30,0,0,0,5.1000000000000005,1,154.13
2012,12,18,23,30,0,0,0,5.300000000000001,2,163.69
2012,12,19,0,30,0,0,0,4.2,1,166.07
2012,12,19,1,30,0,0,0,2.8000000000000003,1,158.68
2012,12,19,2,30,0,0,0,2.6,0,147.71
2012,12,19,3,30,0,0,0,3.6,0,135.87
2012,12,19,4,30,0,0,0,3.9000000000000004,0,123.88000000000001
2012,12,19,5,30,0,0,0,3.5,-1,112.06
2012,12,19,6,30,0,0,0,3.8000000000000003,-2,100.62
2012,12,19,7,30,0,0,0,5.300000000000001,-3,89.8
2012,12,19,8,30,36,36,0,7.2,-4,79.95
2012,12,19,9,30,25,25,0,8.3,-3,71.48
2012,12,19,10,30,51,51,0,8.8,-2,64.99
2012,12,19,11,30,116,116,0,9.200000000000001,-2,61.13
2012,12,19,12,30,132,132,0,9.1,-2,60.4
2012,12,19,13,30,215,193,49,8.6,-2,62.93
2012,12,19,14,30,157,145,30,7.7,-2,68.34
2012,12,19,15,30,249,49,828,6,-3,76.02
2012,12,19,16,30,68,24,534,4.2,-5,85.32000000000001
2012,12,19,17,30,0,0,0,3.2,-7,95.76
2012,12,19,18,30,0,0,0,2.7,-8,106.96000000000001
2012,12,19,19,30,0,0,0,2.5,-9,118.64
2012,12,19,20,30,0,0,0,2.3000000000000003,-10,130.59
2012,12,19,21,30,0,0,0,2.2,-11,142.54
2012,12,19,22,30,0,0,0,2.1,-11,154.05
2012,12,19,23,30,0,0,0,2,-11,163.64000000000001
2012,12,20,0,30,0,0,0,2,-12,166.11
2012,12,20,1,30,0,0,0,1.9000000000000001,-12,158.77
2012,12,20,2,30,0,0,0,1.8,-11,147.81
2012,12,20,3,30,0,0,0,1.6,-11,135.97
2012,12,20,4,30,0,0,0,1.2000000000000002,-10,123.99000000000001
2012,12,20,5,30,0,0,0,0.7000000000000001,-9,112.16
2012,12,20,6,30,0,0,0,0.4,-9,100.72
2012,12,20,7,30,0,0,0,0.4,-8,89.9
2012,12,20,8,30,168,39,743,0.6000000000000001,-7,80.03
2012,12,20,9,30,343,57,903,1,-5,71.56
2012,12,20,10,30,479,69,973,1.8,-3,65.05
2012,12,20,11,30,558,78,995,2.1,-1,61.15
2012,12,20,12,30,573,80,999,2.2,0,60.4
2012,12,20,13,30,521,77,976,2.1,0,62.9
2012,12,20,14,30,409,67,924,1.9000000000000001,0,68.3
2012,12,20,15,30,248,52,807,1.6,-1,75.95
2012,12,20,16,30,68,26,505,1.4000000000000001,-4,85.25
2012,12,20,17,30,0,0,0,1.6,-6,95.68
2012,12,20,18,30,0,0,0,2,-7,106.87
2012,12,20,19,30,0,0,0,2.5,-8,118.55
2012,12,20,20,30,0,0,0,2.9000000000000004,-8,130.49
2012,12,20,21,30,0,0,0,3.1,-8,142.44
2012,12,20,22,30,0,0,0,3.4000000000000004,-7,153.96
2012,12,20,23,30,0,0,0,3.5,-7,163.58
2012,12,21,0,30,0,0,0,3.6,-7,166.15
2012,12,21,1,30,0,0,0,3.7,-6,158.86
2012,12,21,2,30,0,0,0,3.8000000000000003,-6,147.91
2012,12,21,3,30,0,0,0,3.8000000000000003,-6,136.07
2012,12,21,4,30,0,0,0,3.7,-6,124.09
2012,12,21,5,30,0,0,0,3.6,-6,112.26
2012,12,21,6,30,0,0,0,3.4000000000000004,-6,100.81
2012,12,21,7,30,0,0,0,3.6,-4,89.98
2012,12,21,8,30,163,41,714,4.1000000000000005,-1,80.11
2012,12,21,9,30,339,59,888,4.5,1,71.62
2012,12,21,10,30,476,70,965,4.6000000000000005,2,65.09
2012,12,21,11,30,555,86,972,4.3,4,61.18
2012,12,21,12,30,570,90,971,3.9000000000000004,5,60.4
2012,12,21,13,30,519,88,944,3.5,5,62.870000000000005
2012,12,21,14,30,408,75,897,2.8000000000000003,5,68.24
2012,12,21,15,30,247,59,771,2.1,2,75.88
2012,12,21,16,30,66,29,441,2,0,85.16
2012,12,21,17,30,0,0,0,2.4000000000000004,-1,95.59
2012,12,21,18,30,0,0,0,2.9000000000000004,-2,106.77
2012,12,21,19,30,0,0,0,3.1,-2,118.45
2012,12,21,20,30,0,0,0,3.1,-3,130.39000000000001
2012,12,21,21,30,0,0,0,3.1,-3,142.35
2012,12,21,22,30,0,0,0,3.1,-3,153.87
2012,12,21,23,30,0,0,0,3,-3,163.52
2012,12,22,0,30,0,0,0,2.7,-3,166.17000000000002
2012,12,22,1,30,0,0,0,2.6,-3,158.94
2012,12,22,2,30,0,0,0,2.5,-3,148
2012,12,22,3,30,0,0,0,2.4000000000000004,-3,136.17000000000002
2012,12,22,4,30,0,0,0,2.3000000000000003,-3,124.19
2012,12,22,5,30,0,0,0,2.2,-2,112.35000000000001
2012,12,22,6,30,0,0,0,2.2,-2,100.9
2012,12,22,7,30,0,0,0,2.4000000000000004,-1,90.07000000000001
2012,12,22,8,30,93,64,173,2.9000000000000004,0,80.18
2012,12,22,9,30,238,108,414,3,2,71.68
2012,12,22,10,30,357,140,516,2.7,3,65.13
2012,12,22,11,30,461,106,736,2.2,4,61.19
2012,12,22,12,30,466,122,695,2,5,60.38
2012,12,22,13,30,397,147,547,1.8,6,62.83
2012,12,22,14,30,309,118,515,1.4000000000000001,5,68.18
2012,12,22,15,30,177,81,392,1.1,3,75.81
2012,12,22,16,30,49,31,209,1.3,1,85.08
2012,12,22,17,30,0,0,0,1.5,0,95.49
2012,12,22,18,30,0,0,0,1.6,-1,106.67
2012,12,22,19,30,0,0,0,1.7000000000000002,-1,118.35000000000001
2012,12,22,20,30,0,0,0,1.8,-2,130.29
2012,12,22,21,30,0,0,0,1.7000000000000002,-2,142.24
2012,12,22,22,30,0,0,0,1.6,-2,153.77
2012,12,22,23,30,0,0,0,1.6,-2,163.45000000000002
2012,12,23,0,30,0,0,0,1.7000000000000002,-2,166.19
2012,12,23,1,30,0,0,0,2,-1,159.01
2012,12,23,2,30,0,0,0,2.2,-1,148.09
2012,12,23,3,30,0,0,0,2.2,-2,136.26
2012,12,23,4,30,0,0,0,2.1,-2,124.28
2012,12,23,5,30,0,0,0,1.9000000000000001,-2,112.44
2012,12,23,6,30,0,0,0,1.4000000000000001,-2,100.99000000000001
2012,12,23,7,30,0,0,0,1.1,-1,90.14
2012,12,23,8,30,150,44,623,1.2000000000000002,0,80.25
2012,12,23,9,30,322,64,824,0.9,2,71.73
2012,12,23,10,30,458,76,911,0.9,4,65.16
2012,12,23,11,30,537,89,928,1.7000000000000002,5,61.2
2012,12,23,12,30,554,91,936,2.2,6,60.36
2012,12,23,13,30,506,86,919,1.7000000000000002,6,62.78
2012,12,23,14,30,397,76,862,0.9,5,68.11
2012,12,23,15,30,239,61,723,0.7000000000000001,4,75.72
2012,12,23,16,30,66,30,405,0.8,2,84.98
2012,12,23,17,30,0,0,0,1,1,95.39
2012,12,23,18,30,0,0,0,1.2000000000000002,0,106.57000000000001
2012,12,23,19,30,0,0,0,1.3,0,118.24000000000001
2012,12,23,20,30,0,0,0,1.3,0,130.18
2012,12,23,21,30,0,0,0,1.5,0,142.14000000000001
2012,12,23,22,30,0,0,0,1.8,0,153.67000000000002
2012,12,23,23,30,0,0,0,1.9000000000000001,0,163.37
2012,12,24,0,30,0,0,0,1.7000000000000002,0,166.19
2012,12,24,1,30,0,0,0,1.4000000000000001,0,159.08
2012,12,24,2,30,0,0,0,1.2000000000000002,0,148.18
2012,12,24,3,30,0,0,0,1.2000000000000002,0,136.35
2012,12,24,4,30,0,0,0,1.2000000000000002,-1,124.37
2012,12,24,5,30,0,0,0,1.2000000000000002,-1,112.53
2012,12,24,6,30,0,0,0,1.2000000000000002,-1,101.07000000000001
2012,12,24,7,30,0,0,0,1.5,0,90.22
2012,12,24,8,30,148,42,631,2.1,1,80.31
2012,12,24,9,30,48,48,0,2.7,3,71.78
2012,12,24,10,30,204,180,58,3.4000000000000004,4,65.19
2012,12,24,11,30,51,51,0,4.5,5,61.2
2012,12,24,12,30,84,84,0,5.800000000000001,5,60.33
2012,12,24,13,30,339,200,304,6,4,62.730000000000004
2012,12,24,14,30,162,149,34,4.800000000000001,3,68.04
2012,12,24,15,30,97,93,19,3.3000000000000003,2,75.63
2012,12,24,16,30,30,30,1,2.6,0,84.89
2012,12,24,17,30,0,0,0,3.3000000000000003,0,95.29
2012,12,24,18,30,0,0,0,4.6000000000000005,0,106.46000000000001
2012,12,24,19,30,0,0,0,5.300000000000001,0,118.13
2012,12,24,20,30,0,0,0,5.1000000000000005,-1,130.07
2012,12,24,21,30,0,0,0,4.6000000000000005,-2,142.03
2012,12,24,22,30,0,0,0,4.1000000000000005,-3,153.56
2012,12,24,23,30,0,0,0,4,-4,163.29
2012,12,25,0,30,0,0,0,3.9000000000000004,-4,166.19
2012,12,25,1,30,0,0,0,3.8000000000000003,-5,159.14000000000001
2012,12,25,2,30,0,0,0,3.6,-5,148.26
2012,12,25,3,30,0,0,0,3.6,-6,136.44
2012,12,25,4,30,0,0,0,3.6,-6,124.45
2012,12,25,5,30,0,0,0,3.3000000000000003,-7,112.61
2012,12,25,6,30,0,0,0,2.8000000000000003,-7,101.14
2012,12,25,7,30,0,0,0,2.7,-6,90.28
2012,12,25,8,30,152,47,627,3,-4,80.37
2012,12,25,9,30,325,70,820,2.7,-1,71.82000000000001
2012,12,25,10,30,463,83,905,2.2,0,65.2
2012,12,25,11,30,543,94,931,2.5,0,61.19
2012,12,25,12,30,561,97,935,3,1,60.300000000000004
2012,12,25,13,30,513,93,914,3,2,62.67
2012,12,25,14,30,405,80,868,2.4000000000000004,1,67.96000000000001
2012,12,25,15,30,249,61,750,1.5,0,75.54
2012,12,25,16,30,52,34,199,1,-1,84.78
2012,12,25,17,30,0,0,0,0.9,-2,95.18
2012,12,25,18,30,0,0,0,0.8,-2,106.35000000000001
2012,12,25,19,30,0,0,0,0.7000000000000001,-3,118.01
2012,12,25,20,30,0,0,0,0.6000000000000001,-3,129.95
2012,12,25,21,30,0,0,0,0.7000000000000001,-3,141.91
2012,12,25,22,30,0,0,0,0.9,-3,153.45000000000002
2012,12,25,23,30,0,0,0,1.2000000000000002,-3,163.20000000000002
2012,12,26,0,30,0,0,0,1.7000000000000002,-3,166.18
2012,12,26,1,30,0,0,0,2,-3,159.20000000000002
2012,12,26,2,30,0,0,0,2.5,-4,148.33
2012,12,26,3,30,0,0,0,3.1,-4,136.52
2012,12,26,4,30,0,0,0,3.6,-4,124.53
2012,12,26,5,30,0,0,0,4,-4,112.69
2012,12,26,6,30,0,0,0,4,-4,101.21000000000001
2012,12,26,7,30,0,0,0,4,-3,90.35000000000001
2012,12,26,8,30,40,40,0,4.2,-1,80.42
2012,12,26,9,30,100,100,0,4.3,1,71.85000000000001
2012,12,26,10,30,205,180,60,4.2,3,65.21000000000001
2012,12,26,11,30,522,69,940,4,4,61.17
2012,12,26,12,30,352,230,246,3.7,5,60.25
2012,12,26,13,30,349,197,330,3.5,6,62.6
2012,12,26,14,30,171,155,44,2.8000000000000003,5,67.87
2012,12,26,15,30,90,89,2,1.9000000000000001,3,75.44
2012,12,26,16,30,1,1,0,1.6,1,84.67
2012,12,26,17,30,0,0,0,1.5,0,95.06
2012,12,26,18,30,0,0,0,1.5,0,106.23
2012,12,26,19,30,0,0,0,1.8,0,117.9
2012,12,26,20,30,0,0,0,2.2,0,129.83
2012,12,26,21,30,0,0,0,2.7,-1,141.79
2012,12,26,22,30,0,0,0,3.2,-1,153.34
2012,12,26,23,30,0,0,0,3.5,-2,163.1
2012,12,27,0,30,0,0,0,3.1,-2,166.16
2012,12,27,1,30,0,0,0,2.4000000000000004,-3,159.25
2012,12,27,2,30,0,0,0,1.8,-3,148.4
2012,12,27,3,30,0,0,0,1.5,-4,136.6
2012,12,27,4,30,0,0,0,1.3,-4,124.61
2012,12,27,5,30,0,0,0,1.1,-4,112.76
2012,12,27,6,30,0,0,0,1,-5,101.28
2012,12,27,7,30,0,0,0,1.3,-4,90.4
2012,12,27,8,30,137,51,520,2.1,-2,80.46000000000001
2012,12,27,9,30,304,71,748,2.8000000000000003,0,71.87
2012,12,27,10,30,441,76,870,3.2,0,65.22
2012,12,27,11,30,360,214,303,3.4000000000000004,0,61.15
2012,12,27,12,30,70,70,0,3.5,0,60.2
2012,12,27,13,30,130,130,0,3.4000000000000004,0,62.52
2012,12,27,14,30,157,147,25,3.2,0,67.78
2012,12,27,15,30,117,101,60,2.7,0,75.33
2012,12,27,16,30,71,31,428,1.9000000000000001,-1,84.56
2012,12,27,17,30,0,0,0,1.5,-2,94.95
2012,12,27,18,30,0,0,0,1.5,-3,106.11
2012,12,27,19,30,0,0,0,1.5,-4,117.78
2012,12,27,20,30,0,0,0,1.6,-4,129.71
2012,12,27,21,30,0,0,0,1.7000000000000002,-5,141.67000000000002
2012,12,27,22,30,0,0,0,1.8,-6,153.22
2012,12,27,23,30,0,0,0,1.8,-6,163
2012,12,28,0,30,0,0,0,1.9000000000000001,-6,166.13
2012,12,28,1,30,0,0,0,1.9000000000000001,-7,159.29
2012,12,28,2,30,0,0,0,1.8,-7,148.47
2012,12,28,3,30,0,0,0,1.7000000000000002,-8,136.67000000000002
2012,12,28,4,30,0,0,0,1.7000000000000002,-8,124.68
2012,12,28,5,30,0,0,0,1.7000000000000002,-9,112.83
2012,12,28,6,30,0,0,0,1.7000000000000002,-9,101.34
2012,12,28,7,30,0,0,0,2,-8,90.45
2012,12,28,8,30,147,40,648,2.8000000000000003,-5,80.5
2012,12,28,9,30,319,56,846,3.5,-2,71.89
2012,12,28,10,30,455,64,934,4,0,65.21000000000001
2012,12,28,11,30,533,76,945,4.4,0,61.120000000000005
2012,12,28,12,30,553,76,958,4.7,0,60.14
2012,12,28,13,30,509,71,946,4.9,0,62.440000000000005
2012,12,28,14,30,406,62,906,4.7,0,67.67
2012,12,28,15,30,255,49,807,3.9000000000000004,0,75.22
2012,12,28,16,30,80,27,542,2.8000000000000003,-2,84.44
2012,12,28,17,30,0,0,0,2.2,-4,94.82000000000001
2012,12,28,18,30,0,0,0,2,-4,105.99000000000001
2012,12,28,19,30,0,0,0,1.6,-5,117.65
2012,12,28,20,30,0,0,0,1.4000000000000001,-6,129.59
2012,12,28,21,30,0,0,0,1.2000000000000002,-7,141.55
2012,12,28,22,30,0,0,0,1.1,-7,153.09
2012,12,28,23,30,0,0,0,0.9,-8,162.89000000000001
2012,12,29,0,30,0,0,0,0.7000000000000001,-8,166.1
2012,12,29,1,30,0,0,0,0.7000000000000001,-8,159.33
2012,12,29,2,30,0,0,0,1,-9,148.53
2012,12,29,3,30,0,0,0,1.4000000000000001,-9,136.74
2012,12,29,4,30,0,0,0,1.8,-10,124.75
2012,12,29,5,30,0,0,0,2.2,-9,112.89
2012,12,29,6,30,0,0,0,2.5,-9,101.4
2012,12,29,7,30,0,0,0,3,-8,90.5
2012,12,29,8,30,97,58,236,3.7,-6,80.53
2012,12,29,9,30,201,126,241,4.1000000000000005,-4,71.91
2012,12,29,10,30,333,159,413,4.3,-2,65.2
2012,12,29,11,30,340,221,246,4.4,0,61.08
2012,12,29,12,30,295,234,121,4.5,0,60.07
2012,12,29,13,30,317,212,225,4.4,1,62.35
2012,12,29,14,30,264,161,271,4,1,67.57000000000001
2012,12,29,15,30,141,105,141,3.4000000000000004,0,75.10000000000001
2012,12,29,16,30,41,36,55,3,0,84.32000000000001
2012,12,29,17,30,0,0,0,3.5,-1,94.7
2012,12,29,18,30,0,0,0,4,-1,105.86
2012,12,29,19,30,0,0,0,4.1000000000000005,-1,117.52
2012,12,29,20,30,0,0,0,4.2,-2,129.46
2012,12,29,21,30,0,0,0,4.2,-3,141.42000000000002
2012,12,29,22,30,0,0,0,4.1000000000000005,-3,152.97
2012,12,29,23,30,0,0,0,4.1000000000000005,-3,162.77
2012,12,30,0,30,0,0,0,4.1000000000000005,-3,166.05
2012,12,30,1,30,0,0,0,4.3,-3,159.36
2012,12,30,2,30,0,0,0,4.3,-3,148.59
2012,12,30,3,30,0,0,0,4.2,-3,136.8
2012,12,30,4,30,0,0,0,4.2,-3,124.81
2012,12,30,5,30,0,0,0,4.1000000000000005,-3,112.95
2012,12,30,6,30,0,0,0,4.1000000000000005,-3,101.45
2012,12,30,7,30,0,0,0,4.3,-2,90.54
2012,12,30,8,30,40,40,0,4.5,-1,80.56
2012,12,30,9,30,99,99,0,4.7,0,71.91
2012,12,30,10,30,282,187,227,4.800000000000001,1,65.18
2012,12,30,11,30,390,198,397,4.5,2,61.03
2012,12,30,12,30,356,231,249,4,3,60
2012,12,30,13,30,269,215,116,3.2,3,62.25
2012,12,30,14,30,232,170,160,2.4000000000000004,2,67.45
2012,12,30,15,30,146,106,155,1.9000000000000001,1,74.98
2012,12,30,16,30,34,34,0,1.7000000000000002,0,84.19
2012,12,30,17,30,0,0,0,1.8,0,94.57000000000001
2012,12,30,18,30,0,0,0,1.8,0,105.73
2012,12,30,19,30,0,0,0,1.7000000000000002,0,117.39
2012,12,30,20,30,0,0,0,1.5,0,129.33
2012,12,30,21,30,0,0,0,1.5,0,141.29
2012,12,30,22,30,0,0,0,1.4000000000000001,0,152.83
2012,12,30,23,30,0,0,0,1.1,-1,162.65
2012,12,31,0,30,0,0,0,0.5,-1,166
2012,12,31,1,30,0,0,0,0.30000000000000004,-1,159.39000000000001
2012,12,31,2,30,0,0,0,0.9,-2,148.64000000000001
2012,12,31,3,30,0,0,0,1.7000000000000002,-2,136.86
2012,12,31,4,30,0,0,0,2.3000000000000003,-3,124.87
2012,12,31,5,30,0,0,0,2.5,-3,113.01
2012,12,31,6,30,0,0,0,2.6,-4,101.49000000000001
2012,12,31,7,30,0,0,0,3,-3,90.58
2012,12,31,8,30,25,25,0,3.7,-2,80.58
2012,12,31,9,30,16,16,0,4.1000000000000005,-1,71.91
2012,12,31,10,30,197,177,49,4.4,0,65.16
2012,12,31,11,30,179,172,12,4.7,0,60.980000000000004
2012,12,31,12,30,187,180,14,4.9,0,59.92
2012,12,31,13,30,261,214,100,5,0,62.15
2012,12,31,14,30,219,171,123,5,0,67.34
2012,12,31,15,30,234,84,575,4.6000000000000005,0,74.85000000000001
2012,12,31,16,30,72,42,294,4.3,0,84.06
2012,12,31,17,30,0,0,0,1.8,0,94.54
2012,12,31,18,30,0,0,0,1.8,-1,105.7
2012,12,31,19,30,0,0,0,1.7000000000000002,-1,117.36
2012,12,31,20,30,0,0,0,1.6,-1,129.3
2012,12,31,21,30,0,0,0,1.5,-1,141.26
2012,12,31,22,30,0,0,0,1.3,-1,152.8
2012,12,31,23,30,0,0,0,1.1,-1,162.62
