["generation","mean","variance","covariance","_sigma","_p_c","_p_sigma","iteration","num_evaluations","best_score","best_evaluation","best_solution"]
[[[206282.51779280553,206282.56111060397,[1.0483724145643127,5.616158027847671,2.3071471440053783,-2.667507052893171,0.39043773002322935,2.5918759174914023,0.39815941854665754,2.168681572477187,4.769414210459781,0.8495786432697789,0.5130567736719528]],[206202.87091712243,206202.91287478735,[0.987966251500964,0.9643750599600684,3.3464283558630443,-2.463972443675896,0.4669897341888317,-0.7503209871685479,0.4510514560285934,4.9501143976842945,4.101379581106666,0.3477833367476742,0.6624492837067215]],[185778.09814102403,185791.00957093085,[1.745868284403449,6.68441734813859,-0.5212714614013976,-1.3110614135661391,0.8845384334455005,1.6773358793903501,0.6074167863733826,3.2903756070012067,4.760400685490246,0.23381329966002778,0.19473159094227221]],[140522.03708281688,140522.21026407945,[1.1638094110605448,2.933569843244333,2.9056940088140717,3.0033209397462404,0.2917829793381204,0.8211434078608382,0.7128000486845458,2.989467394118313,1.121471339274572,0.2912177746361372,0.38607017588702125]],[116233.76604258265,116234.49761590551,[0.22168352442384448,7.282884102374112,1.9865471944287647,2.702705191589933,0.7554628433195865,-0.305488085275146,0.6494369391183427,2.751696725357463,3.6075981543826683,0.37578095264201594,0.17792920446842908]]],[1.0483724145643127,5.616158027847671,2.3071471440053783,-2.667507052893171,0.39043773002322935,2.5918759174914023,0.39815941854665754,2.168681572477187,4.769414210459781,0.8495786432697789,0.5130567736719528],[3.9548349082402603,24.68097897535794,9.753270542584946,9.056108377263625,0.24701083821777736,9.04636450839656,0.2469708511890663,15.87202764158992,15.804376198054289,0.2497103353934512,0.2467209664042008],[[3.9548349082402603,0.00827682409972868,0.009891368633193178,-0.03583250670076596,-0.0014717452270035253,0.03481655693481086,-0.001368020119526537,-0.024600021114949005,0.010335507762598896,0.0046958747733480445,0.00017539107519254607],[0.00827682409972868,24.68097897535794,0.01111406414304206,-0.04026184774287743,-0.0016536711411444698,0.039120314019521644,-0.001537124327402778,-0.027640888003531015,0.011613104362419314,0.005276342978821421,0.00019707158150649023],[0.009891368633193178,0.01111406414304206,9.753270542584946,-0.048115650771332945,-0.0019762496650942932,0.04675144020833406,-0.0018369682832680234,-0.03303274411748037,0.01387845082127561,0.006305589294859377,0.00023551396481543804],[-0.03583250670076596,-0.04026184774287743,-0.048115650771332945,9.056108377263625,0.007159168967704043,-0.16936193126135535,0.006654607745424474,0.11966453468959358,-0.05027612461846633,-0.022842649893979952,-0.0008531737149147992],[-0.0014717452270035253,-0.0016536711411444698,-0.0019762496650942932,0.007159168967704043,0.24701083821777736,-0.006956186907366732,0.0002733240872232866,0.004914970343597045,-0.002064986607199338,-0.0009382140421914423,-3.504232492626258e-05],[0.03481655693481086,0.039120314019521644,0.04675144020833406,-0.16936193126135535,-0.006956186907366732,9.04636450839656,-0.006465931378517033,-0.11627171718379457,0.048850658701001824,0.022194998167926208,0.0008289839019266889],[-0.001368020119526537,-0.001537124327402778,-0.0018369682832680234,0.006654607745424474,0.0002733240872232866,-0.006465931378517033,0.2469708511890663,0.004568574909263768,-0.0019194512564875946,-0.0008720909452197856,-3.257262510829849e-05],[-0.024600021114949005,-0.027640888003531015,-0.03303274411748037,0.11966453468959358,0.004914970343597045,-0.11627171718379457,0.004568574909263768,15.87202764158992,-0.03451597002466036,-0.015682119992495042,-0.0005857276906941845],[0.010335507762598896,0.011613104362419314,0.01387845082127561,-0.05027612461846633,-0.002064986607199338,0.048850658701001824,-0.0019194512564875946,-0.03451597002466036,15.804376198054289,0.006588720886013591,0.00024608893893428757],[0.0046958747733480445,0.005276342978821421,0.006305589294859377,-0.022842649893979952,-0.0009382140421914423,0.022194998167926208,-0.0008720909452197856,-0.015682119992495042,0.006588720886013591,0.2497103353934512,0.00011180900511954417],[0.00017539107519254607,0.00019707158150649023,0.00023551396481543804,-0.0008531737149147992,-3.504232492626258e-05,0.0008289839019266889,-3.257262510829849e-05,-0.0005857276906941845,0.00024608893893428757,0.00011180900511954417,0.2467209664042008]],0.46765206918499286,[[0.7489353029164845],[0.8415129699716128],[1.0056653246835705],[-3.6431267321819414],[-0.14963380665029244],[3.539834105132048],[-0.13908797141181656],[-2.5011087079262353],[1.0508213934079336],[0.4774342766646962],[0.017832185728899583]],[[0.3110771795894517],[0.13981206668576737],[0.2659239474915017],[-1.0088041733563649],[-0.2486071219382588],[0.9802018103574618],[-0.23108588254882143],[-0.5194292749176705],[0.21823417459468425],[0.7932269056930561],[0.029627050672385958]],1,5,206282.51779280553,206282.56111060397,{"border_spacing":5.616158027847671,"border_offset":1.0,"grid_angle":2.3071471440053783,"grid_aspect_power":-2.667507052893171,"row_phase_offset":0.39043773002322935,"solar_x_position":0.8495786432697789,"solar_y_position":0.5130567736719528,"solar_aspect_power":2.5918759174914023,"solar_gcr":0.39815941854665754,"solar_s_buffer":2.168681572477187,"solar_x_buffer":4.769414210459781}]
[[[207715.4366549212,207718.866183886,[0.0683841142283168,6.2373836025112634,2.5929762060400283,-4.891192338480212,0.37194387029978404,2.6324457144774644,0.28124766853599953,5.1965295904757305,5.194956222129633,0.7037823711598191,0.3302965490292592]],[205564.25902050702,205564.8253027259,[1.2693016747853898,7.762979653926676,2.6119337506741407,-4.698429899873934,0.4088884070680188,1.145209518638417,0.45714892866393125,2.228615635854506,2.6073375667193233,0.8743365591284878,0.6519542755667465]],[193426.20482009405,193426.4835707086,[0.8225363543227678,3.7640797686746437,1.442882764392469,-4.52796838404878,0.6149242855799935,2.7323847346029435,0.7940810815362592,3.8149111618815197,3.035598715956371,0.5279009932042861,0.557351807123235]],[190080.26719293674,190107.36300495508,[0.7722503901856599,4.510338483302597,4.54690472825057,-4.349203167750382,0.555546141208946,0.6028624411156784,0.8439552998292902,4.856971962705304,6.0238369210358815,0.9519865494930164,0.23904886814012533]],[188256.86145249117,188263.3612954618,[0.3920934927620289,9.383196264342946,1.02140537711209,-5.272985941787843,0.5914365076276897,0.8754312908981543,0.9511223738498189,2.0294633343592046,7.3384293537920655,0.991749038244045,0.297219639534191]]],[0.0683841142283168,6.2373836025112634,2.5929762060400283,-4.891192338480212,0.37194387029978404,2.6324457144774644,0.28124766853599953,5.1965295904757305,5.194956222129633,0.7037823711598191,0.3302965490292592],[3.9131562790919423,24.3872648292575,9.642612528160884,9.395647837347909,0.24387643858737515,9.019453507465004,0.24411131306448533,15.751961261206617,15.622159065481858,0.24661497894352655,0.24431490484122198],[[3.9131562790919423,-0.00949730265142699,-0.0036111036696377698,0.0332218105370389,-0.00039223945020475494,0.0036544618202020707,0.0006345244808670554,-0.054388831255268444,-0.005923794635538111,0.003260062558304285,0.0030983846590276433],[-0.00949730265142699,24.3872648292575,0.03399362819945689,-0.1578238074873886,-0.003457417557736861,0.09147562189877262,-0.004934078664470574,0.024570168797616268,0.03922291160224801,0.007573112268134208,-0.004842430941028029],[-0.0036111036696377698,0.03399362819945689,9.642612528160884,-0.13687736277903134,-0.003332155587358542,0.08615887061365254,-0.004399588790556232,0.006649579804137676,0.03471201414514816,0.008013867156718056,-0.003580477916805746],[0.0332218105370389,-0.1578238074873886,-0.13687736277903134,9.395647837347909,0.014152275200805068,-0.3723950289097837,0.019833821051941206,-0.08320034194731069,-0.15739946333287447,-0.031728592359448964,0.018713197670408414],[-0.00039223945020475494,-0.003457417557736861,-0.003332155587358542,0.014152275200805068,0.24387643858737515,-0.010037730344793515,0.0004748117557044413,0.0017388003811132013,-0.003704002517896262,-0.0010678901225081939,0.00026770456058495596],[0.0036544618202020707,0.09147562189877262,0.08615887061365254,-0.3723950289097837,-0.010037730344793515,9.019453507465004,-0.0123204593045449,-0.024625954456694965,0.09646370105344762,0.02601604514591376,-0.007936727477554372],[0.0006345244808670554,-0.004934078664470574,-0.004399588790556232,0.019833821051941206,0.0004748117557044413,-0.0123204593045449,0.24411131306448533,-0.001316163998600458,-0.005013132200022304,-0.0011264473363438957,0.0005337147619485892],[-0.054388831255268444,0.024570168797616268,0.006649579804137676,-0.08320034194731069,0.0017388003811132013,-0.024625954456694965,-0.001316163998600458,15.751961261206617,0.013260013121664728,-0.011443060718464914,-0.009163785442661738],[-0.005923794635538111,0.03922291160224801,0.03471201414514816,-0.15739946333287447,-0.003704002517896262,0.09646370105344762,-0.005013132200022304,0.013260013121664728,15.622159065481858,0.008661742018645585,-0.004354429126731012],[0.003260062558304285,0.007573112268134208,0.008013867156718056,-0.031728592359448964,-0.0010678901225081939,0.02601604514591376,-0.0011264473363438957,-0.011443060718464914,0.008661742018645585,0.24661497894352655,-0.0002814662132328189],[0.0030983846590276433,-0.004842430941028029,-0.003580477916805746,0.018713197670408414,0.00026770456058495596,-0.007936727477554372,0.0005337147619485892,-0.009163785442661738,-0.004354429126731012,-0.0002814662132328189,0.24431490484122198]],0.44493004361682903,[[-0.8838640685883797],[1.5218788784064219],[1.152048624956691],[-5.908497318725084],[-0.09133443140897037],[2.645227087125661],[-0.17097169558978756],[2.594142075388941],[1.3890473851984404],[0.1183825093243921],[-0.2520146993553716]],[[-0.3429238202111787],[0.2666185509023473],[0.3295223425310504],[-1.7336656060258848],[-0.17402109667133292],[0.8215947569761287],[-0.3057119101423029],[0.4975227254833167],[0.3092125531061798],[0.2658500458274508],[-0.41894869810686053]],2,10,207715.4366549212,207718.866183886,{"border_spacing":6.2373836025112634,"border_offset":0.0683841142283168,"grid_angle":2.5929762060400283,"grid_aspect_power":-4,"row_phase_offset":0.37194387029978404,"solar_x_position":0.7037823711598191,"solar_y_position":0.3302965490292592,"solar_aspect_power":2.6324457144774644,"solar_gcr":0.28124766853599953,"solar_s_buffer":5.1965295904757305,"solar_x_buffer":5.194956222129633}]
[[[204420.03682689994,204420.03840662283,[0.5089041741834457,8.407239136589656,1.94560605473766,-2.57292072869795,0.41645685841261093,3.8692082298146726,0.2941564208131114,2.1362746315882792,4.874150701314747,0.7648223633981016,0.537147740187641]],[203900.6880393842,203902.30861141227,[-0.761004605349453,-0.2988701788162329,4.076118238870354,-3.128168894294702,0.08396050121643683,1.9874726746338887,0.17296749169773518,9.274473119799753,3.0862382993318263,0.7853389363639535,0.4935383169121304]],[203142.47786566362,203146.10198106326,[-0.005822203204844098,1.8462376170584491,3.7077184440019506,-5.816958149263385,0.43315798333055977,1.8209041176523897,0.4814705302251645,3.5921726462989207,7.162593773516102,0.6364527238985859,0.7005768234450038]],[179484.77208084523,179508.0568060802,[0.47378145801073174,4.563690492699132,1.772258216051212,-5.900231868297267,0.35019873989633665,3.0955401896713286,0.609331154470069,4.568643590956176,4.842218638905109,0.5809259769524835,0.25486825440692223]],[170347.5229952517,170402.5786992542,[1.0724052744102757,4.530523198484471,3.8786205237184666,-4.510369332800989,0.32216358738135786,3.5726757083981484,0.26588178465035595,7.344478922564228,6.211723999911275,0.5418708234340556,0.21416467701734013]]],[0.5089041741834457,8.407239136589656,1.94560605473766,-2.57292072869795,0.41645685841261093,3.8692082298146726,0.2941564208131114,2.1362746315882792,4.874150701314747,0.7648223633981016,0.537147740187641],[3.8617775703209984,24.32612536369871,9.516280900321503,9.279808805887347,0.24067368205163814,9.093707482735438,0.24105047462923837,15.6481802159257,15.420579558067333,0.24380251418037105,0.24133994070726952],[[3.8617775703209984,-0.007598814062115277,-0.003624357563809807,0.03248269846994524,-0.00038645156245700556,0.005136073006521578,0.000584227971401535,-0.054793305201823884,-0.005637403440082832,0.0032891911377649534,0.0031109483304199363],[-0.007598814062115277,24.32612536369871,0.02468256235225002,-0.19999039793379664,-0.00331899865354406,0.3137391033871271,-0.010999847283525883,-0.13919479879994415,0.06918210521813868,0.017983958292361515,0.0030012480426356465],[-0.003624357563809807,0.02468256235225002,9.516280900321503,-0.13356641064241573,-0.0032915767779228694,0.07738293907258828,-0.004132091515614352,0.012153385738444437,0.03321366332450703,0.007549079481702034,-0.0037996019501737957],[0.03248269846994524,-0.19999039793379664,-0.13356641064241573,9.279808805887347,0.013950536507301381,-0.4056541788230198,0.02061995271162301,-0.054204934039297145,-0.16053491260397754,-0.033106217206345816,0.017139229862104616],[-0.00038645156245700556,-0.00331899865354406,-0.0032915767779228694,0.013950536507301381,0.24067368205163814,-0.009825696471533737,0.0004663756369697829,0.0016572993719083848,-0.0036444200701305895,-0.001050093148467383,0.0002669814064294775],[0.005136073006521578,0.3137391033871271,0.07738293907258828,-0.4056541788230198,-0.009825696471533737,9.093707482735438,-0.017445354481230968,-0.16524709281879132,0.12147638918664488,0.0347379455620118,-0.0011233360370829478],[0.000584227971401535,-0.010999847283525883,-0.004132091515614352,0.02061995271162301,0.0004663756369697829,-0.017445354481230968,0.24105047462923837,0.0025678146865008625,-0.005668252097162482,-0.0013603050769575055,0.0003426454852574329],[-0.054793305201823884,-0.13919479879994415,0.012153385738444437,-0.054204934039297145,0.0016572993719083848,-0.16524709281879132,0.0025678146865008625,15.6481802159257,-0.0061349917007276,-0.017921877317417137,-0.0139505220708213],[-0.005637403440082832,0.06918210521813868,0.03321366332450703,-0.16053491260397754,-0.0036444200701305895,0.12147638918664488,-0.005668252097162482,-0.0061349917007276,15.420579558067333,0.009784003528110336,-0.0033823028521254225],[0.0032891911377649534,0.017983958292361515,0.007549079481702034,-0.033106217206345816,-0.001050093148467383,0.0347379455620118,-0.0013603050769575055,-0.017921877317417137,0.009784003528110336,0.24380251418037105,3.778459997045864e-05],[0.0031109483304199363,0.0030012480426356465,-0.0037996019501737957,0.017139229862104616,0.0002669814064294775,-0.0011233360370829478,0.0003426454852574329,-0.0139505220708213,-0.0033823028521254225,3.778459997045864e-05,0.24133994070726952]],0.4142636210912503,[[0.030405587124625266],[4.44204910196675],[-0.15195633034251033],[-0.75834344909372],[0.0015944195436489311],[3.8306034060487293],[-0.1050893449052044],[-2.801705474936864],[0.5223863258190551],[0.18016617205527527],[0.1333651411029533]],[[-0.006624844189690671],[0.7833815902699114],[0.009858474294016484],[-0.4562909394231185],[-0.03200820695360007],[1.2199789238496872],[-0.22630467103141977],[-0.5692623854924079],[0.15500993046468595],[0.3795652709028244],[0.17632665878756]],3,15,207715.4366549212,207718.866183886,{"border_spacing":6.2373836025112634,"border_offset":0.0683841142283168,"grid_angle":2.5929762060400283,"grid_aspect_power":-4,"row_phase_offset":0.37194387029978404,"solar_x_position":0.7037823711598191,"solar_y_position":0.3302965490292592,"solar_aspect_power":2.6324457144774644,"solar_gcr":0.28124766853599953,"solar_s_buffer":5.1965295904757305,"solar_x_buffer":5.194956222129633}]
